longitude,latitude,val
-16.0125,12.45,
-16.0125,12.4875,
-16.0125,12.524999999999999,
-16.0125,12.5625,
-16.0125,12.599999999999998,
-16.0125,12.6375,
-16.0125,12.675,0.0
-16.0125,12.712499999999999,
-16.0125,12.75,0.0
-16.0125,12.787499999999998,
-16.0125,12.825,
-16.0125,12.8625,
-16.0125,12.899999999999999,
-16.0125,12.9375,
-16.0125,12.974999999999998,
-16.0125,13.0125,
-16.0125,13.05,
-16.0125,13.087499999999999,
-16.0125,13.125,
-16.0125,13.162499999999998,
-16.0125,13.2,
-16.0125,13.2375,
-16.0125,13.274999999999999,
-16.0125,13.3125,
-16.0125,13.349999999999998,
-16.0125,13.3875,
-16.0125,13.425,
-16.0125,13.462499999999999,
-16.0125,13.5,
-16.0125,13.537499999999998,
-16.0125,13.575,
-16.0125,13.6125,
-16.0125,13.649999999999999,
-16.0125,13.6875,
-16.0125,13.724999999999998,
-16.0125,13.7625,
-16.0125,13.8,
-16.0125,13.837499999999999,
-16.0125,13.875,
-16.0125,13.912499999999998,
-16.0125,13.95,
-16.0125,13.9875,
-16.0125,14.024999999999999,
-16.0125,14.0625,
-16.0125,14.099999999999998,
-16.0125,14.1375,
-16.0125,14.175,
-16.0125,14.212499999999999,
-16.0125,14.25,
-16.0125,14.287499999999998,
-16.0125,14.325,
-16.0125,14.3625,
-16.0125,14.399999999999999,
-16.0125,14.4375,
-16.0125,14.474999999999998,
-16.0125,14.5125,
-16.0125,14.55,
-16.0125,14.587499999999999,
-16.0125,14.625,
-16.0125,14.662499999999998,
-16.0125,14.7,
-16.0125,14.7375,
-16.0125,14.774999999999999,
-16.0125,14.8125,
-16.0125,14.849999999999998,
-16.0125,14.8875,
-16.0125,14.925,
-16.0125,14.962499999999999,
-16.0125,15.0,
-16.0125,15.037499999999998,
-16.0125,15.075,
-15.975,12.45,
-15.975,12.4875,
-15.975,12.524999999999999,
-15.975,12.5625,
-15.975,12.599999999999998,
-15.975,12.6375,0.0
-15.975,12.675,0.0
-15.975,12.712499999999999,0.0
-15.975,12.75,0.0
-15.975,12.787499999999998,0.0
-15.975,12.825,0.0
-15.975,12.8625,
-15.975,12.899999999999999,0.0
-15.975,12.9375,0.0
-15.975,12.974999999999998,
-15.975,13.0125,
-15.975,13.05,
-15.975,13.087499999999999,
-15.975,13.125,
-15.975,13.162499999999998,
-15.975,13.2,
-15.975,13.2375,
-15.975,13.274999999999999,
-15.975,13.3125,
-15.975,13.349999999999998,
-15.975,13.3875,
-15.975,13.425,
-15.975,13.462499999999999,
-15.975,13.5,
-15.975,13.537499999999998,
-15.975,13.575,
-15.975,13.6125,
-15.975,13.649999999999999,
-15.975,13.6875,
-15.975,13.724999999999998,
-15.975,13.7625,
-15.975,13.8,
-15.975,13.837499999999999,
-15.975,13.875,
-15.975,13.912499999999998,
-15.975,13.95,
-15.975,13.9875,
-15.975,14.024999999999999,
-15.975,14.0625,
-15.975,14.099999999999998,
-15.975,14.1375,
-15.975,14.175,
-15.975,14.212499999999999,
-15.975,14.25,
-15.975,14.287499999999998,
-15.975,14.325,
-15.975,14.3625,
-15.975,14.399999999999999,
-15.975,14.4375,
-15.975,14.474999999999998,
-15.975,14.5125,
-15.975,14.55,
-15.975,14.587499999999999,
-15.975,14.625,
-15.975,14.662499999999998,
-15.975,14.7,
-15.975,14.7375,
-15.975,14.774999999999999,
-15.975,14.8125,
-15.975,14.849999999999998,
-15.975,14.8875,
-15.975,14.925,
-15.975,14.962499999999999,
-15.975,15.0,
-15.975,15.037499999999998,
-15.975,15.075,
-15.9375,12.45,
-15.9375,12.4875,
-15.9375,12.524999999999999,
-15.9375,12.5625,0.0
-15.9375,12.599999999999998,0.0
-15.9375,12.6375,0.0
-15.9375,12.675,0.0
-15.9375,12.712499999999999,0.0
-15.9375,12.75,0.0
-15.9375,12.787499999999998,0.0
-15.9375,12.825,0.0
-15.9375,12.8625,0.0
-15.9375,12.899999999999999,0.0
-15.9375,12.9375,0.0
-15.9375,12.974999999999998,0.0
-15.9375,13.0125,
-15.9375,13.05,
-15.9375,13.087499999999999,
-15.9375,13.125,
-15.9375,13.162499999999998,
-15.9375,13.2,
-15.9375,13.2375,
-15.9375,13.274999999999999,
-15.9375,13.3125,
-15.9375,13.349999999999998,
-15.9375,13.3875,
-15.9375,13.425,
-15.9375,13.462499999999999,
-15.9375,13.5,
-15.9375,13.537499999999998,
-15.9375,13.575,
-15.9375,13.6125,
-15.9375,13.649999999999999,
-15.9375,13.6875,
-15.9375,13.724999999999998,
-15.9375,13.7625,
-15.9375,13.8,
-15.9375,13.837499999999999,
-15.9375,13.875,
-15.9375,13.912499999999998,
-15.9375,13.95,
-15.9375,13.9875,
-15.9375,14.024999999999999,
-15.9375,14.0625,
-15.9375,14.099999999999998,
-15.9375,14.1375,
-15.9375,14.175,
-15.9375,14.212499999999999,
-15.9375,14.25,
-15.9375,14.287499999999998,
-15.9375,14.325,
-15.9375,14.3625,
-15.9375,14.399999999999999,
-15.9375,14.4375,
-15.9375,14.474999999999998,
-15.9375,14.5125,
-15.9375,14.55,
-15.9375,14.587499999999999,
-15.9375,14.625,
-15.9375,14.662499999999998,
-15.9375,14.7,
-15.9375,14.7375,
-15.9375,14.774999999999999,
-15.9375,14.8125,
-15.9375,14.849999999999998,
-15.9375,14.8875,
-15.9375,14.925,
-15.9375,14.962499999999999,
-15.9375,15.0,
-15.9375,15.037499999999998,
-15.9375,15.075,
-15.899999999999999,12.45,
-15.899999999999999,12.4875,0.0
-15.899999999999999,12.524999999999999,0.0
-15.899999999999999,12.5625,0.0
-15.899999999999999,12.599999999999998,0.0
-15.899999999999999,12.6375,0.0
-15.899999999999999,12.675,0.0
-15.899999999999999,12.712499999999999,0.0
-15.899999999999999,12.75,0.0
-15.899999999999999,12.787499999999998,0.0
-15.899999999999999,12.825,0.0
-15.899999999999999,12.8625,0.0
-15.899999999999999,12.899999999999999,0.0
-15.899999999999999,12.9375,0.0
-15.899999999999999,12.974999999999998,-4.0
-15.899999999999999,13.0125,-4.0
-15.899999999999999,13.05,-4.0
-15.899999999999999,13.087499999999999,
-15.899999999999999,13.125,-4.0
-15.899999999999999,13.162499999999998,
-15.899999999999999,13.2,
-15.899999999999999,13.2375,
-15.899999999999999,13.274999999999999,
-15.899999999999999,13.3125,
-15.899999999999999,13.349999999999998,
-15.899999999999999,13.3875,
-15.899999999999999,13.425,
-15.899999999999999,13.462499999999999,
-15.899999999999999,13.5,
-15.899999999999999,13.537499999999998,
-15.899999999999999,13.575,
-15.899999999999999,13.6125,
-15.899999999999999,13.649999999999999,
-15.899999999999999,13.6875,
-15.899999999999999,13.724999999999998,
-15.899999999999999,13.7625,
-15.899999999999999,13.8,
-15.899999999999999,13.837499999999999,
-15.899999999999999,13.875,
-15.899999999999999,13.912499999999998,
-15.899999999999999,13.95,
-15.899999999999999,13.9875,
-15.899999999999999,14.024999999999999,
-15.899999999999999,14.0625,
-15.899999999999999,14.099999999999998,
-15.899999999999999,14.1375,
-15.899999999999999,14.175,
-15.899999999999999,14.212499999999999,
-15.899999999999999,14.25,
-15.899999999999999,14.287499999999998,
-15.899999999999999,14.325,
-15.899999999999999,14.3625,
-15.899999999999999,14.399999999999999,
-15.899999999999999,14.4375,
-15.899999999999999,14.474999999999998,
-15.899999999999999,14.5125,
-15.899999999999999,14.55,
-15.899999999999999,14.587499999999999,
-15.899999999999999,14.625,
-15.899999999999999,14.662499999999998,
-15.899999999999999,14.7,
-15.899999999999999,14.7375,
-15.899999999999999,14.774999999999999,
-15.899999999999999,14.8125,
-15.899999999999999,14.849999999999998,
-15.899999999999999,14.8875,
-15.899999999999999,14.925,
-15.899999999999999,14.962499999999999,
-15.899999999999999,15.0,
-15.899999999999999,15.037499999999998,
-15.899999999999999,15.075,
-15.862499999999999,12.45,0.0
-15.862499999999999,12.4875,0.0
-15.862499999999999,12.524999999999999,0.0
-15.862499999999999,12.5625,0.0
-15.862499999999999,12.599999999999998,0.0
-15.862499999999999,12.6375,0.0
-15.862499999999999,12.675,0.10000000000000017
-15.862499999999999,12.712499999999999,0.0
-15.862499999999999,12.75,0.0
-15.862499999999999,12.787499999999998,0.0
-15.862499999999999,12.825,0.0
-15.862499999999999,12.8625,0.0
-15.862499999999999,12.899999999999999,-4.0
-15.862499999999999,12.9375,0.0
-15.862499999999999,12.974999999999998,0.0
-15.862499999999999,13.0125,-4.0
-15.862499999999999,13.05,-4.0
-15.862499999999999,13.087499999999999,-4.0
-15.862499999999999,13.125,-4.0
-15.862499999999999,13.162499999999998,-4.0
-15.862499999999999,13.2,
-15.862499999999999,13.2375,
-15.862499999999999,13.274999999999999,
-15.862499999999999,13.3125,
-15.862499999999999,13.349999999999998,
-15.862499999999999,13.3875,
-15.862499999999999,13.425,
-15.862499999999999,13.462499999999999,
-15.862499999999999,13.5,
-15.862499999999999,13.537499999999998,
-15.862499999999999,13.575,
-15.862499999999999,13.6125,
-15.862499999999999,13.649999999999999,
-15.862499999999999,13.6875,
-15.862499999999999,13.724999999999998,
-15.862499999999999,13.7625,
-15.862499999999999,13.8,
-15.862499999999999,13.837499999999999,
-15.862499999999999,13.875,
-15.862499999999999,13.912499999999998,
-15.862499999999999,13.95,
-15.862499999999999,13.9875,
-15.862499999999999,14.024999999999999,
-15.862499999999999,14.0625,
-15.862499999999999,14.099999999999998,
-15.862499999999999,14.1375,
-15.862499999999999,14.175,
-15.862499999999999,14.212499999999999,
-15.862499999999999,14.25,
-15.862499999999999,14.287499999999998,
-15.862499999999999,14.325,
-15.862499999999999,14.3625,
-15.862499999999999,14.399999999999999,
-15.862499999999999,14.4375,
-15.862499999999999,14.474999999999998,
-15.862499999999999,14.5125,
-15.862499999999999,14.55,
-15.862499999999999,14.587499999999999,
-15.862499999999999,14.625,
-15.862499999999999,14.662499999999998,
-15.862499999999999,14.7,
-15.862499999999999,14.7375,
-15.862499999999999,14.774999999999999,
-15.862499999999999,14.8125,
-15.862499999999999,14.849999999999998,
-15.862499999999999,14.8875,
-15.862499999999999,14.925,
-15.862499999999999,14.962499999999999,
-15.862499999999999,15.0,
-15.862499999999999,15.037499999999998,
-15.862499999999999,15.075,
-15.825,12.45,0.0
-15.825,12.4875,0.0
-15.825,12.524999999999999,0.0
-15.825,12.5625,0.0
-15.825,12.599999999999998,0.0
-15.825,12.6375,0.0
-15.825,12.675,0.050000000000000086
-15.825,12.712499999999999,0.0
-15.825,12.75,0.0
-15.825,12.787499999999998,0.0
-15.825,12.825,-4.0
-15.825,12.8625,-4.0
-15.825,12.899999999999999,-4.0
-15.825,12.9375,0.0
-15.825,12.974999999999998,-4.0
-15.825,13.0125,-4.0
-15.825,13.05,-4.0
-15.825,13.087499999999999,-4.0
-15.825,13.125,-4.0
-15.825,13.162499999999998,-4.0
-15.825,13.2,
-15.825,13.2375,
-15.825,13.274999999999999,
-15.825,13.3125,
-15.825,13.349999999999998,
-15.825,13.3875,
-15.825,13.425,
-15.825,13.462499999999999,
-15.825,13.5,
-15.825,13.537499999999998,
-15.825,13.575,
-15.825,13.6125,
-15.825,13.649999999999999,
-15.825,13.6875,
-15.825,13.724999999999998,
-15.825,13.7625,
-15.825,13.8,
-15.825,13.837499999999999,
-15.825,13.875,
-15.825,13.912499999999998,
-15.825,13.95,
-15.825,13.9875,
-15.825,14.024999999999999,
-15.825,14.0625,
-15.825,14.099999999999998,
-15.825,14.1375,
-15.825,14.175,
-15.825,14.212499999999999,
-15.825,14.25,
-15.825,14.287499999999998,
-15.825,14.325,
-15.825,14.3625,
-15.825,14.399999999999999,
-15.825,14.4375,
-15.825,14.474999999999998,
-15.825,14.5125,
-15.825,14.55,
-15.825,14.587499999999999,
-15.825,14.625,
-15.825,14.662499999999998,
-15.825,14.7,
-15.825,14.7375,
-15.825,14.774999999999999,
-15.825,14.8125,
-15.825,14.849999999999998,
-15.825,14.8875,
-15.825,14.925,
-15.825,14.962499999999999,
-15.825,15.0,
-15.825,15.037499999999998,
-15.825,15.075,
-15.7875,12.45,0.0
-15.7875,12.4875,0.0
-15.7875,12.524999999999999,0.0
-15.7875,12.5625,0.0
-15.7875,12.599999999999998,0.0
-15.7875,12.6375,0.0
-15.7875,12.675,0.050000000000000086
-15.7875,12.712499999999999,0.0
-15.7875,12.75,0.0
-15.7875,12.787499999999998,-4.0
-15.7875,12.825,-4.0
-15.7875,12.8625,-4.0
-15.7875,12.899999999999999,-4.0
-15.7875,12.9375,0.0
-15.7875,12.974999999999998,-4.0
-15.7875,13.0125,-4.0
-15.7875,13.05,-4.0
-15.7875,13.087499999999999,-4.0
-15.7875,13.125,-3.9499999999999997
-15.7875,13.162499999999998,-4.0
-15.7875,13.2,-4.0
-15.7875,13.2375,-4.0
-15.7875,13.274999999999999,-4.0
-15.7875,13.3125,-3.9
-15.7875,13.349999999999998,
-15.7875,13.3875,
-15.7875,13.425,
-15.7875,13.462499999999999,
-15.7875,13.5,
-15.7875,13.537499999999998,
-15.7875,13.575,
-15.7875,13.6125,
-15.7875,13.649999999999999,
-15.7875,13.6875,
-15.7875,13.724999999999998,
-15.7875,13.7625,
-15.7875,13.8,
-15.7875,13.837499999999999,
-15.7875,13.875,
-15.7875,13.912499999999998,
-15.7875,13.95,
-15.7875,13.9875,
-15.7875,14.024999999999999,
-15.7875,14.0625,
-15.7875,14.099999999999998,
-15.7875,14.1375,
-15.7875,14.175,
-15.7875,14.212499999999999,
-15.7875,14.25,
-15.7875,14.287499999999998,
-15.7875,14.325,
-15.7875,14.3625,
-15.7875,14.399999999999999,
-15.7875,14.4375,
-15.7875,14.474999999999998,
-15.7875,14.5125,
-15.7875,14.55,
-15.7875,14.587499999999999,
-15.7875,14.625,
-15.7875,14.662499999999998,
-15.7875,14.7,
-15.7875,14.7375,
-15.7875,14.774999999999999,
-15.7875,14.8125,
-15.7875,14.849999999999998,
-15.7875,14.8875,
-15.7875,14.925,
-15.7875,14.962499999999999,
-15.7875,15.0,
-15.7875,15.037499999999998,
-15.7875,15.075,
-15.75,12.45,0.0
-15.75,12.4875,0.0
-15.75,12.524999999999999,0.0
-15.75,12.5625,0.0
-15.75,12.599999999999998,0.0
-15.75,12.6375,0.0
-15.75,12.675,-4.9
-15.75,12.712499999999999,-4.9
-15.75,12.75,0.0
-15.75,12.787499999999998,-4.0
-15.75,12.825,-4.0
-15.75,12.8625,-4.0
-15.75,12.899999999999999,-4.0
-15.75,12.9375,-4.0
-15.75,12.974999999999998,0.0
-15.75,13.0125,-4.0
-15.75,13.05,-4.0
-15.75,13.087499999999999,-4.0
-15.75,13.125,-4.0
-15.75,13.162499999999998,-4.0
-15.75,13.2,-4.0
-15.75,13.2375,-4.0
-15.75,13.274999999999999,-4.0
-15.75,13.3125,-3.9
-15.75,13.349999999999998,
-15.75,13.3875,
-15.75,13.425,
-15.75,13.462499999999999,
-15.75,13.5,
-15.75,13.537499999999998,
-15.75,13.575,
-15.75,13.6125,
-15.75,13.649999999999999,
-15.75,13.6875,
-15.75,13.724999999999998,
-15.75,13.7625,
-15.75,13.8,
-15.75,13.837499999999999,
-15.75,13.875,
-15.75,13.912499999999998,
-15.75,13.95,
-15.75,13.9875,
-15.75,14.024999999999999,
-15.75,14.0625,
-15.75,14.099999999999998,
-15.75,14.1375,
-15.75,14.175,
-15.75,14.212499999999999,
-15.75,14.25,
-15.75,14.287499999999998,
-15.75,14.325,
-15.75,14.3625,
-15.75,14.399999999999999,
-15.75,14.4375,
-15.75,14.474999999999998,
-15.75,14.5125,
-15.75,14.55,
-15.75,14.587499999999999,
-15.75,14.625,
-15.75,14.662499999999998,
-15.75,14.7,
-15.75,14.7375,
-15.75,14.774999999999999,
-15.75,14.8125,
-15.75,14.849999999999998,
-15.75,14.8875,
-15.75,14.925,
-15.75,14.962499999999999,
-15.75,15.0,
-15.75,15.037499999999998,
-15.75,15.075,
-15.712499999999999,12.45,0.0
-15.712499999999999,12.4875,0.0
-15.712499999999999,12.524999999999999,0.0
-15.712499999999999,12.5625,0.0
-15.712499999999999,12.599999999999998,0.0
-15.712499999999999,12.6375,0.0
-15.712499999999999,12.675,0.0
-15.712499999999999,12.712499999999999,-3.9499999999999997
-15.712499999999999,12.75,-4.0
-15.712499999999999,12.787499999999998,-4.0
-15.712499999999999,12.825,-4.0
-15.712499999999999,12.8625,-4.0
-15.712499999999999,12.899999999999999,-4.0
-15.712499999999999,12.9375,-4.0
-15.712499999999999,12.974999999999998,0.0
-15.712499999999999,13.0125,-4.0
-15.712499999999999,13.05,0.0
-15.712499999999999,13.087499999999999,-4.0
-15.712499999999999,13.125,-4.0
-15.712499999999999,13.162499999999998,-3.9499999999999997
-15.712499999999999,13.2,-4.0
-15.712499999999999,13.2375,0.0
-15.712499999999999,13.274999999999999,-4.0
-15.712499999999999,13.3125,-3.9499999999999997
-15.712499999999999,13.349999999999998,-3.85
-15.712499999999999,13.3875,
-15.712499999999999,13.425,
-15.712499999999999,13.462499999999999,
-15.712499999999999,13.5,
-15.712499999999999,13.537499999999998,
-15.712499999999999,13.575,
-15.712499999999999,13.6125,
-15.712499999999999,13.649999999999999,
-15.712499999999999,13.6875,
-15.712499999999999,13.724999999999998,
-15.712499999999999,13.7625,
-15.712499999999999,13.8,
-15.712499999999999,13.837499999999999,
-15.712499999999999,13.875,
-15.712499999999999,13.912499999999998,
-15.712499999999999,13.95,
-15.712499999999999,13.9875,
-15.712499999999999,14.024999999999999,
-15.712499999999999,14.0625,
-15.712499999999999,14.099999999999998,
-15.712499999999999,14.1375,
-15.712499999999999,14.175,
-15.712499999999999,14.212499999999999,
-15.712499999999999,14.25,
-15.712499999999999,14.287499999999998,
-15.712499999999999,14.325,
-15.712499999999999,14.3625,
-15.712499999999999,14.399999999999999,
-15.712499999999999,14.4375,
-15.712499999999999,14.474999999999998,
-15.712499999999999,14.5125,
-15.712499999999999,14.55,
-15.712499999999999,14.587499999999999,
-15.712499999999999,14.625,
-15.712499999999999,14.662499999999998,
-15.712499999999999,14.7,
-15.712499999999999,14.7375,
-15.712499999999999,14.774999999999999,
-15.712499999999999,14.8125,
-15.712499999999999,14.849999999999998,
-15.712499999999999,14.8875,
-15.712499999999999,14.925,
-15.712499999999999,14.962499999999999,
-15.712499999999999,15.0,
-15.712499999999999,15.037499999999998,
-15.712499999999999,15.075,
-15.674999999999999,12.45,0.0
-15.674999999999999,12.4875,0.0
-15.674999999999999,12.524999999999999,0.0
-15.674999999999999,12.5625,0.0
-15.674999999999999,12.599999999999998,0.0
-15.674999999999999,12.6375,0.0
-15.674999999999999,12.675,0.0
-15.674999999999999,12.712499999999999,-4.0
-15.674999999999999,12.75,-4.0
-15.674999999999999,12.787499999999998,-4.0
-15.674999999999999,12.825,-4.0
-15.674999999999999,12.8625,-4.0
-15.674999999999999,12.899999999999999,-4.0
-15.674999999999999,12.9375,-4.0
-15.674999999999999,12.974999999999998,0.0
-15.674999999999999,13.0125,0.0
-15.674999999999999,13.05,-4.0
-15.674999999999999,13.087499999999999,-4.0
-15.674999999999999,13.125,-4.0
-15.674999999999999,13.162499999999998,-4.0
-15.674999999999999,13.2,-4.0
-15.674999999999999,13.2375,0.0
-15.674999999999999,13.274999999999999,-4.0
-15.674999999999999,13.3125,-3.9499999999999997
-15.674999999999999,13.349999999999998,-3.9
-15.674999999999999,13.3875,
-15.674999999999999,13.425,
-15.674999999999999,13.462499999999999,
-15.674999999999999,13.5,
-15.674999999999999,13.537499999999998,
-15.674999999999999,13.575,
-15.674999999999999,13.6125,
-15.674999999999999,13.649999999999999,
-15.674999999999999,13.6875,
-15.674999999999999,13.724999999999998,
-15.674999999999999,13.7625,
-15.674999999999999,13.8,
-15.674999999999999,13.837499999999999,
-15.674999999999999,13.875,
-15.674999999999999,13.912499999999998,
-15.674999999999999,13.95,
-15.674999999999999,13.9875,
-15.674999999999999,14.024999999999999,
-15.674999999999999,14.0625,
-15.674999999999999,14.099999999999998,
-15.674999999999999,14.1375,
-15.674999999999999,14.175,
-15.674999999999999,14.212499999999999,
-15.674999999999999,14.25,
-15.674999999999999,14.287499999999998,
-15.674999999999999,14.325,
-15.674999999999999,14.3625,
-15.674999999999999,14.399999999999999,
-15.674999999999999,14.4375,
-15.674999999999999,14.474999999999998,
-15.674999999999999,14.5125,
-15.674999999999999,14.55,
-15.674999999999999,14.587499999999999,
-15.674999999999999,14.625,
-15.674999999999999,14.662499999999998,
-15.674999999999999,14.7,
-15.674999999999999,14.7375,
-15.674999999999999,14.774999999999999,
-15.674999999999999,14.8125,
-15.674999999999999,14.849999999999998,
-15.674999999999999,14.8875,
-15.674999999999999,14.925,
-15.674999999999999,14.962499999999999,
-15.674999999999999,15.0,
-15.674999999999999,15.037499999999998,
-15.674999999999999,15.075,
-15.6375,12.45,0.0
-15.6375,12.4875,0.0
-15.6375,12.524999999999999,0.0
-15.6375,12.5625,0.0
-15.6375,12.599999999999998,0.0
-15.6375,12.6375,0.0
-15.6375,12.675,-4.0
-15.6375,12.712499999999999,-4.0
-15.6375,12.75,0.0
-15.6375,12.787499999999998,-4.0
-15.6375,12.825,-4.0
-15.6375,12.8625,0.0
-15.6375,12.899999999999999,0.0
-15.6375,12.9375,0.0
-15.6375,12.974999999999998,0.0
-15.6375,13.0125,0.0
-15.6375,13.05,0.0
-15.6375,13.087499999999999,0.0
-15.6375,13.125,-4.0
-15.6375,13.162499999999998,0.0
-15.6375,13.2,0.0
-15.6375,13.2375,0.0
-15.6375,13.274999999999999,0.0
-15.6375,13.3125,-4.0
-15.6375,13.349999999999998,-3.9499999999999997
-15.6375,13.3875,
-15.6375,13.425,
-15.6375,13.462499999999999,
-15.6375,13.5,
-15.6375,13.537499999999998,
-15.6375,13.575,
-15.6375,13.6125,
-15.6375,13.649999999999999,
-15.6375,13.6875,
-15.6375,13.724999999999998,
-15.6375,13.7625,
-15.6375,13.8,
-15.6375,13.837499999999999,
-15.6375,13.875,
-15.6375,13.912499999999998,
-15.6375,13.95,
-15.6375,13.9875,
-15.6375,14.024999999999999,
-15.6375,14.0625,
-15.6375,14.099999999999998,
-15.6375,14.1375,
-15.6375,14.175,
-15.6375,14.212499999999999,
-15.6375,14.25,
-15.6375,14.287499999999998,
-15.6375,14.325,
-15.6375,14.3625,
-15.6375,14.399999999999999,
-15.6375,14.4375,
-15.6375,14.474999999999998,
-15.6375,14.5125,
-15.6375,14.55,
-15.6375,14.587499999999999,
-15.6375,14.625,
-15.6375,14.662499999999998,
-15.6375,14.7,
-15.6375,14.7375,
-15.6375,14.774999999999999,
-15.6375,14.8125,
-15.6375,14.849999999999998,
-15.6375,14.8875,
-15.6375,14.925,
-15.6375,14.962499999999999,
-15.6375,15.0,
-15.6375,15.037499999999998,
-15.6375,15.075,
-15.6,12.45,
-15.6,12.4875,0.0
-15.6,12.524999999999999,0.0
-15.6,12.5625,0.0
-15.6,12.599999999999998,0.0
-15.6,12.6375,0.0
-15.6,12.675,0.0
-15.6,12.712499999999999,0.0
-15.6,12.75,0.0
-15.6,12.787499999999998,0.0
-15.6,12.825,0.0
-15.6,12.8625,0.0
-15.6,12.899999999999999,0.0
-15.6,12.9375,0.0
-15.6,12.974999999999998,0.0
-15.6,13.0125,0.0
-15.6,13.05,0.0
-15.6,13.087499999999999,0.0
-15.6,13.125,0.0
-15.6,13.162499999999998,0.0
-15.6,13.2,0.0
-15.6,13.2375,0.0
-15.6,13.274999999999999,0.0
-15.6,13.3125,-4.0
-15.6,13.349999999999998,-4.0
-15.6,13.3875,
-15.6,13.425,
-15.6,13.462499999999999,
-15.6,13.5,
-15.6,13.537499999999998,
-15.6,13.575,
-15.6,13.6125,
-15.6,13.649999999999999,
-15.6,13.6875,
-15.6,13.724999999999998,
-15.6,13.7625,
-15.6,13.8,
-15.6,13.837499999999999,
-15.6,13.875,
-15.6,13.912499999999998,
-15.6,13.95,
-15.6,13.9875,
-15.6,14.024999999999999,
-15.6,14.0625,
-15.6,14.099999999999998,
-15.6,14.1375,
-15.6,14.175,
-15.6,14.212499999999999,
-15.6,14.25,
-15.6,14.287499999999998,
-15.6,14.325,
-15.6,14.3625,
-15.6,14.399999999999999,
-15.6,14.4375,
-15.6,14.474999999999998,
-15.6,14.5125,
-15.6,14.55,
-15.6,14.587499999999999,
-15.6,14.625,
-15.6,14.662499999999998,
-15.6,14.7,
-15.6,14.7375,
-15.6,14.774999999999999,
-15.6,14.8125,
-15.6,14.849999999999998,
-15.6,14.8875,
-15.6,14.925,
-15.6,14.962499999999999,
-15.6,15.0,
-15.6,15.037499999999998,
-15.6,15.075,
-15.5625,12.45,
-15.5625,12.4875,0.0
-15.5625,12.524999999999999,0.0
-15.5625,12.5625,0.0
-15.5625,12.599999999999998,0.0
-15.5625,12.6375,0.0
-15.5625,12.675,0.0
-15.5625,12.712499999999999,0.0
-15.5625,12.75,0.0
-15.5625,12.787499999999998,0.0
-15.5625,12.825,0.0
-15.5625,12.8625,0.0
-15.5625,12.899999999999999,0.0
-15.5625,12.9375,0.0
-15.5625,12.974999999999998,0.0
-15.5625,13.0125,0.0
-15.5625,13.05,0.0
-15.5625,13.087499999999999,0.0
-15.5625,13.125,0.0
-15.5625,13.162499999999998,0.0
-15.5625,13.2,0.0
-15.5625,13.2375,0.0
-15.5625,13.274999999999999,0.0
-15.5625,13.3125,0.0
-15.5625,13.349999999999998,0.050000000000000086
-15.5625,13.3875,
-15.5625,13.425,
-15.5625,13.462499999999999,
-15.5625,13.5,
-15.5625,13.537499999999998,
-15.5625,13.575,
-15.5625,13.6125,
-15.5625,13.649999999999999,
-15.5625,13.6875,
-15.5625,13.724999999999998,
-15.5625,13.7625,
-15.5625,13.8,
-15.5625,13.837499999999999,
-15.5625,13.875,
-15.5625,13.912499999999998,
-15.5625,13.95,
-15.5625,13.9875,
-15.5625,14.024999999999999,
-15.5625,14.0625,
-15.5625,14.099999999999998,
-15.5625,14.1375,
-15.5625,14.175,
-15.5625,14.212499999999999,
-15.5625,14.25,
-15.5625,14.287499999999998,
-15.5625,14.325,
-15.5625,14.3625,
-15.5625,14.399999999999999,
-15.5625,14.4375,
-15.5625,14.474999999999998,
-15.5625,14.5125,
-15.5625,14.55,
-15.5625,14.587499999999999,
-15.5625,14.625,
-15.5625,14.662499999999998,
-15.5625,14.7,
-15.5625,14.7375,
-15.5625,14.774999999999999,
-15.5625,14.8125,
-15.5625,14.849999999999998,
-15.5625,14.8875,
-15.5625,14.925,
-15.5625,14.962499999999999,
-15.5625,15.0,
-15.5625,15.037499999999998,
-15.5625,15.075,
-15.524999999999999,12.45,
-15.524999999999999,12.4875,
-15.524999999999999,12.524999999999999,0.0
-15.524999999999999,12.5625,0.0
-15.524999999999999,12.599999999999998,0.0
-15.524999999999999,12.6375,0.0
-15.524999999999999,12.675,0.0
-15.524999999999999,12.712499999999999,0.0
-15.524999999999999,12.75,0.0
-15.524999999999999,12.787499999999998,0.0
-15.524999999999999,12.825,0.0
-15.524999999999999,12.8625,0.0
-15.524999999999999,12.899999999999999,0.0
-15.524999999999999,12.9375,0.0
-15.524999999999999,12.974999999999998,0.0
-15.524999999999999,13.0125,0.0
-15.524999999999999,13.05,0.0
-15.524999999999999,13.087499999999999,0.0
-15.524999999999999,13.125,0.0
-15.524999999999999,13.162499999999998,0.0
-15.524999999999999,13.2,0.0
-15.524999999999999,13.2375,0.0
-15.524999999999999,13.274999999999999,0.0
-15.524999999999999,13.3125,0.0
-15.524999999999999,13.349999999999998,0.0
-15.524999999999999,13.3875,0.0
-15.524999999999999,13.425,
-15.524999999999999,13.462499999999999,
-15.524999999999999,13.5,
-15.524999999999999,13.537499999999998,
-15.524999999999999,13.575,
-15.524999999999999,13.6125,
-15.524999999999999,13.649999999999999,
-15.524999999999999,13.6875,
-15.524999999999999,13.724999999999998,
-15.524999999999999,13.7625,
-15.524999999999999,13.8,
-15.524999999999999,13.837499999999999,
-15.524999999999999,13.875,
-15.524999999999999,13.912499999999998,
-15.524999999999999,13.95,
-15.524999999999999,13.9875,
-15.524999999999999,14.024999999999999,
-15.524999999999999,14.0625,
-15.524999999999999,14.099999999999998,
-15.524999999999999,14.1375,
-15.524999999999999,14.175,
-15.524999999999999,14.212499999999999,
-15.524999999999999,14.25,
-15.524999999999999,14.287499999999998,
-15.524999999999999,14.325,
-15.524999999999999,14.3625,
-15.524999999999999,14.399999999999999,
-15.524999999999999,14.4375,
-15.524999999999999,14.474999999999998,
-15.524999999999999,14.5125,
-15.524999999999999,14.55,
-15.524999999999999,14.587499999999999,
-15.524999999999999,14.625,
-15.524999999999999,14.662499999999998,
-15.524999999999999,14.7,
-15.524999999999999,14.7375,
-15.524999999999999,14.774999999999999,
-15.524999999999999,14.8125,
-15.524999999999999,14.849999999999998,
-15.524999999999999,14.8875,
-15.524999999999999,14.925,
-15.524999999999999,14.962499999999999,
-15.524999999999999,15.0,
-15.524999999999999,15.037499999999998,
-15.524999999999999,15.075,
-15.487499999999999,12.45,
-15.487499999999999,12.4875,
-15.487499999999999,12.524999999999999,0.0
-15.487499999999999,12.5625,0.0
-15.487499999999999,12.599999999999998,0.0
-15.487499999999999,12.6375,0.0
-15.487499999999999,12.675,0.0
-15.487499999999999,12.712499999999999,0.0
-15.487499999999999,12.75,0.0
-15.487499999999999,12.787499999999998,0.0
-15.487499999999999,12.825,0.0
-15.487499999999999,12.8625,0.0
-15.487499999999999,12.899999999999999,0.0
-15.487499999999999,12.9375,0.0
-15.487499999999999,12.974999999999998,0.0
-15.487499999999999,13.0125,0.0
-15.487499999999999,13.05,0.0
-15.487499999999999,13.087499999999999,0.0
-15.487499999999999,13.125,0.0
-15.487499999999999,13.162499999999998,0.0
-15.487499999999999,13.2,0.0
-15.487499999999999,13.2375,0.0
-15.487499999999999,13.274999999999999,0.0
-15.487499999999999,13.3125,0.0
-15.487499999999999,13.349999999999998,0.0
-15.487499999999999,13.3875,0.0
-15.487499999999999,13.425,
-15.487499999999999,13.462499999999999,
-15.487499999999999,13.5,
-15.487499999999999,13.537499999999998,
-15.487499999999999,13.575,
-15.487499999999999,13.6125,
-15.487499999999999,13.649999999999999,
-15.487499999999999,13.6875,
-15.487499999999999,13.724999999999998,
-15.487499999999999,13.7625,
-15.487499999999999,13.8,
-15.487499999999999,13.837499999999999,
-15.487499999999999,13.875,
-15.487499999999999,13.912499999999998,
-15.487499999999999,13.95,
-15.487499999999999,13.9875,
-15.487499999999999,14.024999999999999,
-15.487499999999999,14.0625,
-15.487499999999999,14.099999999999998,
-15.487499999999999,14.1375,
-15.487499999999999,14.175,
-15.487499999999999,14.212499999999999,
-15.487499999999999,14.25,
-15.487499999999999,14.287499999999998,
-15.487499999999999,14.325,
-15.487499999999999,14.3625,
-15.487499999999999,14.399999999999999,
-15.487499999999999,14.4375,
-15.487499999999999,14.474999999999998,
-15.487499999999999,14.5125,
-15.487499999999999,14.55,
-15.487499999999999,14.587499999999999,
-15.487499999999999,14.625,
-15.487499999999999,14.662499999999998,
-15.487499999999999,14.7,
-15.487499999999999,14.7375,
-15.487499999999999,14.774999999999999,
-15.487499999999999,14.8125,
-15.487499999999999,14.849999999999998,
-15.487499999999999,14.8875,
-15.487499999999999,14.925,
-15.487499999999999,14.962499999999999,
-15.487499999999999,15.0,
-15.487499999999999,15.037499999999998,
-15.487499999999999,15.075,
-15.45,12.45,
-15.45,12.4875,
-15.45,12.524999999999999,
-15.45,12.5625,0.0
-15.45,12.599999999999998,0.0
-15.45,12.6375,0.0
-15.45,12.675,0.0
-15.45,12.712499999999999,0.0
-15.45,12.75,0.0
-15.45,12.787499999999998,0.0
-15.45,12.825,0.0
-15.45,12.8625,0.0
-15.45,12.899999999999999,0.0
-15.45,12.9375,0.0
-15.45,12.974999999999998,0.0
-15.45,13.0125,0.0
-15.45,13.05,0.0
-15.45,13.087499999999999,0.0
-15.45,13.125,0.0
-15.45,13.162499999999998,0.0
-15.45,13.2,0.0
-15.45,13.2375,0.0
-15.45,13.274999999999999,0.0
-15.45,13.3125,0.0
-15.45,13.349999999999998,0.0
-15.45,13.3875,
-15.45,13.425,
-15.45,13.462499999999999,
-15.45,13.5,
-15.45,13.537499999999998,
-15.45,13.575,
-15.45,13.6125,
-15.45,13.649999999999999,
-15.45,13.6875,
-15.45,13.724999999999998,
-15.45,13.7625,
-15.45,13.8,
-15.45,13.837499999999999,
-15.45,13.875,
-15.45,13.912499999999998,
-15.45,13.95,
-15.45,13.9875,
-15.45,14.024999999999999,
-15.45,14.0625,
-15.45,14.099999999999998,
-15.45,14.1375,
-15.45,14.175,
-15.45,14.212499999999999,
-15.45,14.25,
-15.45,14.287499999999998,
-15.45,14.325,
-15.45,14.3625,
-15.45,14.399999999999999,
-15.45,14.4375,
-15.45,14.474999999999998,
-15.45,14.5125,
-15.45,14.55,
-15.45,14.587499999999999,
-15.45,14.625,
-15.45,14.662499999999998,
-15.45,14.7,
-15.45,14.7375,
-15.45,14.774999999999999,
-15.45,14.8125,
-15.45,14.849999999999998,
-15.45,14.8875,
-15.45,14.925,
-15.45,14.962499999999999,
-15.45,15.0,
-15.45,15.037499999999998,
-15.45,15.075,
-15.4125,12.45,
-15.4125,12.4875,
-15.4125,12.524999999999999,
-15.4125,12.5625,0.0
-15.4125,12.599999999999998,0.0
-15.4125,12.6375,0.0
-15.4125,12.675,0.0
-15.4125,12.712499999999999,0.0
-15.4125,12.75,0.0
-15.4125,12.787499999999998,0.0
-15.4125,12.825,0.0
-15.4125,12.8625,0.0
-15.4125,12.899999999999999,0.0
-15.4125,12.9375,0.0
-15.4125,12.974999999999998,0.0
-15.4125,13.0125,0.0
-15.4125,13.05,0.0
-15.4125,13.087499999999999,0.0
-15.4125,13.125,0.0
-15.4125,13.162499999999998,0.0
-15.4125,13.2,0.0
-15.4125,13.2375,0.0
-15.4125,13.274999999999999,0.0
-15.4125,13.3125,0.0
-15.4125,13.349999999999998,0.0
-15.4125,13.3875,
-15.4125,13.425,
-15.4125,13.462499999999999,
-15.4125,13.5,
-15.4125,13.537499999999998,
-15.4125,13.575,
-15.4125,13.6125,
-15.4125,13.649999999999999,
-15.4125,13.6875,
-15.4125,13.724999999999998,
-15.4125,13.7625,
-15.4125,13.8,
-15.4125,13.837499999999999,
-15.4125,13.875,
-15.4125,13.912499999999998,
-15.4125,13.95,
-15.4125,13.9875,
-15.4125,14.024999999999999,
-15.4125,14.0625,
-15.4125,14.099999999999998,
-15.4125,14.1375,
-15.4125,14.175,
-15.4125,14.212499999999999,
-15.4125,14.25,
-15.4125,14.287499999999998,
-15.4125,14.325,
-15.4125,14.3625,
-15.4125,14.399999999999999,
-15.4125,14.4375,
-15.4125,14.474999999999998,
-15.4125,14.5125,
-15.4125,14.55,
-15.4125,14.587499999999999,
-15.4125,14.625,
-15.4125,14.662499999999998,
-15.4125,14.7,
-15.4125,14.7375,
-15.4125,14.774999999999999,
-15.4125,14.8125,
-15.4125,14.849999999999998,
-15.4125,14.8875,
-15.4125,14.925,
-15.4125,14.962499999999999,
-15.4125,15.0,
-15.4125,15.037499999999998,
-15.4125,15.075,
-15.375,12.45,
-15.375,12.4875,
-15.375,12.524999999999999,
-15.375,12.5625,
-15.375,12.599999999999998,0.0
-15.375,12.6375,0.0
-15.375,12.675,0.0
-15.375,12.712499999999999,0.0
-15.375,12.75,0.0
-15.375,12.787499999999998,0.0
-15.375,12.825,0.0
-15.375,12.8625,0.0
-15.375,12.899999999999999,0.0
-15.375,12.9375,0.0
-15.375,12.974999999999998,0.0
-15.375,13.0125,0.0
-15.375,13.05,0.0
-15.375,13.087499999999999,0.0
-15.375,13.125,0.0
-15.375,13.162499999999998,0.0
-15.375,13.2,0.0
-15.375,13.2375,0.0
-15.375,13.274999999999999,0.0
-15.375,13.3125,0.0
-15.375,13.349999999999998,0.0
-15.375,13.3875,
-15.375,13.425,
-15.375,13.462499999999999,
-15.375,13.5,
-15.375,13.537499999999998,
-15.375,13.575,
-15.375,13.6125,
-15.375,13.649999999999999,
-15.375,13.6875,
-15.375,13.724999999999998,
-15.375,13.7625,
-15.375,13.8,
-15.375,13.837499999999999,
-15.375,13.875,
-15.375,13.912499999999998,
-15.375,13.95,
-15.375,13.9875,
-15.375,14.024999999999999,
-15.375,14.0625,
-15.375,14.099999999999998,
-15.375,14.1375,
-15.375,14.175,
-15.375,14.212499999999999,
-15.375,14.25,
-15.375,14.287499999999998,
-15.375,14.325,
-15.375,14.3625,
-15.375,14.399999999999999,
-15.375,14.4375,
-15.375,14.474999999999998,
-15.375,14.5125,
-15.375,14.55,
-15.375,14.587499999999999,
-15.375,14.625,
-15.375,14.662499999999998,
-15.375,14.7,
-15.375,14.7375,
-15.375,14.774999999999999,
-15.375,14.8125,
-15.375,14.849999999999998,
-15.375,14.8875,
-15.375,14.925,
-15.375,14.962499999999999,
-15.375,15.0,
-15.375,15.037499999999998,
-15.375,15.075,
-15.337499999999999,12.45,
-15.337499999999999,12.4875,
-15.337499999999999,12.524999999999999,
-15.337499999999999,12.5625,
-15.337499999999999,12.599999999999998,
-15.337499999999999,12.6375,0.0
-15.337499999999999,12.675,0.0
-15.337499999999999,12.712499999999999,0.0
-15.337499999999999,12.75,0.0
-15.337499999999999,12.787499999999998,0.0
-15.337499999999999,12.825,0.0
-15.337499999999999,12.8625,0.0
-15.337499999999999,12.899999999999999,0.0
-15.337499999999999,12.9375,0.0
-15.337499999999999,12.974999999999998,0.0
-15.337499999999999,13.0125,0.0
-15.337499999999999,13.05,0.0
-15.337499999999999,13.087499999999999,0.0
-15.337499999999999,13.125,0.0
-15.337499999999999,13.162499999999998,0.0
-15.337499999999999,13.2,0.0
-15.337499999999999,13.2375,0.0
-15.337499999999999,13.274999999999999,0.0
-15.337499999999999,13.3125,0.0
-15.337499999999999,13.349999999999998,0.0
-15.337499999999999,13.3875,
-15.337499999999999,13.425,
-15.337499999999999,13.462499999999999,
-15.337499999999999,13.5,
-15.337499999999999,13.537499999999998,
-15.337499999999999,13.575,
-15.337499999999999,13.6125,
-15.337499999999999,13.649999999999999,
-15.337499999999999,13.6875,
-15.337499999999999,13.724999999999998,
-15.337499999999999,13.7625,
-15.337499999999999,13.8,
-15.337499999999999,13.837499999999999,
-15.337499999999999,13.875,
-15.337499999999999,13.912499999999998,
-15.337499999999999,13.95,
-15.337499999999999,13.9875,
-15.337499999999999,14.024999999999999,
-15.337499999999999,14.0625,
-15.337499999999999,14.099999999999998,
-15.337499999999999,14.1375,
-15.337499999999999,14.175,
-15.337499999999999,14.212499999999999,
-15.337499999999999,14.25,
-15.337499999999999,14.287499999999998,
-15.337499999999999,14.325,
-15.337499999999999,14.3625,
-15.337499999999999,14.399999999999999,
-15.337499999999999,14.4375,
-15.337499999999999,14.474999999999998,
-15.337499999999999,14.5125,
-15.337499999999999,14.55,
-15.337499999999999,14.587499999999999,
-15.337499999999999,14.625,
-15.337499999999999,14.662499999999998,
-15.337499999999999,14.7,
-15.337499999999999,14.7375,
-15.337499999999999,14.774999999999999,
-15.337499999999999,14.8125,
-15.337499999999999,14.849999999999998,
-15.337499999999999,14.8875,
-15.337499999999999,14.925,
-15.337499999999999,14.962499999999999,
-15.337499999999999,15.0,
-15.337499999999999,15.037499999999998,
-15.337499999999999,15.075,
-15.299999999999999,12.45,
-15.299999999999999,12.4875,
-15.299999999999999,12.524999999999999,
-15.299999999999999,12.5625,
-15.299999999999999,12.599999999999998,
-15.299999999999999,12.6375,0.0
-15.299999999999999,12.675,0.0
-15.299999999999999,12.712499999999999,0.0
-15.299999999999999,12.75,0.0
-15.299999999999999,12.787499999999998,0.0
-15.299999999999999,12.825,0.0
-15.299999999999999,12.8625,0.0
-15.299999999999999,12.899999999999999,0.0
-15.299999999999999,12.9375,0.0
-15.299999999999999,12.974999999999998,0.0
-15.299999999999999,13.0125,0.0
-15.299999999999999,13.05,0.0
-15.299999999999999,13.087499999999999,0.0
-15.299999999999999,13.125,0.0
-15.299999999999999,13.162499999999998,0.0
-15.299999999999999,13.2,0.0
-15.299999999999999,13.2375,0.0
-15.299999999999999,13.274999999999999,0.0
-15.299999999999999,13.3125,0.0
-15.299999999999999,13.349999999999998,0.0
-15.299999999999999,13.3875,
-15.299999999999999,13.425,
-15.299999999999999,13.462499999999999,
-15.299999999999999,13.5,
-15.299999999999999,13.537499999999998,
-15.299999999999999,13.575,
-15.299999999999999,13.6125,
-15.299999999999999,13.649999999999999,
-15.299999999999999,13.6875,
-15.299999999999999,13.724999999999998,
-15.299999999999999,13.7625,
-15.299999999999999,13.8,
-15.299999999999999,13.837499999999999,
-15.299999999999999,13.875,
-15.299999999999999,13.912499999999998,
-15.299999999999999,13.95,
-15.299999999999999,13.9875,
-15.299999999999999,14.024999999999999,
-15.299999999999999,14.0625,
-15.299999999999999,14.099999999999998,
-15.299999999999999,14.1375,
-15.299999999999999,14.175,
-15.299999999999999,14.212499999999999,
-15.299999999999999,14.25,
-15.299999999999999,14.287499999999998,
-15.299999999999999,14.325,
-15.299999999999999,14.3625,
-15.299999999999999,14.399999999999999,
-15.299999999999999,14.4375,
-15.299999999999999,14.474999999999998,
-15.299999999999999,14.5125,
-15.299999999999999,14.55,
-15.299999999999999,14.587499999999999,
-15.299999999999999,14.625,
-15.299999999999999,14.662499999999998,
-15.299999999999999,14.7,
-15.299999999999999,14.7375,
-15.299999999999999,14.774999999999999,
-15.299999999999999,14.8125,
-15.299999999999999,14.849999999999998,
-15.299999999999999,14.8875,
-15.299999999999999,14.925,
-15.299999999999999,14.962499999999999,
-15.299999999999999,15.0,
-15.299999999999999,15.037499999999998,
-15.299999999999999,15.075,
-15.2625,12.45,
-15.2625,12.4875,
-15.2625,12.524999999999999,
-15.2625,12.5625,
-15.2625,12.599999999999998,
-15.2625,12.6375,
-15.2625,12.675,0.0
-15.2625,12.712499999999999,0.0
-15.2625,12.75,0.0
-15.2625,12.787499999999998,0.0
-15.2625,12.825,0.0
-15.2625,12.8625,0.0
-15.2625,12.899999999999999,0.0
-15.2625,12.9375,0.0
-15.2625,12.974999999999998,0.0
-15.2625,13.0125,0.0
-15.2625,13.05,0.0
-15.2625,13.087499999999999,0.0
-15.2625,13.125,0.0
-15.2625,13.162499999999998,0.0
-15.2625,13.2,0.0
-15.2625,13.2375,0.0
-15.2625,13.274999999999999,0.0
-15.2625,13.3125,0.0
-15.2625,13.349999999999998,0.0
-15.2625,13.3875,0.0
-15.2625,13.425,
-15.2625,13.462499999999999,
-15.2625,13.5,
-15.2625,13.537499999999998,
-15.2625,13.575,
-15.2625,13.6125,
-15.2625,13.649999999999999,
-15.2625,13.6875,
-15.2625,13.724999999999998,
-15.2625,13.7625,
-15.2625,13.8,
-15.2625,13.837499999999999,
-15.2625,13.875,
-15.2625,13.912499999999998,
-15.2625,13.95,
-15.2625,13.9875,
-15.2625,14.024999999999999,
-15.2625,14.0625,
-15.2625,14.099999999999998,
-15.2625,14.1375,
-15.2625,14.175,
-15.2625,14.212499999999999,
-15.2625,14.25,
-15.2625,14.287499999999998,
-15.2625,14.325,
-15.2625,14.3625,
-15.2625,14.399999999999999,
-15.2625,14.4375,
-15.2625,14.474999999999998,
-15.2625,14.5125,
-15.2625,14.55,
-15.2625,14.587499999999999,
-15.2625,14.625,
-15.2625,14.662499999999998,
-15.2625,14.7,
-15.2625,14.7375,
-15.2625,14.774999999999999,
-15.2625,14.8125,
-15.2625,14.849999999999998,
-15.2625,14.8875,
-15.2625,14.925,
-15.2625,14.962499999999999,
-15.2625,15.0,
-15.2625,15.037499999999998,
-15.2625,15.075,
-15.225,12.45,
-15.225,12.4875,
-15.225,12.524999999999999,
-15.225,12.5625,
-15.225,12.599999999999998,
-15.225,12.6375,
-15.225,12.675,0.0
-15.225,12.712499999999999,0.0
-15.225,12.75,0.0
-15.225,12.787499999999998,0.0
-15.225,12.825,0.0
-15.225,12.8625,0.0
-15.225,12.899999999999999,0.0
-15.225,12.9375,0.0
-15.225,12.974999999999998,0.0
-15.225,13.0125,0.0
-15.225,13.05,0.0
-15.225,13.087499999999999,0.0
-15.225,13.125,0.0
-15.225,13.162499999999998,0.0
-15.225,13.2,0.0
-15.225,13.2375,0.0
-15.225,13.274999999999999,0.0
-15.225,13.3125,0.0
-15.225,13.349999999999998,0.0
-15.225,13.3875,0.0
-15.225,13.425,
-15.225,13.462499999999999,
-15.225,13.5,
-15.225,13.537499999999998,
-15.225,13.575,
-15.225,13.6125,
-15.225,13.649999999999999,
-15.225,13.6875,
-15.225,13.724999999999998,
-15.225,13.7625,
-15.225,13.8,
-15.225,13.837499999999999,
-15.225,13.875,
-15.225,13.912499999999998,
-15.225,13.95,
-15.225,13.9875,
-15.225,14.024999999999999,
-15.225,14.0625,
-15.225,14.099999999999998,
-15.225,14.1375,
-15.225,14.175,
-15.225,14.212499999999999,
-15.225,14.25,
-15.225,14.287499999999998,
-15.225,14.325,
-15.225,14.3625,
-15.225,14.399999999999999,
-15.225,14.4375,
-15.225,14.474999999999998,
-15.225,14.5125,
-15.225,14.55,
-15.225,14.587499999999999,
-15.225,14.625,
-15.225,14.662499999999998,
-15.225,14.7,
-15.225,14.7375,
-15.225,14.774999999999999,
-15.225,14.8125,
-15.225,14.849999999999998,
-15.225,14.8875,
-15.225,14.925,
-15.225,14.962499999999999,
-15.225,15.0,
-15.225,15.037499999999998,
-15.225,15.075,
-15.1875,12.45,
-15.1875,12.4875,
-15.1875,12.524999999999999,
-15.1875,12.5625,
-15.1875,12.599999999999998,
-15.1875,12.6375,
-15.1875,12.675,
-15.1875,12.712499999999999,0.0
-15.1875,12.75,0.0
-15.1875,12.787499999999998,0.0
-15.1875,12.825,0.0
-15.1875,12.8625,0.0
-15.1875,12.899999999999999,0.0
-15.1875,12.9375,0.0
-15.1875,12.974999999999998,0.0
-15.1875,13.0125,0.0
-15.1875,13.05,0.0
-15.1875,13.087499999999999,0.0
-15.1875,13.125,0.0
-15.1875,13.162499999999998,0.0
-15.1875,13.2,0.0
-15.1875,13.2375,0.0
-15.1875,13.274999999999999,0.0
-15.1875,13.3125,0.0
-15.1875,13.349999999999998,0.0
-15.1875,13.3875,0.0
-15.1875,13.425,0.0
-15.1875,13.462499999999999,0.0
-15.1875,13.5,0.0
-15.1875,13.537499999999998,
-15.1875,13.575,
-15.1875,13.6125,
-15.1875,13.649999999999999,
-15.1875,13.6875,
-15.1875,13.724999999999998,
-15.1875,13.7625,
-15.1875,13.8,
-15.1875,13.837499999999999,
-15.1875,13.875,
-15.1875,13.912499999999998,
-15.1875,13.95,
-15.1875,13.9875,
-15.1875,14.024999999999999,
-15.1875,14.0625,
-15.1875,14.099999999999998,
-15.1875,14.1375,
-15.1875,14.175,
-15.1875,14.212499999999999,
-15.1875,14.25,
-15.1875,14.287499999999998,
-15.1875,14.325,
-15.1875,14.3625,
-15.1875,14.399999999999999,
-15.1875,14.4375,
-15.1875,14.474999999999998,
-15.1875,14.5125,
-15.1875,14.55,
-15.1875,14.587499999999999,
-15.1875,14.625,
-15.1875,14.662499999999998,
-15.1875,14.7,
-15.1875,14.7375,
-15.1875,14.774999999999999,
-15.1875,14.8125,
-15.1875,14.849999999999998,
-15.1875,14.8875,
-15.1875,14.925,
-15.1875,14.962499999999999,
-15.1875,15.0,
-15.1875,15.037499999999998,
-15.1875,15.075,
-15.149999999999999,12.45,
-15.149999999999999,12.4875,
-15.149999999999999,12.524999999999999,
-15.149999999999999,12.5625,
-15.149999999999999,12.599999999999998,
-15.149999999999999,12.6375,
-15.149999999999999,12.675,
-15.149999999999999,12.712499999999999,0.0
-15.149999999999999,12.75,0.0
-15.149999999999999,12.787499999999998,0.0
-15.149999999999999,12.825,0.0
-15.149999999999999,12.8625,0.0
-15.149999999999999,12.899999999999999,0.0
-15.149999999999999,12.9375,0.0
-15.149999999999999,12.974999999999998,0.0
-15.149999999999999,13.0125,0.0
-15.149999999999999,13.05,0.0
-15.149999999999999,13.087499999999999,0.0
-15.149999999999999,13.125,0.0
-15.149999999999999,13.162499999999998,0.0
-15.149999999999999,13.2,0.0
-15.149999999999999,13.2375,0.0
-15.149999999999999,13.274999999999999,0.0
-15.149999999999999,13.3125,0.0
-15.149999999999999,13.349999999999998,0.0
-15.149999999999999,13.3875,0.0
-15.149999999999999,13.425,0.0
-15.149999999999999,13.462499999999999,0.0
-15.149999999999999,13.5,0.0
-15.149999999999999,13.537499999999998,0.0
-15.149999999999999,13.575,
-15.149999999999999,13.6125,
-15.149999999999999,13.649999999999999,
-15.149999999999999,13.6875,
-15.149999999999999,13.724999999999998,
-15.149999999999999,13.7625,
-15.149999999999999,13.8,
-15.149999999999999,13.837499999999999,
-15.149999999999999,13.875,
-15.149999999999999,13.912499999999998,
-15.149999999999999,13.95,
-15.149999999999999,13.9875,
-15.149999999999999,14.024999999999999,
-15.149999999999999,14.0625,
-15.149999999999999,14.099999999999998,
-15.149999999999999,14.1375,
-15.149999999999999,14.175,
-15.149999999999999,14.212499999999999,
-15.149999999999999,14.25,
-15.149999999999999,14.287499999999998,
-15.149999999999999,14.325,
-15.149999999999999,14.3625,
-15.149999999999999,14.399999999999999,
-15.149999999999999,14.4375,
-15.149999999999999,14.474999999999998,
-15.149999999999999,14.5125,
-15.149999999999999,14.55,
-15.149999999999999,14.587499999999999,
-15.149999999999999,14.625,
-15.149999999999999,14.662499999999998,
-15.149999999999999,14.7,
-15.149999999999999,14.7375,
-15.149999999999999,14.774999999999999,
-15.149999999999999,14.8125,
-15.149999999999999,14.849999999999998,
-15.149999999999999,14.8875,
-15.149999999999999,14.925,
-15.149999999999999,14.962499999999999,
-15.149999999999999,15.0,
-15.149999999999999,15.037499999999998,
-15.149999999999999,15.075,
-15.112499999999999,12.45,
-15.112499999999999,12.4875,
-15.112499999999999,12.524999999999999,
-15.112499999999999,12.5625,
-15.112499999999999,12.599999999999998,
-15.112499999999999,12.6375,
-15.112499999999999,12.675,
-15.112499999999999,12.712499999999999,0.0
-15.112499999999999,12.75,0.0
-15.112499999999999,12.787499999999998,0.0
-15.112499999999999,12.825,0.0
-15.112499999999999,12.8625,0.0
-15.112499999999999,12.899999999999999,0.0
-15.112499999999999,12.9375,0.0
-15.112499999999999,12.974999999999998,0.0
-15.112499999999999,13.0125,0.0
-15.112499999999999,13.05,0.0
-15.112499999999999,13.087499999999999,0.0
-15.112499999999999,13.125,0.0
-15.112499999999999,13.162499999999998,0.0
-15.112499999999999,13.2,0.0
-15.112499999999999,13.2375,0.0
-15.112499999999999,13.274999999999999,0.0
-15.112499999999999,13.3125,0.0
-15.112499999999999,13.349999999999998,0.0
-15.112499999999999,13.3875,0.0
-15.112499999999999,13.425,0.0
-15.112499999999999,13.462499999999999,0.0
-15.112499999999999,13.5,0.0
-15.112499999999999,13.537499999999998,0.0
-15.112499999999999,13.575,0.0
-15.112499999999999,13.6125,
-15.112499999999999,13.649999999999999,
-15.112499999999999,13.6875,
-15.112499999999999,13.724999999999998,
-15.112499999999999,13.7625,
-15.112499999999999,13.8,
-15.112499999999999,13.837499999999999,
-15.112499999999999,13.875,
-15.112499999999999,13.912499999999998,
-15.112499999999999,13.95,
-15.112499999999999,13.9875,
-15.112499999999999,14.024999999999999,
-15.112499999999999,14.0625,
-15.112499999999999,14.099999999999998,
-15.112499999999999,14.1375,
-15.112499999999999,14.175,
-15.112499999999999,14.212499999999999,
-15.112499999999999,14.25,
-15.112499999999999,14.287499999999998,
-15.112499999999999,14.325,
-15.112499999999999,14.3625,
-15.112499999999999,14.399999999999999,
-15.112499999999999,14.4375,
-15.112499999999999,14.474999999999998,
-15.112499999999999,14.5125,
-15.112499999999999,14.55,
-15.112499999999999,14.587499999999999,
-15.112499999999999,14.625,
-15.112499999999999,14.662499999999998,
-15.112499999999999,14.7,
-15.112499999999999,14.7375,
-15.112499999999999,14.774999999999999,
-15.112499999999999,14.8125,
-15.112499999999999,14.849999999999998,
-15.112499999999999,14.8875,
-15.112499999999999,14.925,
-15.112499999999999,14.962499999999999,
-15.112499999999999,15.0,
-15.112499999999999,15.037499999999998,
-15.112499999999999,15.075,
-15.075,12.45,
-15.075,12.4875,
-15.075,12.524999999999999,
-15.075,12.5625,
-15.075,12.599999999999998,
-15.075,12.6375,
-15.075,12.675,
-15.075,12.712499999999999,0.0
-15.075,12.75,0.0
-15.075,12.787499999999998,0.0
-15.075,12.825,0.0
-15.075,12.8625,0.0
-15.075,12.899999999999999,0.0
-15.075,12.9375,0.0
-15.075,12.974999999999998,0.0
-15.075,13.0125,0.0
-15.075,13.05,0.0
-15.075,13.087499999999999,0.0
-15.075,13.125,0.0
-15.075,13.162499999999998,0.0
-15.075,13.2,0.0
-15.075,13.2375,0.0
-15.075,13.274999999999999,0.0
-15.075,13.3125,0.0
-15.075,13.349999999999998,0.0
-15.075,13.3875,0.0
-15.075,13.425,0.0
-15.075,13.462499999999999,0.0
-15.075,13.5,0.0
-15.075,13.537499999999998,0.0
-15.075,13.575,
-15.075,13.6125,
-15.075,13.649999999999999,
-15.075,13.6875,
-15.075,13.724999999999998,
-15.075,13.7625,
-15.075,13.8,
-15.075,13.837499999999999,
-15.075,13.875,
-15.075,13.912499999999998,
-15.075,13.95,
-15.075,13.9875,
-15.075,14.024999999999999,
-15.075,14.0625,
-15.075,14.099999999999998,
-15.075,14.1375,
-15.075,14.175,
-15.075,14.212499999999999,
-15.075,14.25,
-15.075,14.287499999999998,
-15.075,14.325,
-15.075,14.3625,
-15.075,14.399999999999999,
-15.075,14.4375,
-15.075,14.474999999999998,
-15.075,14.5125,
-15.075,14.55,
-15.075,14.587499999999999,
-15.075,14.625,
-15.075,14.662499999999998,
-15.075,14.7,
-15.075,14.7375,
-15.075,14.774999999999999,
-15.075,14.8125,
-15.075,14.849999999999998,
-15.075,14.8875,
-15.075,14.925,
-15.075,14.962499999999999,
-15.075,15.0,
-15.075,15.037499999999998,
-15.075,15.075,
-15.0375,12.45,
-15.0375,12.4875,
-15.0375,12.524999999999999,
-15.0375,12.5625,
-15.0375,12.599999999999998,
-15.0375,12.6375,
-15.0375,12.675,
-15.0375,12.712499999999999,0.0
-15.0375,12.75,0.0
-15.0375,12.787499999999998,0.0
-15.0375,12.825,0.0
-15.0375,12.8625,0.0
-15.0375,12.899999999999999,0.0
-15.0375,12.9375,0.0
-15.0375,12.974999999999998,0.0
-15.0375,13.0125,0.0
-15.0375,13.05,0.0
-15.0375,13.087499999999999,0.0
-15.0375,13.125,0.0
-15.0375,13.162499999999998,0.0
-15.0375,13.2,0.0
-15.0375,13.2375,0.0
-15.0375,13.274999999999999,0.0
-15.0375,13.3125,0.0
-15.0375,13.349999999999998,0.0
-15.0375,13.3875,0.0
-15.0375,13.425,0.0
-15.0375,13.462499999999999,0.0
-15.0375,13.5,0.0
-15.0375,13.537499999999998,
-15.0375,13.575,
-15.0375,13.6125,
-15.0375,13.649999999999999,
-15.0375,13.6875,
-15.0375,13.724999999999998,
-15.0375,13.7625,
-15.0375,13.8,
-15.0375,13.837499999999999,
-15.0375,13.875,
-15.0375,13.912499999999998,
-15.0375,13.95,
-15.0375,13.9875,
-15.0375,14.024999999999999,
-15.0375,14.0625,
-15.0375,14.099999999999998,
-15.0375,14.1375,
-15.0375,14.175,
-15.0375,14.212499999999999,
-15.0375,14.25,
-15.0375,14.287499999999998,
-15.0375,14.325,
-15.0375,14.3625,
-15.0375,14.399999999999999,
-15.0375,14.4375,
-15.0375,14.474999999999998,
-15.0375,14.5125,
-15.0375,14.55,
-15.0375,14.587499999999999,
-15.0375,14.625,
-15.0375,14.662499999999998,
-15.0375,14.7,
-15.0375,14.7375,
-15.0375,14.774999999999999,
-15.0375,14.8125,
-15.0375,14.849999999999998,
-15.0375,14.8875,
-15.0375,14.925,
-15.0375,14.962499999999999,
-15.0375,15.0,
-15.0375,15.037499999999998,
-15.0375,15.075,
-15.0,12.45,
-15.0,12.4875,
-15.0,12.524999999999999,
-15.0,12.5625,
-15.0,12.599999999999998,
-15.0,12.6375,
-15.0,12.675,
-15.0,12.712499999999999,0.0
-15.0,12.75,0.0
-15.0,12.787499999999998,0.0
-15.0,12.825,0.0
-15.0,12.8625,0.0
-15.0,12.899999999999999,0.0
-15.0,12.9375,0.0
-15.0,12.974999999999998,0.0
-15.0,13.0125,0.0
-15.0,13.05,0.0
-15.0,13.087499999999999,0.0
-15.0,13.125,0.0
-15.0,13.162499999999998,0.0
-15.0,13.2,0.0
-15.0,13.2375,0.0
-15.0,13.274999999999999,0.0
-15.0,13.3125,0.0
-15.0,13.349999999999998,0.0
-15.0,13.3875,0.0
-15.0,13.425,0.0
-15.0,13.462499999999999,0.0
-15.0,13.5,
-15.0,13.537499999999998,
-15.0,13.575,
-15.0,13.6125,
-15.0,13.649999999999999,
-15.0,13.6875,
-15.0,13.724999999999998,
-15.0,13.7625,
-15.0,13.8,
-15.0,13.837499999999999,
-15.0,13.875,
-15.0,13.912499999999998,
-15.0,13.95,
-15.0,13.9875,
-15.0,14.024999999999999,
-15.0,14.0625,
-15.0,14.099999999999998,
-15.0,14.1375,
-15.0,14.175,
-15.0,14.212499999999999,
-15.0,14.25,
-15.0,14.287499999999998,
-15.0,14.325,
-15.0,14.3625,
-15.0,14.399999999999999,
-15.0,14.4375,
-15.0,14.474999999999998,
-15.0,14.5125,
-15.0,14.55,
-15.0,14.587499999999999,
-15.0,14.625,
-15.0,14.662499999999998,
-15.0,14.7,
-15.0,14.7375,
-15.0,14.774999999999999,
-15.0,14.8125,
-15.0,14.849999999999998,
-15.0,14.8875,
-15.0,14.925,
-15.0,14.962499999999999,
-15.0,15.0,
-15.0,15.037499999999998,
-15.0,15.075,
-14.962499999999999,12.45,
-14.962499999999999,12.4875,
-14.962499999999999,12.524999999999999,
-14.962499999999999,12.5625,
-14.962499999999999,12.599999999999998,
-14.962499999999999,12.6375,
-14.962499999999999,12.675,
-14.962499999999999,12.712499999999999,0.0
-14.962499999999999,12.75,0.0
-14.962499999999999,12.787499999999998,0.0
-14.962499999999999,12.825,0.0
-14.962499999999999,12.8625,0.0
-14.962499999999999,12.899999999999999,0.0
-14.962499999999999,12.9375,0.0
-14.962499999999999,12.974999999999998,0.0
-14.962499999999999,13.0125,0.0
-14.962499999999999,13.05,0.0
-14.962499999999999,13.087499999999999,0.0
-14.962499999999999,13.125,0.0
-14.962499999999999,13.162499999999998,0.0
-14.962499999999999,13.2,0.0
-14.962499999999999,13.2375,0.0
-14.962499999999999,13.274999999999999,0.0
-14.962499999999999,13.3125,0.0
-14.962499999999999,13.349999999999998,0.0
-14.962499999999999,13.3875,0.0
-14.962499999999999,13.425,0.0
-14.962499999999999,13.462499999999999,0.0
-14.962499999999999,13.5,
-14.962499999999999,13.537499999999998,
-14.962499999999999,13.575,
-14.962499999999999,13.6125,
-14.962499999999999,13.649999999999999,
-14.962499999999999,13.6875,
-14.962499999999999,13.724999999999998,
-14.962499999999999,13.7625,
-14.962499999999999,13.8,
-14.962499999999999,13.837499999999999,
-14.962499999999999,13.875,
-14.962499999999999,13.912499999999998,
-14.962499999999999,13.95,
-14.962499999999999,13.9875,
-14.962499999999999,14.024999999999999,
-14.962499999999999,14.0625,
-14.962499999999999,14.099999999999998,
-14.962499999999999,14.1375,
-14.962499999999999,14.175,
-14.962499999999999,14.212499999999999,
-14.962499999999999,14.25,
-14.962499999999999,14.287499999999998,
-14.962499999999999,14.325,
-14.962499999999999,14.3625,
-14.962499999999999,14.399999999999999,
-14.962499999999999,14.4375,
-14.962499999999999,14.474999999999998,
-14.962499999999999,14.5125,
-14.962499999999999,14.55,
-14.962499999999999,14.587499999999999,
-14.962499999999999,14.625,
-14.962499999999999,14.662499999999998,
-14.962499999999999,14.7,
-14.962499999999999,14.7375,
-14.962499999999999,14.774999999999999,
-14.962499999999999,14.8125,
-14.962499999999999,14.849999999999998,
-14.962499999999999,14.8875,
-14.962499999999999,14.925,
-14.962499999999999,14.962499999999999,
-14.962499999999999,15.0,
-14.962499999999999,15.037499999999998,
-14.962499999999999,15.075,
-14.925,12.45,
-14.925,12.4875,
-14.925,12.524999999999999,
-14.925,12.5625,
-14.925,12.599999999999998,
-14.925,12.6375,
-14.925,12.675,
-14.925,12.712499999999999,0.0
-14.925,12.75,0.0
-14.925,12.787499999999998,0.0
-14.925,12.825,0.0
-14.925,12.8625,0.0
-14.925,12.899999999999999,0.0
-14.925,12.9375,0.0
-14.925,12.974999999999998,0.0
-14.925,13.0125,0.0
-14.925,13.05,0.0
-14.925,13.087499999999999,0.0
-14.925,13.125,0.0
-14.925,13.162499999999998,0.0
-14.925,13.2,0.0
-14.925,13.2375,0.0
-14.925,13.274999999999999,0.0
-14.925,13.3125,0.0
-14.925,13.349999999999998,0.0
-14.925,13.3875,0.0
-14.925,13.425,0.0
-14.925,13.462499999999999,
-14.925,13.5,
-14.925,13.537499999999998,
-14.925,13.575,
-14.925,13.6125,
-14.925,13.649999999999999,
-14.925,13.6875,
-14.925,13.724999999999998,
-14.925,13.7625,
-14.925,13.8,
-14.925,13.837499999999999,
-14.925,13.875,
-14.925,13.912499999999998,
-14.925,13.95,
-14.925,13.9875,
-14.925,14.024999999999999,
-14.925,14.0625,
-14.925,14.099999999999998,
-14.925,14.1375,
-14.925,14.175,
-14.925,14.212499999999999,
-14.925,14.25,
-14.925,14.287499999999998,
-14.925,14.325,
-14.925,14.3625,
-14.925,14.399999999999999,
-14.925,14.4375,
-14.925,14.474999999999998,
-14.925,14.5125,
-14.925,14.55,
-14.925,14.587499999999999,
-14.925,14.625,
-14.925,14.662499999999998,
-14.925,14.7,
-14.925,14.7375,
-14.925,14.774999999999999,
-14.925,14.8125,
-14.925,14.849999999999998,
-14.925,14.8875,
-14.925,14.925,
-14.925,14.962499999999999,
-14.925,15.0,
-14.925,15.037499999999998,
-14.925,15.075,
-14.8875,12.45,
-14.8875,12.4875,
-14.8875,12.524999999999999,
-14.8875,12.5625,
-14.8875,12.599999999999998,
-14.8875,12.6375,
-14.8875,12.675,
-14.8875,12.712499999999999,0.0
-14.8875,12.75,0.0
-14.8875,12.787499999999998,0.0
-14.8875,12.825,0.0
-14.8875,12.8625,0.0
-14.8875,12.899999999999999,0.0
-14.8875,12.9375,0.0
-14.8875,12.974999999999998,0.0
-14.8875,13.0125,0.0
-14.8875,13.05,0.0
-14.8875,13.087499999999999,0.0
-14.8875,13.125,0.0
-14.8875,13.162499999999998,0.0
-14.8875,13.2,0.0
-14.8875,13.2375,0.0
-14.8875,13.274999999999999,0.0
-14.8875,13.3125,0.0
-14.8875,13.349999999999998,0.0
-14.8875,13.3875,0.0
-14.8875,13.425,0.0
-14.8875,13.462499999999999,
-14.8875,13.5,
-14.8875,13.537499999999998,
-14.8875,13.575,
-14.8875,13.6125,
-14.8875,13.649999999999999,
-14.8875,13.6875,
-14.8875,13.724999999999998,
-14.8875,13.7625,
-14.8875,13.8,
-14.8875,13.837499999999999,
-14.8875,13.875,
-14.8875,13.912499999999998,
-14.8875,13.95,
-14.8875,13.9875,
-14.8875,14.024999999999999,
-14.8875,14.0625,
-14.8875,14.099999999999998,
-14.8875,14.1375,
-14.8875,14.175,
-14.8875,14.212499999999999,
-14.8875,14.25,
-14.8875,14.287499999999998,
-14.8875,14.325,
-14.8875,14.3625,
-14.8875,14.399999999999999,
-14.8875,14.4375,
-14.8875,14.474999999999998,
-14.8875,14.5125,
-14.8875,14.55,
-14.8875,14.587499999999999,
-14.8875,14.625,
-14.8875,14.662499999999998,
-14.8875,14.7,
-14.8875,14.7375,
-14.8875,14.774999999999999,
-14.8875,14.8125,
-14.8875,14.849999999999998,
-14.8875,14.8875,
-14.8875,14.925,
-14.8875,14.962499999999999,
-14.8875,15.0,
-14.8875,15.037499999999998,
-14.8875,15.075,
-14.85,12.45,
-14.85,12.4875,
-14.85,12.524999999999999,
-14.85,12.5625,
-14.85,12.599999999999998,
-14.85,12.6375,
-14.85,12.675,
-14.85,12.712499999999999,0.0
-14.85,12.75,0.0
-14.85,12.787499999999998,0.0
-14.85,12.825,0.0
-14.85,12.8625,0.0
-14.85,12.899999999999999,0.0
-14.85,12.9375,0.0
-14.85,12.974999999999998,0.0
-14.85,13.0125,0.0
-14.85,13.05,0.0
-14.85,13.087499999999999,0.0
-14.85,13.125,0.0
-14.85,13.162499999999998,0.0
-14.85,13.2,0.0
-14.85,13.2375,0.0
-14.85,13.274999999999999,0.0
-14.85,13.3125,0.0
-14.85,13.349999999999998,0.0
-14.85,13.3875,0.0
-14.85,13.425,0.0
-14.85,13.462499999999999,
-14.85,13.5,
-14.85,13.537499999999998,
-14.85,13.575,
-14.85,13.6125,
-14.85,13.649999999999999,
-14.85,13.6875,
-14.85,13.724999999999998,
-14.85,13.7625,
-14.85,13.8,
-14.85,13.837499999999999,
-14.85,13.875,
-14.85,13.912499999999998,
-14.85,13.95,
-14.85,13.9875,
-14.85,14.024999999999999,
-14.85,14.0625,
-14.85,14.099999999999998,
-14.85,14.1375,
-14.85,14.175,
-14.85,14.212499999999999,
-14.85,14.25,
-14.85,14.287499999999998,
-14.85,14.325,
-14.85,14.3625,
-14.85,14.399999999999999,
-14.85,14.4375,
-14.85,14.474999999999998,
-14.85,14.5125,
-14.85,14.55,
-14.85,14.587499999999999,
-14.85,14.625,
-14.85,14.662499999999998,
-14.85,14.7,
-14.85,14.7375,
-14.85,14.774999999999999,
-14.85,14.8125,
-14.85,14.849999999999998,
-14.85,14.8875,
-14.85,14.925,
-14.85,14.962499999999999,
-14.85,15.0,
-14.85,15.037499999999998,
-14.85,15.075,
-14.8125,12.45,
-14.8125,12.4875,
-14.8125,12.524999999999999,
-14.8125,12.5625,
-14.8125,12.599999999999998,
-14.8125,12.6375,
-14.8125,12.675,
-14.8125,12.712499999999999,0.0
-14.8125,12.75,0.0
-14.8125,12.787499999999998,0.0
-14.8125,12.825,0.0
-14.8125,12.8625,0.0
-14.8125,12.899999999999999,0.0
-14.8125,12.9375,0.0
-14.8125,12.974999999999998,0.0
-14.8125,13.0125,0.0
-14.8125,13.05,0.0
-14.8125,13.087499999999999,0.0
-14.8125,13.125,0.0
-14.8125,13.162499999999998,0.0
-14.8125,13.2,0.0
-14.8125,13.2375,0.0
-14.8125,13.274999999999999,0.0
-14.8125,13.3125,0.0
-14.8125,13.349999999999998,0.0
-14.8125,13.3875,0.0
-14.8125,13.425,
-14.8125,13.462499999999999,
-14.8125,13.5,
-14.8125,13.537499999999998,
-14.8125,13.575,
-14.8125,13.6125,
-14.8125,13.649999999999999,
-14.8125,13.6875,
-14.8125,13.724999999999998,
-14.8125,13.7625,0.1
-14.8125,13.8,
-14.8125,13.837499999999999,
-14.8125,13.875,
-14.8125,13.912499999999998,
-14.8125,13.95,
-14.8125,13.9875,
-14.8125,14.024999999999999,
-14.8125,14.0625,
-14.8125,14.099999999999998,
-14.8125,14.1375,
-14.8125,14.175,
-14.8125,14.212499999999999,
-14.8125,14.25,
-14.8125,14.287499999999998,
-14.8125,14.325,
-14.8125,14.3625,
-14.8125,14.399999999999999,
-14.8125,14.4375,
-14.8125,14.474999999999998,
-14.8125,14.5125,
-14.8125,14.55,
-14.8125,14.587499999999999,
-14.8125,14.625,
-14.8125,14.662499999999998,
-14.8125,14.7,
-14.8125,14.7375,
-14.8125,14.774999999999999,
-14.8125,14.8125,
-14.8125,14.849999999999998,
-14.8125,14.8875,
-14.8125,14.925,
-14.8125,14.962499999999999,
-14.8125,15.0,
-14.8125,15.037499999999998,
-14.8125,15.075,
-14.774999999999999,12.45,
-14.774999999999999,12.4875,
-14.774999999999999,12.524999999999999,
-14.774999999999999,12.5625,
-14.774999999999999,12.599999999999998,
-14.774999999999999,12.6375,
-14.774999999999999,12.675,
-14.774999999999999,12.712499999999999,0.0
-14.774999999999999,12.75,0.0
-14.774999999999999,12.787499999999998,0.0
-14.774999999999999,12.825,0.0
-14.774999999999999,12.8625,0.0
-14.774999999999999,12.899999999999999,0.0
-14.774999999999999,12.9375,0.0
-14.774999999999999,12.974999999999998,0.0
-14.774999999999999,13.0125,0.0
-14.774999999999999,13.05,0.0
-14.774999999999999,13.087499999999999,0.0
-14.774999999999999,13.125,0.0
-14.774999999999999,13.162499999999998,0.0
-14.774999999999999,13.2,0.0
-14.774999999999999,13.2375,0.0
-14.774999999999999,13.274999999999999,0.0
-14.774999999999999,13.3125,0.0
-14.774999999999999,13.349999999999998,0.0
-14.774999999999999,13.3875,0.0
-14.774999999999999,13.425,
-14.774999999999999,13.462499999999999,
-14.774999999999999,13.5,
-14.774999999999999,13.537499999999998,
-14.774999999999999,13.575,
-14.774999999999999,13.6125,
-14.774999999999999,13.649999999999999,0.0
-14.774999999999999,13.6875,0.0
-14.774999999999999,13.724999999999998,0.050000000000000086
-14.774999999999999,13.7625,0.050000000000000086
-14.774999999999999,13.8,0.15000000000000008
-14.774999999999999,13.837499999999999,
-14.774999999999999,13.875,
-14.774999999999999,13.912499999999998,
-14.774999999999999,13.95,
-14.774999999999999,13.9875,
-14.774999999999999,14.024999999999999,
-14.774999999999999,14.0625,
-14.774999999999999,14.099999999999998,
-14.774999999999999,14.1375,
-14.774999999999999,14.175,
-14.774999999999999,14.212499999999999,
-14.774999999999999,14.25,
-14.774999999999999,14.287499999999998,
-14.774999999999999,14.325,
-14.774999999999999,14.3625,
-14.774999999999999,14.399999999999999,
-14.774999999999999,14.4375,
-14.774999999999999,14.474999999999998,
-14.774999999999999,14.5125,
-14.774999999999999,14.55,
-14.774999999999999,14.587499999999999,
-14.774999999999999,14.625,
-14.774999999999999,14.662499999999998,
-14.774999999999999,14.7,
-14.774999999999999,14.7375,
-14.774999999999999,14.774999999999999,
-14.774999999999999,14.8125,
-14.774999999999999,14.849999999999998,
-14.774999999999999,14.8875,
-14.774999999999999,14.925,
-14.774999999999999,14.962499999999999,
-14.774999999999999,15.0,
-14.774999999999999,15.037499999999998,
-14.774999999999999,15.075,
-14.7375,12.45,
-14.7375,12.4875,
-14.7375,12.524999999999999,
-14.7375,12.5625,
-14.7375,12.599999999999998,
-14.7375,12.6375,
-14.7375,12.675,
-14.7375,12.712499999999999,0.0
-14.7375,12.75,0.0
-14.7375,12.787499999999998,0.0
-14.7375,12.825,0.0
-14.7375,12.8625,0.0
-14.7375,12.899999999999999,0.0
-14.7375,12.9375,0.0
-14.7375,12.974999999999998,0.0
-14.7375,13.0125,0.0
-14.7375,13.05,0.0
-14.7375,13.087499999999999,0.0
-14.7375,13.125,0.0
-14.7375,13.162499999999998,0.0
-14.7375,13.2,0.0
-14.7375,13.2375,0.0
-14.7375,13.274999999999999,0.0
-14.7375,13.3125,0.0
-14.7375,13.349999999999998,0.0
-14.7375,13.3875,
-14.7375,13.425,
-14.7375,13.462499999999999,
-14.7375,13.5,
-14.7375,13.537499999999998,
-14.7375,13.575,
-14.7375,13.6125,
-14.7375,13.649999999999999,0.0
-14.7375,13.6875,0.0
-14.7375,13.724999999999998,0.0
-14.7375,13.7625,0.0
-14.7375,13.8,0.1
-14.7375,13.837499999999999,
-14.7375,13.875,
-14.7375,13.912499999999998,
-14.7375,13.95,
-14.7375,13.9875,
-14.7375,14.024999999999999,
-14.7375,14.0625,
-14.7375,14.099999999999998,
-14.7375,14.1375,
-14.7375,14.175,
-14.7375,14.212499999999999,
-14.7375,14.25,
-14.7375,14.287499999999998,
-14.7375,14.325,
-14.7375,14.3625,
-14.7375,14.399999999999999,
-14.7375,14.4375,
-14.7375,14.474999999999998,
-14.7375,14.5125,
-14.7375,14.55,
-14.7375,14.587499999999999,
-14.7375,14.625,
-14.7375,14.662499999999998,
-14.7375,14.7,
-14.7375,14.7375,
-14.7375,14.774999999999999,
-14.7375,14.8125,
-14.7375,14.849999999999998,
-14.7375,14.8875,
-14.7375,14.925,
-14.7375,14.962499999999999,
-14.7375,15.0,
-14.7375,15.037499999999998,
-14.7375,15.075,
-14.7,12.45,
-14.7,12.4875,
-14.7,12.524999999999999,
-14.7,12.5625,
-14.7,12.599999999999998,
-14.7,12.6375,
-14.7,12.675,
-14.7,12.712499999999999,0.0
-14.7,12.75,0.0
-14.7,12.787499999999998,0.0
-14.7,12.825,0.0
-14.7,12.8625,0.0
-14.7,12.899999999999999,0.0
-14.7,12.9375,0.0
-14.7,12.974999999999998,0.0
-14.7,13.0125,0.0
-14.7,13.05,0.0
-14.7,13.087499999999999,0.0
-14.7,13.125,0.0
-14.7,13.162499999999998,0.0
-14.7,13.2,0.0
-14.7,13.2375,0.0
-14.7,13.274999999999999,0.0
-14.7,13.3125,0.0
-14.7,13.349999999999998,0.0
-14.7,13.3875,
-14.7,13.425,
-14.7,13.462499999999999,
-14.7,13.5,
-14.7,13.537499999999998,
-14.7,13.575,
-14.7,13.6125,
-14.7,13.649999999999999,0.0
-14.7,13.6875,0.050000000000000086
-14.7,13.724999999999998,0.050000000000000086
-14.7,13.7625,0.0
-14.7,13.8,0.0
-14.7,13.837499999999999,0.1
-14.7,13.875,
-14.7,13.912499999999998,
-14.7,13.95,
-14.7,13.9875,
-14.7,14.024999999999999,
-14.7,14.0625,
-14.7,14.099999999999998,
-14.7,14.1375,
-14.7,14.175,
-14.7,14.212499999999999,
-14.7,14.25,
-14.7,14.287499999999998,
-14.7,14.325,
-14.7,14.3625,
-14.7,14.399999999999999,
-14.7,14.4375,
-14.7,14.474999999999998,
-14.7,14.5125,
-14.7,14.55,
-14.7,14.587499999999999,
-14.7,14.625,
-14.7,14.662499999999998,
-14.7,14.7,
-14.7,14.7375,
-14.7,14.774999999999999,
-14.7,14.8125,
-14.7,14.849999999999998,
-14.7,14.8875,
-14.7,14.925,
-14.7,14.962499999999999,
-14.7,15.0,
-14.7,15.037499999999998,
-14.7,15.075,
-14.6625,12.45,
-14.6625,12.4875,
-14.6625,12.524999999999999,
-14.6625,12.5625,
-14.6625,12.599999999999998,
-14.6625,12.6375,
-14.6625,12.675,
-14.6625,12.712499999999999,0.0
-14.6625,12.75,0.0
-14.6625,12.787499999999998,0.0
-14.6625,12.825,0.0
-14.6625,12.8625,0.0
-14.6625,12.899999999999999,0.0
-14.6625,12.9375,0.0
-14.6625,12.974999999999998,0.0
-14.6625,13.0125,0.0
-14.6625,13.05,0.0
-14.6625,13.087499999999999,0.0
-14.6625,13.125,0.0
-14.6625,13.162499999999998,0.0
-14.6625,13.2,0.0
-14.6625,13.2375,0.0
-14.6625,13.274999999999999,0.0
-14.6625,13.3125,0.0
-14.6625,13.349999999999998,
-14.6625,13.3875,
-14.6625,13.425,
-14.6625,13.462499999999999,
-14.6625,13.5,
-14.6625,13.537499999999998,
-14.6625,13.575,
-14.6625,13.6125,
-14.6625,13.649999999999999,0.0
-14.6625,13.6875,0.0
-14.6625,13.724999999999998,0.050000000000000086
-14.6625,13.7625,0.1
-14.6625,13.8,0.1
-14.6625,13.837499999999999,0.1
-14.6625,13.875,0.30000000000000016
-14.6625,13.912499999999998,
-14.6625,13.95,
-14.6625,13.9875,
-14.6625,14.024999999999999,
-14.6625,14.0625,
-14.6625,14.099999999999998,
-14.6625,14.1375,
-14.6625,14.175,
-14.6625,14.212499999999999,
-14.6625,14.25,
-14.6625,14.287499999999998,
-14.6625,14.325,
-14.6625,14.3625,
-14.6625,14.399999999999999,
-14.6625,14.4375,
-14.6625,14.474999999999998,
-14.6625,14.5125,
-14.6625,14.55,
-14.6625,14.587499999999999,
-14.6625,14.625,
-14.6625,14.662499999999998,
-14.6625,14.7,
-14.6625,14.7375,
-14.6625,14.774999999999999,
-14.6625,14.8125,
-14.6625,14.849999999999998,
-14.6625,14.8875,
-14.6625,14.925,
-14.6625,14.962499999999999,
-14.6625,15.0,
-14.6625,15.037499999999998,
-14.6625,15.075,
-14.625,12.45,
-14.625,12.4875,
-14.625,12.524999999999999,
-14.625,12.5625,
-14.625,12.599999999999998,
-14.625,12.6375,
-14.625,12.675,
-14.625,12.712499999999999,0.0
-14.625,12.75,0.0
-14.625,12.787499999999998,0.0
-14.625,12.825,0.0
-14.625,12.8625,0.0
-14.625,12.899999999999999,0.0
-14.625,12.9375,0.0
-14.625,12.974999999999998,0.0
-14.625,13.0125,0.0
-14.625,13.05,0.0
-14.625,13.087499999999999,0.0
-14.625,13.125,0.0
-14.625,13.162499999999998,0.0
-14.625,13.2,0.0
-14.625,13.2375,0.0
-14.625,13.274999999999999,0.0
-14.625,13.3125,0.0
-14.625,13.349999999999998,
-14.625,13.3875,
-14.625,13.425,
-14.625,13.462499999999999,
-14.625,13.5,
-14.625,13.537499999999998,
-14.625,13.575,
-14.625,13.6125,
-14.625,13.649999999999999,
-14.625,13.6875,0.0
-14.625,13.724999999999998,0.0
-14.625,13.7625,0.050000000000000086
-14.625,13.8,0.0
-14.625,13.837499999999999,0.1
-14.625,13.875,0.2500000000000001
-14.625,13.912499999999998,0.3
-14.625,13.95,
-14.625,13.9875,
-14.625,14.024999999999999,
-14.625,14.0625,
-14.625,14.099999999999998,
-14.625,14.1375,
-14.625,14.175,
-14.625,14.212499999999999,
-14.625,14.25,
-14.625,14.287499999999998,-4.049999999999999
-14.625,14.325,-3.883333333333333
-14.625,14.3625,-4.316666666666666
-14.625,14.399999999999999,-3.983333333333333
-14.625,14.4375,-3.233333333333333
-14.625,14.474999999999998,-2.5
-14.625,14.5125,-2.25
-14.625,14.55,-2.166666666666667
-14.625,14.587499999999999,
-14.625,14.625,
-14.625,14.662499999999998,
-14.625,14.7,
-14.625,14.7375,
-14.625,14.774999999999999,
-14.625,14.8125,
-14.625,14.849999999999998,
-14.625,14.8875,
-14.625,14.925,
-14.625,14.962499999999999,
-14.625,15.0,
-14.625,15.037499999999998,
-14.625,15.075,
-14.587499999999999,12.45,
-14.587499999999999,12.4875,
-14.587499999999999,12.524999999999999,
-14.587499999999999,12.5625,
-14.587499999999999,12.599999999999998,
-14.587499999999999,12.6375,
-14.587499999999999,12.675,
-14.587499999999999,12.712499999999999,0.0
-14.587499999999999,12.75,0.0
-14.587499999999999,12.787499999999998,0.0
-14.587499999999999,12.825,0.0
-14.587499999999999,12.8625,0.0
-14.587499999999999,12.899999999999999,0.0
-14.587499999999999,12.9375,0.0
-14.587499999999999,12.974999999999998,0.0
-14.587499999999999,13.0125,0.0
-14.587499999999999,13.05,0.0
-14.587499999999999,13.087499999999999,0.0
-14.587499999999999,13.125,0.0
-14.587499999999999,13.162499999999998,0.0
-14.587499999999999,13.2,0.0
-14.587499999999999,13.2375,0.0
-14.587499999999999,13.274999999999999,0.0
-14.587499999999999,13.3125,0.0
-14.587499999999999,13.349999999999998,
-14.587499999999999,13.3875,
-14.587499999999999,13.425,
-14.587499999999999,13.462499999999999,
-14.587499999999999,13.5,
-14.587499999999999,13.537499999999998,
-14.587499999999999,13.575,
-14.587499999999999,13.6125,
-14.587499999999999,13.649999999999999,
-14.587499999999999,13.6875,0.0
-14.587499999999999,13.724999999999998,0.0
-14.587499999999999,13.7625,0.050000000000000086
-14.587499999999999,13.8,0.1
-14.587499999999999,13.837499999999999,0.050000000000000086
-14.587499999999999,13.875,0.2500000000000001
-14.587499999999999,13.912499999999998,0.2500000000000001
-14.587499999999999,13.95,0.30000000000000016
-14.587499999999999,13.9875,0.15000000000000008
-14.587499999999999,14.024999999999999,
-14.587499999999999,14.0625,-2.683333333333333
-14.587499999999999,14.099999999999998,-6.199999999999999
-14.587499999999999,14.1375,
-14.587499999999999,14.175,-5.433333333333334
-14.587499999999999,14.212499999999999,-5.066666666666666
-14.587499999999999,14.25,-4.4833333333333325
-14.587499999999999,14.287499999999998,-4.016666666666666
-14.587499999999999,14.325,-4.316666666666666
-14.587499999999999,14.3625,-3.3999999999999995
-14.587499999999999,14.399999999999999,-4.183333333333333
-14.587499999999999,14.4375,-2.7666666666666666
-14.587499999999999,14.474999999999998,-2.383333333333332
-14.587499999999999,14.5125,-2.2
-14.587499999999999,14.55,-2.1833333333333336
-14.587499999999999,14.587499999999999,
-14.587499999999999,14.625,
-14.587499999999999,14.662499999999998,
-14.587499999999999,14.7,
-14.587499999999999,14.7375,
-14.587499999999999,14.774999999999999,
-14.587499999999999,14.8125,
-14.587499999999999,14.849999999999998,
-14.587499999999999,14.8875,
-14.587499999999999,14.925,
-14.587499999999999,14.962499999999999,
-14.587499999999999,15.0,
-14.587499999999999,15.037499999999998,
-14.587499999999999,15.075,
-14.55,12.45,
-14.55,12.4875,
-14.55,12.524999999999999,
-14.55,12.5625,
-14.55,12.599999999999998,
-14.55,12.6375,
-14.55,12.675,
-14.55,12.712499999999999,0.0
-14.55,12.75,0.0
-14.55,12.787499999999998,0.0
-14.55,12.825,0.0
-14.55,12.8625,0.0
-14.55,12.899999999999999,0.0
-14.55,12.9375,0.0
-14.55,12.974999999999998,0.0
-14.55,13.0125,0.0
-14.55,13.05,0.0
-14.55,13.087499999999999,0.0
-14.55,13.125,0.0
-14.55,13.162499999999998,0.0
-14.55,13.2,0.0
-14.55,13.2375,0.0
-14.55,13.274999999999999,0.0
-14.55,13.3125,0.0
-14.55,13.349999999999998,
-14.55,13.3875,
-14.55,13.425,
-14.55,13.462499999999999,
-14.55,13.5,
-14.55,13.537499999999998,
-14.55,13.575,
-14.55,13.6125,
-14.55,13.649999999999999,0.0
-14.55,13.6875,0.0
-14.55,13.724999999999998,0.0
-14.55,13.7625,0.0
-14.55,13.8,0.050000000000000086
-14.55,13.837499999999999,0.1
-14.55,13.875,0.15000000000000008
-14.55,13.912499999999998,0.15000000000000008
-14.55,13.95,0.15000000000000008
-14.55,13.9875,0.050000000000000086
-14.55,14.024999999999999,0.2500000000000003
-14.55,14.0625,-2.5166666666666666
-14.55,14.099999999999998,-6.116666666666666
-14.55,14.1375,-5.666666666666666
-14.55,14.175,-5.35
-14.55,14.212499999999999,-4.883333333333333
-14.55,14.25,-4.35
-14.55,14.287499999999998,-4.266666666666666
-14.55,14.325,-3.2833333333333328
-14.55,14.3625,-2.999999999999999
-14.55,14.399999999999999,-3.349999999999999
-14.55,14.4375,-3.7999999999999994
-14.55,14.474999999999998,-2.4833333333333334
-14.55,14.5125,-2.1333333333333337
-14.55,14.55,-2.1333333333333337
-14.55,14.587499999999999,
-14.55,14.625,
-14.55,14.662499999999998,
-14.55,14.7,
-14.55,14.7375,
-14.55,14.774999999999999,
-14.55,14.8125,
-14.55,14.849999999999998,
-14.55,14.8875,
-14.55,14.925,
-14.55,14.962499999999999,
-14.55,15.0,
-14.55,15.037499999999998,
-14.55,15.075,
-14.5125,12.45,
-14.5125,12.4875,
-14.5125,12.524999999999999,
-14.5125,12.5625,
-14.5125,12.599999999999998,
-14.5125,12.6375,
-14.5125,12.675,
-14.5125,12.712499999999999,0.0
-14.5125,12.75,0.0
-14.5125,12.787499999999998,0.0
-14.5125,12.825,0.0
-14.5125,12.8625,0.0
-14.5125,12.899999999999999,0.0
-14.5125,12.9375,0.0
-14.5125,12.974999999999998,0.0
-14.5125,13.0125,0.0
-14.5125,13.05,0.0
-14.5125,13.087499999999999,0.0
-14.5125,13.125,0.0
-14.5125,13.162499999999998,0.0
-14.5125,13.2,0.0
-14.5125,13.2375,0.0
-14.5125,13.274999999999999,0.0
-14.5125,13.3125,
-14.5125,13.349999999999998,
-14.5125,13.3875,
-14.5125,13.425,
-14.5125,13.462499999999999,
-14.5125,13.5,
-14.5125,13.537499999999998,
-14.5125,13.575,
-14.5125,13.6125,
-14.5125,13.649999999999999,0.0
-14.5125,13.6875,0.0
-14.5125,13.724999999999998,0.0
-14.5125,13.7625,0.0
-14.5125,13.8,0.0
-14.5125,13.837499999999999,0.1
-14.5125,13.875,0.15000000000000008
-14.5125,13.912499999999998,0.2500000000000001
-14.5125,13.95,0.30000000000000016
-14.5125,13.9875,0.15000000000000008
-14.5125,14.024999999999999,0.35000000000000026
-14.5125,14.0625,0.30000000000000016
-14.5125,14.099999999999998,0.5500000000000004
-14.5125,14.1375,-5.8999999999999995
-14.5125,14.175,-5.266666666666667
-14.5125,14.212499999999999,-4.333333333333333
-14.5125,14.25,-4.116666666666666
-14.5125,14.287499999999998,-3.6666666666666665
-14.5125,14.325,-3.2166666666666663
-14.5125,14.3625,-2.5666666666666664
-14.5125,14.399999999999999,-2.6500000000000004
-14.5125,14.4375,-3.6499999999999995
-14.5125,14.474999999999998,-2.25
-14.5125,14.5125,-2.033333333333333
-14.5125,14.55,-2.1166666666666663
-14.5125,14.587499999999999,
-14.5125,14.625,
-14.5125,14.662499999999998,
-14.5125,14.7,
-14.5125,14.7375,
-14.5125,14.774999999999999,
-14.5125,14.8125,
-14.5125,14.849999999999998,
-14.5125,14.8875,
-14.5125,14.925,
-14.5125,14.962499999999999,
-14.5125,15.0,
-14.5125,15.037499999999998,
-14.5125,15.075,
-14.475,12.45,
-14.475,12.4875,
-14.475,12.524999999999999,
-14.475,12.5625,
-14.475,12.599999999999998,
-14.475,12.6375,
-14.475,12.675,
-14.475,12.712499999999999,0.0
-14.475,12.75,0.0
-14.475,12.787499999999998,0.0
-14.475,12.825,0.0
-14.475,12.8625,0.0
-14.475,12.899999999999999,0.0
-14.475,12.9375,0.0
-14.475,12.974999999999998,0.0
-14.475,13.0125,0.0
-14.475,13.05,0.0
-14.475,13.087499999999999,0.0
-14.475,13.125,0.0
-14.475,13.162499999999998,0.0
-14.475,13.2,0.0
-14.475,13.2375,0.0
-14.475,13.274999999999999,0.0
-14.475,13.3125,
-14.475,13.349999999999998,
-14.475,13.3875,
-14.475,13.425,
-14.475,13.462499999999999,
-14.475,13.5,
-14.475,13.537499999999998,
-14.475,13.575,
-14.475,13.6125,0.0
-14.475,13.649999999999999,0.0
-14.475,13.6875,0.0
-14.475,13.724999999999998,0.0
-14.475,13.7625,0.050000000000000086
-14.475,13.8,0.1
-14.475,13.837499999999999,0.1
-14.475,13.875,0.15000000000000008
-14.475,13.912499999999998,0.2500000000000003
-14.475,13.95,0.31666666666666693
-14.475,13.9875,0.15000000000000008
-14.475,14.024999999999999,0.5000000000000003
-14.475,14.0625,-3.4999999999999996
-14.475,14.099999999999998,-5.966666666666666
-14.475,14.1375,-5.6499999999999995
-14.475,14.175,-5.35
-14.475,14.212499999999999,-4.35
-14.475,14.25,-3.9499999999999997
-14.475,14.287499999999998,-3.3499999999999996
-14.475,14.325,-2.8166666666666664
-14.475,14.3625,-2.6500000000000004
-14.475,14.399999999999999,-2.533333333333333
-14.475,14.4375,-3.4499999999999997
-14.475,14.474999999999998,-2.1333333333333337
-14.475,14.5125,-2.166666666666667
-14.475,14.55,-1.8499999999999996
-14.475,14.587499999999999,-1.7833333333333332
-14.475,14.625,
-14.475,14.662499999999998,
-14.475,14.7,
-14.475,14.7375,
-14.475,14.774999999999999,
-14.475,14.8125,
-14.475,14.849999999999998,
-14.475,14.8875,
-14.475,14.925,
-14.475,14.962499999999999,
-14.475,15.0,
-14.475,15.037499999999998,
-14.475,15.075,
-14.4375,12.45,
-14.4375,12.4875,
-14.4375,12.524999999999999,
-14.4375,12.5625,
-14.4375,12.599999999999998,
-14.4375,12.6375,
-14.4375,12.675,
-14.4375,12.712499999999999,0.0
-14.4375,12.75,0.0
-14.4375,12.787499999999998,0.0
-14.4375,12.825,0.0
-14.4375,12.8625,0.0
-14.4375,12.899999999999999,0.0
-14.4375,12.9375,0.0
-14.4375,12.974999999999998,0.0
-14.4375,13.0125,0.0
-14.4375,13.05,0.0
-14.4375,13.087499999999999,0.0
-14.4375,13.125,0.0
-14.4375,13.162499999999998,0.0
-14.4375,13.2,0.0
-14.4375,13.2375,0.0
-14.4375,13.274999999999999,
-14.4375,13.3125,
-14.4375,13.349999999999998,
-14.4375,13.3875,
-14.4375,13.425,
-14.4375,13.462499999999999,
-14.4375,13.5,
-14.4375,13.537499999999998,0.0
-14.4375,13.575,0.0
-14.4375,13.6125,0.0
-14.4375,13.649999999999999,0.0
-14.4375,13.6875,0.0
-14.4375,13.724999999999998,0.0
-14.4375,13.7625,0.15000000000000008
-14.4375,13.8,0.20000000000000018
-14.4375,13.837499999999999,0.3000000000000004
-14.4375,13.875,0.2500000000000003
-14.4375,13.912499999999998,0.3333333333333336
-14.4375,13.95,0.2500000000000001
-14.4375,13.9875,0.050000000000000086
-14.4375,14.024999999999999,0.4166666666666668
-14.4375,14.0625,-3.3333333333333326
-14.4375,14.099999999999998,-6.033333333333333
-14.4375,14.1375,-5.233333333333333
-14.4375,14.175,-4.85
-14.4375,14.212499999999999,-4.35
-14.4375,14.25,-3.633333333333333
-14.4375,14.287499999999998,-2.966666666666666
-14.4375,14.325,-5.516666666666667
-14.4375,14.3625,-2.5166666666666666
-14.4375,14.399999999999999,-2.6166666666666663
-14.4375,14.4375,-2.383333333333332
-14.4375,14.474999999999998,-1.6166666666666663
-14.4375,14.5125,-1.6333333333333337
-14.4375,14.55,-1.6500000000000004
-14.4375,14.587499999999999,-1.5999999999999996
-14.4375,14.625,
-14.4375,14.662499999999998,
-14.4375,14.7,
-14.4375,14.7375,
-14.4375,14.774999999999999,
-14.4375,14.8125,
-14.4375,14.849999999999998,
-14.4375,14.8875,
-14.4375,14.925,
-14.4375,14.962499999999999,
-14.4375,15.0,
-14.4375,15.037499999999998,
-14.4375,15.075,
-14.399999999999999,12.45,
-14.399999999999999,12.4875,
-14.399999999999999,12.524999999999999,
-14.399999999999999,12.5625,
-14.399999999999999,12.599999999999998,
-14.399999999999999,12.6375,
-14.399999999999999,12.675,
-14.399999999999999,12.712499999999999,0.0
-14.399999999999999,12.75,0.0
-14.399999999999999,12.787499999999998,0.0
-14.399999999999999,12.825,0.0
-14.399999999999999,12.8625,0.0
-14.399999999999999,12.899999999999999,0.0
-14.399999999999999,12.9375,0.0
-14.399999999999999,12.974999999999998,0.0
-14.399999999999999,13.0125,0.0
-14.399999999999999,13.05,0.0
-14.399999999999999,13.087499999999999,0.0
-14.399999999999999,13.125,0.0
-14.399999999999999,13.162499999999998,0.0
-14.399999999999999,13.2,0.0
-14.399999999999999,13.2375,0.0
-14.399999999999999,13.274999999999999,
-14.399999999999999,13.3125,
-14.399999999999999,13.349999999999998,
-14.399999999999999,13.3875,
-14.399999999999999,13.425,
-14.399999999999999,13.462499999999999,
-14.399999999999999,13.5,0.0
-14.399999999999999,13.537499999999998,0.0
-14.399999999999999,13.575,0.0
-14.399999999999999,13.6125,0.0
-14.399999999999999,13.649999999999999,0.0
-14.399999999999999,13.6875,0.050000000000000086
-14.399999999999999,13.724999999999998,0.1
-14.399999999999999,13.7625,0.15000000000000008
-14.399999999999999,13.8,0.2500000000000003
-14.399999999999999,13.837499999999999,0.31666666666666704
-14.399999999999999,13.875,0.31666666666666704
-14.399999999999999,13.912499999999998,0.20000000000000018
-14.399999999999999,13.95,0.4333333333333335
-14.399999999999999,13.9875,0.15000000000000008
-14.399999999999999,14.024999999999999,0.4333333333333335
-14.399999999999999,14.0625,-3.0999999999999996
-14.399999999999999,14.099999999999998,-5.933333333333333
-14.399999999999999,14.1375,-5.1
-14.399999999999999,14.175,-4.516666666666667
-14.399999999999999,14.212499999999999,-4.016666666666666
-14.399999999999999,14.25,-6.383333333333333
-14.399999999999999,14.287499999999998,-5.766666666666667
-14.399999999999999,14.325,-5.466666666666667
-14.399999999999999,14.3625,-2.3
-14.399999999999999,14.399999999999999,-2.5
-14.399999999999999,14.4375,-2.0999999999999996
-14.399999999999999,14.474999999999998,-1.4833333333333334
-14.399999999999999,14.5125,-1.5499999999999998
-14.399999999999999,14.55,-1.7166666666666668
-14.399999999999999,14.587499999999999,-1.4833333333333325
-14.399999999999999,14.625,
-14.399999999999999,14.662499999999998,
-14.399999999999999,14.7,
-14.399999999999999,14.7375,
-14.399999999999999,14.774999999999999,
-14.399999999999999,14.8125,
-14.399999999999999,14.849999999999998,
-14.399999999999999,14.8875,
-14.399999999999999,14.925,
-14.399999999999999,14.962499999999999,
-14.399999999999999,15.0,
-14.399999999999999,15.037499999999998,
-14.399999999999999,15.075,
-14.3625,12.45,
-14.3625,12.4875,
-14.3625,12.524999999999999,
-14.3625,12.5625,
-14.3625,12.599999999999998,
-14.3625,12.6375,
-14.3625,12.675,
-14.3625,12.712499999999999,0.0
-14.3625,12.75,0.0
-14.3625,12.787499999999998,0.0
-14.3625,12.825,0.0
-14.3625,12.8625,0.0
-14.3625,12.899999999999999,0.0
-14.3625,12.9375,0.0
-14.3625,12.974999999999998,0.0
-14.3625,13.0125,0.0
-14.3625,13.05,0.0
-14.3625,13.087499999999999,0.0
-14.3625,13.125,0.0
-14.3625,13.162499999999998,0.0
-14.3625,13.2,0.0
-14.3625,13.2375,
-14.3625,13.274999999999999,
-14.3625,13.3125,
-14.3625,13.349999999999998,
-14.3625,13.3875,
-14.3625,13.425,
-14.3625,13.462499999999999,
-14.3625,13.5,0.0
-14.3625,13.537499999999998,0.0
-14.3625,13.575,0.0
-14.3625,13.6125,0.0
-14.3625,13.649999999999999,0.0
-14.3625,13.6875,0.050000000000000086
-14.3625,13.724999999999998,0.050000000000000086
-14.3625,13.7625,0.15000000000000008
-14.3625,13.8,0.2500000000000003
-14.3625,13.837499999999999,0.26666666666666694
-14.3625,13.875,0.31666666666666704
-14.3625,13.912499999999998,0.3833333333333337
-14.3625,13.95,0.5166666666666668
-14.3625,13.9875,0.3
-14.3625,14.024999999999999,0.31666666666666693
-14.3625,14.0625,0.6666666666666669
-14.3625,14.099999999999998,-5.8
-14.3625,14.1375,-8.25
-14.3625,14.175,-7.4833333333333325
-14.3625,14.212499999999999,-6.949999999999999
-14.3625,14.25,-6.616666666666666
-14.3625,14.287499999999998,-5.816666666666666
-14.3625,14.325,-5.466666666666667
-14.3625,14.3625,-5.166666666666667
-14.3625,14.399999999999999,-2.916666666666666
-14.3625,14.4375,-4.533333333333333
-14.3625,14.474999999999998,-1.6166666666666663
-14.3625,14.5125,-1.4666666666666668
-14.3625,14.55,-1.4000000000000004
-14.3625,14.587499999999999,-1.416666666666667
-14.3625,14.625,
-14.3625,14.662499999999998,
-14.3625,14.7,
-14.3625,14.7375,
-14.3625,14.774999999999999,
-14.3625,14.8125,
-14.3625,14.849999999999998,
-14.3625,14.8875,
-14.3625,14.925,
-14.3625,14.962499999999999,
-14.3625,15.0,
-14.3625,15.037499999999998,
-14.3625,15.075,
-14.325,12.45,
-14.325,12.4875,
-14.325,12.524999999999999,
-14.325,12.5625,
-14.325,12.599999999999998,
-14.325,12.6375,
-14.325,12.675,
-14.325,12.712499999999999,0.0
-14.325,12.75,0.0
-14.325,12.787499999999998,0.0
-14.325,12.825,0.0
-14.325,12.8625,0.0
-14.325,12.899999999999999,0.0
-14.325,12.9375,0.0
-14.325,12.974999999999998,0.0
-14.325,13.0125,0.0
-14.325,13.05,0.0
-14.325,13.087499999999999,0.0
-14.325,13.125,0.0
-14.325,13.162499999999998,0.0
-14.325,13.2,0.0
-14.325,13.2375,
-14.325,13.274999999999999,
-14.325,13.3125,
-14.325,13.349999999999998,
-14.325,13.3875,
-14.325,13.425,
-14.325,13.462499999999999,0.0
-14.325,13.5,0.0
-14.325,13.537499999999998,0.0
-14.325,13.575,0.0
-14.325,13.6125,0.0
-14.325,13.649999999999999,0.0
-14.325,13.6875,0.0
-14.325,13.724999999999998,0.0
-14.325,13.7625,0.0
-14.325,13.8,0.15000000000000008
-14.325,13.837499999999999,0.21666666666666687
-14.325,13.875,0.3833333333333337
-14.325,13.912499999999998,0.4333333333333338
-14.325,13.95,0.4666666666666671
-14.325,13.9875,0.516666666666667
-14.325,14.024999999999999,0.5333333333333337
-14.325,14.0625,0.7500000000000004
-14.325,14.099999999999998,-2.733333333333333
-14.325,14.1375,-8.116666666666667
-14.325,14.175,-7.466666666666667
-14.325,14.212499999999999,-6.699999999999999
-14.325,14.25,-6.449999999999999
-14.325,14.287499999999998,-5.866666666666666
-14.325,14.325,-5.249999999999999
-14.325,14.3625,-5.083333333333333
-14.325,14.399999999999999,-3.0833333333333335
-14.325,14.4375,-4.466666666666667
-14.325,14.474999999999998,-1.5333333333333332
-14.325,14.5125,-1.3166666666666664
-14.325,14.55,-4.933333333333334
-14.325,14.587499999999999,-5.083333333333333
-14.325,14.625,
-14.325,14.662499999999998,
-14.325,14.7,
-14.325,14.7375,
-14.325,14.774999999999999,
-14.325,14.8125,
-14.325,14.849999999999998,
-14.325,14.8875,
-14.325,14.925,
-14.325,14.962499999999999,
-14.325,15.0,
-14.325,15.037499999999998,
-14.325,15.075,
-14.2875,12.45,
-14.2875,12.4875,
-14.2875,12.524999999999999,
-14.2875,12.5625,
-14.2875,12.599999999999998,
-14.2875,12.6375,
-14.2875,12.675,
-14.2875,12.712499999999999,0.0
-14.2875,12.75,0.0
-14.2875,12.787499999999998,0.0
-14.2875,12.825,0.0
-14.2875,12.8625,0.0
-14.2875,12.899999999999999,0.0
-14.2875,12.9375,0.0
-14.2875,12.974999999999998,0.0
-14.2875,13.0125,0.0
-14.2875,13.05,0.0
-14.2875,13.087499999999999,0.0
-14.2875,13.125,0.0
-14.2875,13.162499999999998,0.0
-14.2875,13.2,0.0
-14.2875,13.2375,
-14.2875,13.274999999999999,
-14.2875,13.3125,
-14.2875,13.349999999999998,
-14.2875,13.3875,
-14.2875,13.425,
-14.2875,13.462499999999999,
-14.2875,13.5,0.0
-14.2875,13.537499999999998,0.0
-14.2875,13.575,0.0
-14.2875,13.6125,0.0
-14.2875,13.649999999999999,0.0
-14.2875,13.6875,0.0
-14.2875,13.724999999999998,0.050000000000000086
-14.2875,13.7625,0.1
-14.2875,13.8,0.15000000000000008
-14.2875,13.837499999999999,0.1
-14.2875,13.875,0.43333333333333357
-14.2875,13.912499999999998,0.4333333333333338
-14.2875,13.95,0.4333333333333338
-14.2875,13.9875,0.6166666666666671
-14.2875,14.024999999999999,0.6666666666666672
-14.2875,14.0625,0.716666666666667
-14.2875,14.099999999999998,-2.7666666666666666
-14.2875,14.1375,-8.2
-14.2875,14.175,-7.45
-14.2875,14.212499999999999,-6.6499999999999995
-14.2875,14.25,-6.1499999999999995
-14.2875,14.287499999999998,-5.85
-14.2875,14.325,-5.366666666666666
-14.2875,14.3625,-5.416666666666667
-14.2875,14.399999999999999,-2.5999999999999996
-14.2875,14.4375,-1.8666666666666663
-14.2875,14.474999999999998,-1.2666666666666666
-14.2875,14.5125,-5.016666666666667
-14.2875,14.55,-4.95
-14.2875,14.587499999999999,
-14.2875,14.625,
-14.2875,14.662499999999998,
-14.2875,14.7,
-14.2875,14.7375,
-14.2875,14.774999999999999,
-14.2875,14.8125,
-14.2875,14.849999999999998,
-14.2875,14.8875,
-14.2875,14.925,
-14.2875,14.962499999999999,
-14.2875,15.0,
-14.2875,15.037499999999998,
-14.2875,15.075,
-14.25,12.45,
-14.25,12.4875,
-14.25,12.524999999999999,
-14.25,12.5625,
-14.25,12.599999999999998,
-14.25,12.6375,
-14.25,12.675,
-14.25,12.712499999999999,0.0
-14.25,12.75,0.0
-14.25,12.787499999999998,0.0
-14.25,12.825,0.0
-14.25,12.8625,0.0
-14.25,12.899999999999999,0.0
-14.25,12.9375,0.0
-14.25,12.974999999999998,0.0
-14.25,13.0125,0.0
-14.25,13.05,0.0
-14.25,13.087499999999999,0.0
-14.25,13.125,0.0
-14.25,13.162499999999998,0.0
-14.25,13.2,0.0
-14.25,13.2375,
-14.25,13.274999999999999,
-14.25,13.3125,
-14.25,13.349999999999998,
-14.25,13.3875,
-14.25,13.425,
-14.25,13.462499999999999,
-14.25,13.5,0.0
-14.25,13.537499999999998,0.0
-14.25,13.575,0.0
-14.25,13.6125,0.0
-14.25,13.649999999999999,0.0
-14.25,13.6875,0.0
-14.25,13.724999999999998,0.0
-14.25,13.7625,0.0
-14.25,13.8,0.050000000000000086
-14.25,13.837499999999999,0.1666666666666668
-14.25,13.875,0.2333333333333334
-14.25,13.912499999999998,0.43333333333333357
-14.25,13.95,0.6500000000000006
-14.25,13.9875,0.6166666666666673
-14.25,14.024999999999999,0.5333333333333337
-14.25,14.0625,0.7333333333333337
-14.25,14.099999999999998,-2.6166666666666663
-14.25,14.1375,-7.966666666666667
-14.25,14.175,-7.6
-14.25,14.212499999999999,-6.966666666666667
-14.25,14.25,-6.0
-14.25,14.287499999999998,-5.833333333333333
-14.25,14.325,-5.166666666666666
-14.25,14.3625,-8.383333333333333
-14.25,14.399999999999999,-7.45
-14.25,14.4375,-8.466666666666667
-14.25,14.474999999999998,-8.2
-14.25,14.5125,-4.85
-14.25,14.55,-4.816666666666666
-14.25,14.587499999999999,
-14.25,14.625,
-14.25,14.662499999999998,
-14.25,14.7,
-14.25,14.7375,
-14.25,14.774999999999999,
-14.25,14.8125,
-14.25,14.849999999999998,
-14.25,14.8875,
-14.25,14.925,
-14.25,14.962499999999999,
-14.25,15.0,
-14.25,15.037499999999998,
-14.25,15.075,
-14.212499999999999,12.45,
-14.212499999999999,12.4875,
-14.212499999999999,12.524999999999999,
-14.212499999999999,12.5625,
-14.212499999999999,12.599999999999998,
-14.212499999999999,12.6375,
-14.212499999999999,12.675,
-14.212499999999999,12.712499999999999,0.0
-14.212499999999999,12.75,0.0
-14.212499999999999,12.787499999999998,0.0
-14.212499999999999,12.825,0.0
-14.212499999999999,12.8625,0.0
-14.212499999999999,12.899999999999999,0.0
-14.212499999999999,12.9375,0.0
-14.212499999999999,12.974999999999998,0.0
-14.212499999999999,13.0125,0.0
-14.212499999999999,13.05,0.0
-14.212499999999999,13.087499999999999,0.0
-14.212499999999999,13.125,0.0
-14.212499999999999,13.162499999999998,0.0
-14.212499999999999,13.2,0.0
-14.212499999999999,13.2375,
-14.212499999999999,13.274999999999999,
-14.212499999999999,13.3125,
-14.212499999999999,13.349999999999998,
-14.212499999999999,13.3875,
-14.212499999999999,13.425,
-14.212499999999999,13.462499999999999,
-14.212499999999999,13.5,
-14.212499999999999,13.537499999999998,0.0
-14.212499999999999,13.575,0.0
-14.212499999999999,13.6125,0.0
-14.212499999999999,13.649999999999999,0.0
-14.212499999999999,13.6875,0.0
-14.212499999999999,13.724999999999998,0.050000000000000086
-14.212499999999999,13.7625,0.1666666666666668
-14.212499999999999,13.8,0.1666666666666668
-14.212499999999999,13.837499999999999,0.2
-14.212499999999999,13.875,0.31666666666666693
-14.212499999999999,13.912499999999998,0.43333333333333357
-14.212499999999999,13.95,0.6000000000000004
-14.212499999999999,13.9875,0.6666666666666672
-14.212499999999999,14.024999999999999,0.9166666666666672
-14.212499999999999,14.0625,-2.7333333333333334
-14.212499999999999,14.099999999999998,-2.583333333333333
-14.212499999999999,14.1375,-5.1499999999999995
-14.212499999999999,14.175,-7.283333333333333
-14.212499999999999,14.212499999999999,-6.75
-14.212499999999999,14.25,-6.0
-14.212499999999999,14.287499999999998,-8.483333333333334
-14.212499999999999,14.325,-7.8166666666666655
-14.212499999999999,14.3625,-8.133333333333333
-14.212499999999999,14.399999999999999,-7.65
-14.212499999999999,14.4375,-7.316666666666666
-14.212499999999999,14.474999999999998,-7.833333333333333
-14.212499999999999,14.5125,-7.616666666666666
-14.212499999999999,14.55,
-14.212499999999999,14.587499999999999,
-14.212499999999999,14.625,
-14.212499999999999,14.662499999999998,
-14.212499999999999,14.7,
-14.212499999999999,14.7375,
-14.212499999999999,14.774999999999999,
-14.212499999999999,14.8125,
-14.212499999999999,14.849999999999998,
-14.212499999999999,14.8875,
-14.212499999999999,14.925,
-14.212499999999999,14.962499999999999,
-14.212499999999999,15.0,
-14.212499999999999,15.037499999999998,
-14.212499999999999,15.075,
-14.175,12.45,
-14.175,12.4875,
-14.175,12.524999999999999,
-14.175,12.5625,
-14.175,12.599999999999998,
-14.175,12.6375,
-14.175,12.675,
-14.175,12.712499999999999,0.0
-14.175,12.75,0.0
-14.175,12.787499999999998,0.0
-14.175,12.825,0.0
-14.175,12.8625,0.0
-14.175,12.899999999999999,0.0
-14.175,12.9375,0.0
-14.175,12.974999999999998,0.0
-14.175,13.0125,0.0
-14.175,13.05,0.0
-14.175,13.087499999999999,0.0
-14.175,13.125,0.0
-14.175,13.162499999999998,0.0
-14.175,13.2,0.0
-14.175,13.2375,
-14.175,13.274999999999999,
-14.175,13.3125,
-14.175,13.349999999999998,
-14.175,13.3875,
-14.175,13.425,
-14.175,13.462499999999999,
-14.175,13.5,
-14.175,13.537499999999998,0.0
-14.175,13.575,0.0
-14.175,13.6125,0.0
-14.175,13.649999999999999,0.0
-14.175,13.6875,0.0
-14.175,13.724999999999998,0.0
-14.175,13.7625,0.1666666666666668
-14.175,13.8,0.2166666666666667
-14.175,13.837499999999999,0.31666666666666665
-14.175,13.875,0.31666666666666665
-14.175,13.912499999999998,0.38333333333333347
-14.175,13.95,0.7000000000000005
-14.175,13.9875,0.9000000000000005
-14.175,14.024999999999999,1.0833333333333335
-14.175,14.0625,-2.6
-14.175,14.099999999999998,-5.25
-14.175,14.1375,-2.2833333333333328
-14.175,14.175,-7.416666666666666
-14.175,14.212499999999999,-6.7333333333333325
-14.175,14.25,-8.966666666666665
-14.175,14.287499999999998,-8.016666666666666
-14.175,14.325,-7.699999999999999
-14.175,14.3625,-7.7
-14.175,14.399999999999999,-7.799999999999999
-14.175,14.4375,-6.716666666666667
-14.175,14.474999999999998,-6.966666666666666
-14.175,14.5125,-6.666666666666667
-14.175,14.55,
-14.175,14.587499999999999,
-14.175,14.625,
-14.175,14.662499999999998,
-14.175,14.7,
-14.175,14.7375,
-14.175,14.774999999999999,
-14.175,14.8125,
-14.175,14.849999999999998,
-14.175,14.8875,
-14.175,14.925,
-14.175,14.962499999999999,
-14.175,15.0,
-14.175,15.037499999999998,
-14.175,15.075,
-14.1375,12.45,
-14.1375,12.4875,
-14.1375,12.524999999999999,
-14.1375,12.5625,
-14.1375,12.599999999999998,
-14.1375,12.6375,
-14.1375,12.675,
-14.1375,12.712499999999999,0.0
-14.1375,12.75,0.0
-14.1375,12.787499999999998,0.0
-14.1375,12.825,0.0
-14.1375,12.8625,0.0
-14.1375,12.899999999999999,0.0
-14.1375,12.9375,0.0
-14.1375,12.974999999999998,0.0
-14.1375,13.0125,0.0
-14.1375,13.05,0.0
-14.1375,13.087499999999999,0.0
-14.1375,13.125,0.0
-14.1375,13.162499999999998,0.0
-14.1375,13.2,0.0
-14.1375,13.2375,
-14.1375,13.274999999999999,
-14.1375,13.3125,
-14.1375,13.349999999999998,
-14.1375,13.3875,
-14.1375,13.425,
-14.1375,13.462499999999999,
-14.1375,13.5,
-14.1375,13.537499999999998,0.0
-14.1375,13.575,0.0
-14.1375,13.6125,0.0
-14.1375,13.649999999999999,0.0
-14.1375,13.6875,0.0
-14.1375,13.724999999999998,0.0
-14.1375,13.7625,0.15000000000000008
-14.1375,13.8,0.15000000000000008
-14.1375,13.837499999999999,0.31666666666666665
-14.1375,13.875,0.2666666666666668
-14.1375,13.912499999999998,0.2500000000000001
-14.1375,13.95,0.7000000000000003
-14.1375,13.9875,1.0500000000000003
-14.1375,14.024999999999999,1.3166666666666667
-14.1375,14.0625,-2.4333333333333336
-14.1375,14.099999999999998,-5.266666666666667
-14.1375,14.1375,-4.933333333333334
-14.1375,14.175,-7.166666666666666
-14.1375,14.212499999999999,-5.616666666666666
-14.1375,14.25,-4.916666666666666
-14.1375,14.287499999999998,-7.733333333333333
-14.1375,14.325,-7.3
-14.1375,14.3625,-7.0666666666666655
-14.1375,14.399999999999999,-7.366666666666666
-14.1375,14.4375,-6.949999999999999
-14.1375,14.474999999999998,-6.633333333333334
-14.1375,14.5125,-6.4
-14.1375,14.55,
-14.1375,14.587499999999999,
-14.1375,14.625,
-14.1375,14.662499999999998,
-14.1375,14.7,
-14.1375,14.7375,
-14.1375,14.774999999999999,
-14.1375,14.8125,
-14.1375,14.849999999999998,
-14.1375,14.8875,
-14.1375,14.925,
-14.1375,14.962499999999999,
-14.1375,15.0,
-14.1375,15.037499999999998,
-14.1375,15.075,
-14.1,12.45,
-14.1,12.4875,
-14.1,12.524999999999999,
-14.1,12.5625,
-14.1,12.599999999999998,
-14.1,12.6375,
-14.1,12.675,
-14.1,12.712499999999999,0.0
-14.1,12.75,0.0
-14.1,12.787499999999998,0.0
-14.1,12.825,0.0
-14.1,12.8625,0.0
-14.1,12.899999999999999,0.0
-14.1,12.9375,0.0
-14.1,12.974999999999998,0.0
-14.1,13.0125,0.0
-14.1,13.05,0.0
-14.1,13.087499999999999,0.0
-14.1,13.125,0.0
-14.1,13.162499999999998,0.0
-14.1,13.2,0.0
-14.1,13.2375,0.0
-14.1,13.274999999999999,0.0
-14.1,13.3125,
-14.1,13.349999999999998,
-14.1,13.3875,
-14.1,13.425,
-14.1,13.462499999999999,
-14.1,13.5,
-14.1,13.537499999999998,
-14.1,13.575,0.0
-14.1,13.6125,0.0
-14.1,13.649999999999999,0.0
-14.1,13.6875,0.0
-14.1,13.724999999999998,0.0
-14.1,13.7625,0.0
-14.1,13.8,0.0
-14.1,13.837499999999999,0.050000000000000086
-14.1,13.875,0.15000000000000008
-14.1,13.912499999999998,0.3666666666666668
-14.1,13.95,0.5833333333333337
-14.1,13.9875,0.9666666666666669
-14.1,14.024999999999999,1.416666666666667
-14.1,14.0625,-2.333333333333333
-14.1,14.099999999999998,-5.133333333333333
-14.1,14.1375,-4.7333333333333325
-14.1,14.175,-6.083333333333333
-14.1,14.212499999999999,-5.35
-14.1,14.25,-4.749999999999999
-14.1,14.287499999999998,-7.833333333333333
-14.1,14.325,-6.699999999999999
-14.1,14.3625,-6.666666666666667
-14.1,14.399999999999999,-7.283333333333333
-14.1,14.4375,-6.533333333333333
-14.1,14.474999999999998,-6.366666666666666
-14.1,14.5125,-6.333333333333333
-14.1,14.55,
-14.1,14.587499999999999,
-14.1,14.625,
-14.1,14.662499999999998,
-14.1,14.7,
-14.1,14.7375,
-14.1,14.774999999999999,
-14.1,14.8125,
-14.1,14.849999999999998,
-14.1,14.8875,
-14.1,14.925,
-14.1,14.962499999999999,
-14.1,15.0,
-14.1,15.037499999999998,
-14.1,15.075,
-14.0625,12.45,
-14.0625,12.4875,
-14.0625,12.524999999999999,
-14.0625,12.5625,
-14.0625,12.599999999999998,
-14.0625,12.6375,
-14.0625,12.675,
-14.0625,12.712499999999999,0.0
-14.0625,12.75,0.0
-14.0625,12.787499999999998,0.0
-14.0625,12.825,0.0
-14.0625,12.8625,0.0
-14.0625,12.899999999999999,0.0
-14.0625,12.9375,0.0
-14.0625,12.974999999999998,0.0
-14.0625,13.0125,0.0
-14.0625,13.05,0.0
-14.0625,13.087499999999999,0.0
-14.0625,13.125,0.0
-14.0625,13.162499999999998,0.0
-14.0625,13.2,0.0
-14.0625,13.2375,0.0
-14.0625,13.274999999999999,0.0
-14.0625,13.3125,
-14.0625,13.349999999999998,
-14.0625,13.3875,
-14.0625,13.425,
-14.0625,13.462499999999999,
-14.0625,13.5,
-14.0625,13.537499999999998,
-14.0625,13.575,0.0
-14.0625,13.6125,0.0
-14.0625,13.649999999999999,0.050000000000000086
-14.0625,13.6875,0.0
-14.0625,13.724999999999998,0.0
-14.0625,13.7625,0.2
-14.0625,13.8,0.2
-14.0625,13.837499999999999,0.2
-14.0625,13.875,0.10000000000000017
-14.0625,13.912499999999998,0.2
-14.0625,13.95,0.2
-14.0625,13.9875,0.5500000000000003
-14.0625,14.024999999999999,1.1833333333333336
-14.0625,14.0625,1.5333333333333334
-14.0625,14.099999999999998,-4.533333333333333
-14.0625,14.1375,-4.1
-14.0625,14.175,-5.999999999999999
-14.0625,14.212499999999999,-5.2
-14.0625,14.25,-4.383333333333334
-14.0625,14.287499999999998,-7.55
-14.0625,14.325,-7.583333333333333
-14.0625,14.3625,-6.7
-14.0625,14.399999999999999,-6.966666666666666
-14.0625,14.4375,-6.433333333333334
-14.0625,14.474999999999998,-6.083333333333332
-14.0625,14.5125,-5.899999999999999
-14.0625,14.55,-5.533333333333333
-14.0625,14.587499999999999,
-14.0625,14.625,
-14.0625,14.662499999999998,
-14.0625,14.7,
-14.0625,14.7375,
-14.0625,14.774999999999999,
-14.0625,14.8125,
-14.0625,14.849999999999998,
-14.0625,14.8875,
-14.0625,14.925,
-14.0625,14.962499999999999,
-14.0625,15.0,
-14.0625,15.037499999999998,
-14.0625,15.075,
-14.024999999999999,12.45,
-14.024999999999999,12.4875,
-14.024999999999999,12.524999999999999,
-14.024999999999999,12.5625,
-14.024999999999999,12.599999999999998,
-14.024999999999999,12.6375,
-14.024999999999999,12.675,0.0
-14.024999999999999,12.712499999999999,0.0
-14.024999999999999,12.75,0.0
-14.024999999999999,12.787499999999998,0.0
-14.024999999999999,12.825,0.0
-14.024999999999999,12.8625,0.0
-14.024999999999999,12.899999999999999,0.0
-14.024999999999999,12.9375,0.0
-14.024999999999999,12.974999999999998,0.0
-14.024999999999999,13.0125,0.0
-14.024999999999999,13.05,0.0
-14.024999999999999,13.087499999999999,0.0
-14.024999999999999,13.125,0.0
-14.024999999999999,13.162499999999998,0.0
-14.024999999999999,13.2,0.0
-14.024999999999999,13.2375,0.0
-14.024999999999999,13.274999999999999,0.0
-14.024999999999999,13.3125,
-14.024999999999999,13.349999999999998,
-14.024999999999999,13.3875,
-14.024999999999999,13.425,
-14.024999999999999,13.462499999999999,
-14.024999999999999,13.5,
-14.024999999999999,13.537499999999998,
-14.024999999999999,13.575,0.0
-14.024999999999999,13.6125,0.0
-14.024999999999999,13.649999999999999,0.0
-14.024999999999999,13.6875,0.0
-14.024999999999999,13.724999999999998,0.0
-14.024999999999999,13.7625,0.050000000000000086
-14.024999999999999,13.8,0.2500000000000001
-14.024999999999999,13.837499999999999,0.2
-14.024999999999999,13.875,0.2
-14.024999999999999,13.912499999999998,0.2
-14.024999999999999,13.95,0.15000000000000008
-14.024999999999999,13.9875,0.40000000000000036
-14.024999999999999,14.024999999999999,0.7666666666666669
-14.024999999999999,14.0625,1.7166666666666672
-14.024999999999999,14.099999999999998,-1.7833333333333332
-14.024999999999999,14.1375,-1.4666666666666663
-14.024999999999999,14.175,-3.1499999999999995
-14.024999999999999,14.212499999999999,-5.6
-14.024999999999999,14.25,-4.699999999999999
-14.024999999999999,14.287499999999998,-8.216666666666667
-14.024999999999999,14.325,-7.533333333333332
-14.024999999999999,14.3625,-6.95
-14.024999999999999,14.399999999999999,-7.333333333333333
-14.024999999999999,14.4375,-6.666666666666667
-14.024999999999999,14.474999999999998,-6.383333333333334
-14.024999999999999,14.5125,-5.9833333333333325
-14.024999999999999,14.55,-5.816666666666666
-14.024999999999999,14.587499999999999,
-14.024999999999999,14.625,
-14.024999999999999,14.662499999999998,
-14.024999999999999,14.7,
-14.024999999999999,14.7375,
-14.024999999999999,14.774999999999999,
-14.024999999999999,14.8125,
-14.024999999999999,14.849999999999998,
-14.024999999999999,14.8875,
-14.024999999999999,14.925,
-14.024999999999999,14.962499999999999,
-14.024999999999999,15.0,
-14.024999999999999,15.037499999999998,
-14.024999999999999,15.075,
-13.9875,12.45,
-13.9875,12.4875,
-13.9875,12.524999999999999,
-13.9875,12.5625,
-13.9875,12.599999999999998,
-13.9875,12.6375,
-13.9875,12.675,0.0
-13.9875,12.712499999999999,0.0
-13.9875,12.75,0.0
-13.9875,12.787499999999998,0.0
-13.9875,12.825,0.0
-13.9875,12.8625,0.0
-13.9875,12.899999999999999,0.0
-13.9875,12.9375,0.0
-13.9875,12.974999999999998,0.0
-13.9875,13.0125,0.0
-13.9875,13.05,0.0
-13.9875,13.087499999999999,0.0
-13.9875,13.125,0.0
-13.9875,13.162499999999998,0.0
-13.9875,13.2,0.0
-13.9875,13.2375,0.0
-13.9875,13.274999999999999,0.0
-13.9875,13.3125,
-13.9875,13.349999999999998,
-13.9875,13.3875,
-13.9875,13.425,
-13.9875,13.462499999999999,
-13.9875,13.5,
-13.9875,13.537499999999998,
-13.9875,13.575,
-13.9875,13.6125,0.0
-13.9875,13.649999999999999,0.0
-13.9875,13.6875,0.0
-13.9875,13.724999999999998,0.0
-13.9875,13.7625,0.0
-13.9875,13.8,0.050000000000000086
-13.9875,13.837499999999999,0.050000000000000086
-13.9875,13.875,0.2500000000000001
-13.9875,13.912499999999998,0.30000000000000016
-13.9875,13.95,0.40000000000000036
-13.9875,13.9875,0.40000000000000036
-13.9875,14.024999999999999,0.5000000000000003
-13.9875,14.0625,1.2833333333333337
-13.9875,14.099999999999998,-2.05
-13.9875,14.1375,-2.333333333333333
-13.9875,14.175,-0.9166666666666661
-13.9875,14.212499999999999,-0.6166666666666663
-13.9875,14.25,-5.716666666666667
-13.9875,14.287499999999998,-8.8
-13.9875,14.325,-7.633333333333334
-13.9875,14.3625,-7.549999999999999
-13.9875,14.399999999999999,-7.6
-13.9875,14.4375,-7.0
-13.9875,14.474999999999998,-6.533333333333333
-13.9875,14.5125,-6.2
-13.9875,14.55,-5.899999999999999
-13.9875,14.587499999999999,
-13.9875,14.625,
-13.9875,14.662499999999998,
-13.9875,14.7,
-13.9875,14.7375,
-13.9875,14.774999999999999,
-13.9875,14.8125,
-13.9875,14.849999999999998,
-13.9875,14.8875,
-13.9875,14.925,
-13.9875,14.962499999999999,
-13.9875,15.0,
-13.9875,15.037499999999998,
-13.9875,15.075,
-13.95,12.45,
-13.95,12.4875,
-13.95,12.524999999999999,
-13.95,12.5625,
-13.95,12.599999999999998,
-13.95,12.6375,
-13.95,12.675,0.0
-13.95,12.712499999999999,0.0
-13.95,12.75,0.0
-13.95,12.787499999999998,0.0
-13.95,12.825,0.0
-13.95,12.8625,0.0
-13.95,12.899999999999999,0.0
-13.95,12.9375,0.0
-13.95,12.974999999999998,0.0
-13.95,13.0125,0.0
-13.95,13.05,0.0
-13.95,13.087499999999999,0.0
-13.95,13.125,0.0
-13.95,13.162499999999998,0.0
-13.95,13.2,0.0
-13.95,13.2375,0.0
-13.95,13.274999999999999,0.0
-13.95,13.3125,0.0
-13.95,13.349999999999998,
-13.95,13.3875,
-13.95,13.425,
-13.95,13.462499999999999,
-13.95,13.5,
-13.95,13.537499999999998,
-13.95,13.575,0.0
-13.95,13.6125,0.0
-13.95,13.649999999999999,0.0
-13.95,13.6875,0.0
-13.95,13.724999999999998,0.0
-13.95,13.7625,0.0
-13.95,13.8,0.0
-13.95,13.837499999999999,0.1
-13.95,13.875,0.3833333333333336
-13.95,13.912499999999998,0.5500000000000004
-13.95,13.95,0.6833333333333338
-13.95,13.9875,0.9666666666666671
-13.95,14.024999999999999,0.5833333333333337
-13.95,14.0625,1.0833333333333337
-13.95,14.099999999999998,1.0333333333333339
-13.95,14.1375,-1.8833333333333329
-13.95,14.175,-1.7000000000000002
-13.95,14.212499999999999,-1.0
-13.95,14.25,-2.8666666666666663
-13.95,14.287499999999998,-9.083333333333332
-13.95,14.325,-8.133333333333333
-13.95,14.3625,-7.933333333333334
-13.95,14.399999999999999,-7.866666666666666
-13.95,14.4375,-7.55
-13.95,14.474999999999998,-7.166666666666667
-13.95,14.5125,-3.95
-13.95,14.55,-3.55
-13.95,14.587499999999999,
-13.95,14.625,
-13.95,14.662499999999998,
-13.95,14.7,
-13.95,14.7375,
-13.95,14.774999999999999,
-13.95,14.8125,
-13.95,14.849999999999998,
-13.95,14.8875,
-13.95,14.925,
-13.95,14.962499999999999,
-13.95,15.0,
-13.95,15.037499999999998,
-13.95,15.075,
-13.9125,12.45,
-13.9125,12.4875,
-13.9125,12.524999999999999,
-13.9125,12.5625,
-13.9125,12.599999999999998,
-13.9125,12.6375,
-13.9125,12.675,0.0
-13.9125,12.712499999999999,0.0
-13.9125,12.75,0.0
-13.9125,12.787499999999998,0.0
-13.9125,12.825,0.0
-13.9125,12.8625,0.0
-13.9125,12.899999999999999,0.0
-13.9125,12.9375,0.0
-13.9125,12.974999999999998,0.0
-13.9125,13.0125,0.0
-13.9125,13.05,0.0
-13.9125,13.087499999999999,0.0
-13.9125,13.125,0.0
-13.9125,13.162499999999998,0.0
-13.9125,13.2,0.0
-13.9125,13.2375,0.0
-13.9125,13.274999999999999,0.0
-13.9125,13.3125,0.0
-13.9125,13.349999999999998,
-13.9125,13.3875,
-13.9125,13.425,
-13.9125,13.462499999999999,
-13.9125,13.5,
-13.9125,13.537499999999998,
-13.9125,13.575,0.0
-13.9125,13.6125,0.0
-13.9125,13.649999999999999,0.0
-13.9125,13.6875,0.0
-13.9125,13.724999999999998,0.050000000000000086
-13.9125,13.7625,0.1
-13.9125,13.8,0.050000000000000086
-13.9125,13.837499999999999,0.050000000000000086
-13.9125,13.875,0.31666666666666693
-13.9125,13.912499999999998,0.5000000000000003
-13.9125,13.95,0.5333333333333339
-13.9125,13.9875,0.8333333333333339
-13.9125,14.024999999999999,0.6500000000000004
-13.9125,14.0625,0.7666666666666668
-13.9125,14.099999999999998,1.4000000000000001
-13.9125,14.1375,1.8333333333333341
-13.9125,14.175,-1.4
-13.9125,14.212499999999999,-1.2999999999999998
-13.9125,14.25,-0.4333333333333331
-13.9125,14.287499999999998,0.16666666666666696
-13.9125,14.325,-8.866666666666667
-13.9125,14.3625,-8.2
-13.9125,14.399999999999999,-7.916666666666667
-13.9125,14.4375,-4.75
-13.9125,14.474999999999998,-4.383333333333334
-13.9125,14.5125,-3.8499999999999996
-13.9125,14.55,-6.5
-13.9125,14.587499999999999,
-13.9125,14.625,
-13.9125,14.662499999999998,
-13.9125,14.7,
-13.9125,14.7375,
-13.9125,14.774999999999999,
-13.9125,14.8125,
-13.9125,14.849999999999998,
-13.9125,14.8875,
-13.9125,14.925,
-13.9125,14.962499999999999,
-13.9125,15.0,
-13.9125,15.037499999999998,
-13.9125,15.075,
-13.875,12.45,
-13.875,12.4875,
-13.875,12.524999999999999,
-13.875,12.5625,
-13.875,12.599999999999998,
-13.875,12.6375,
-13.875,12.675,0.0
-13.875,12.712499999999999,0.0
-13.875,12.75,0.0
-13.875,12.787499999999998,0.0
-13.875,12.825,0.0
-13.875,12.8625,0.0
-13.875,12.899999999999999,0.0
-13.875,12.9375,0.0
-13.875,12.974999999999998,0.0
-13.875,13.0125,0.0
-13.875,13.05,0.0
-13.875,13.087499999999999,0.0
-13.875,13.125,0.0
-13.875,13.162499999999998,0.0
-13.875,13.2,0.0
-13.875,13.2375,0.0
-13.875,13.274999999999999,0.0
-13.875,13.3125,0.0
-13.875,13.349999999999998,
-13.875,13.3875,
-13.875,13.425,
-13.875,13.462499999999999,
-13.875,13.5,
-13.875,13.537499999999998,0.0
-13.875,13.575,0.0
-13.875,13.6125,0.0
-13.875,13.649999999999999,0.0
-13.875,13.6875,0.0
-13.875,13.724999999999998,0.1166666666666667
-13.875,13.7625,0.15000000000000008
-13.875,13.8,0.050000000000000086
-13.875,13.837499999999999,0.0
-13.875,13.875,0.15000000000000008
-13.875,13.912499999999998,0.2166666666666667
-13.875,13.95,0.4333333333333337
-13.875,13.9875,0.7166666666666672
-13.875,14.024999999999999,0.7666666666666672
-13.875,14.0625,0.5666666666666669
-13.875,14.099999999999998,1.3000000000000003
-13.875,14.1375,1.966666666666667
-13.875,14.175,2.366666666666667
-13.875,14.212499999999999,-0.7666666666666662
-13.875,14.25,-0.46666666666666634
-13.875,14.287499999999998,-0.06666666666666687
-13.875,14.325,-6.033333333333332
-13.875,14.3625,-5.55
-13.875,14.399999999999999,-7.733333333333333
-13.875,14.4375,-4.433333333333334
-13.875,14.474999999999998,-4.45
-13.875,14.5125,-3.8833333333333337
-13.875,14.55,-6.583333333333333
-13.875,14.587499999999999,
-13.875,14.625,
-13.875,14.662499999999998,
-13.875,14.7,
-13.875,14.7375,
-13.875,14.774999999999999,
-13.875,14.8125,
-13.875,14.849999999999998,
-13.875,14.8875,
-13.875,14.925,
-13.875,14.962499999999999,
-13.875,15.0,
-13.875,15.037499999999998,
-13.875,15.075,
-13.837499999999999,12.45,
-13.837499999999999,12.4875,
-13.837499999999999,12.524999999999999,
-13.837499999999999,12.5625,
-13.837499999999999,12.599999999999998,
-13.837499999999999,12.6375,
-13.837499999999999,12.675,0.0
-13.837499999999999,12.712499999999999,0.0
-13.837499999999999,12.75,0.0
-13.837499999999999,12.787499999999998,0.0
-13.837499999999999,12.825,0.0
-13.837499999999999,12.8625,0.0
-13.837499999999999,12.899999999999999,0.0
-13.837499999999999,12.9375,0.0
-13.837499999999999,12.974999999999998,0.0
-13.837499999999999,13.0125,0.0
-13.837499999999999,13.05,0.0
-13.837499999999999,13.087499999999999,0.0
-13.837499999999999,13.125,0.0
-13.837499999999999,13.162499999999998,0.0
-13.837499999999999,13.2,0.0
-13.837499999999999,13.2375,0.0
-13.837499999999999,13.274999999999999,0.0
-13.837499999999999,13.3125,0.0
-13.837499999999999,13.349999999999998,
-13.837499999999999,13.3875,
-13.837499999999999,13.425,
-13.837499999999999,13.462499999999999,
-13.837499999999999,13.5,0.0
-13.837499999999999,13.537499999999998,0.0
-13.837499999999999,13.575,0.0
-13.837499999999999,13.6125,0.0
-13.837499999999999,13.649999999999999,0.0
-13.837499999999999,13.6875,0.0
-13.837499999999999,13.724999999999998,0.050000000000000086
-13.837499999999999,13.7625,0.1
-13.837499999999999,13.8,0.0
-13.837499999999999,13.837499999999999,0.050000000000000086
-13.837499999999999,13.875,0.2166666666666667
-13.837499999999999,13.912499999999998,0.31666666666666693
-13.837499999999999,13.95,0.36666666666666703
-13.837499999999999,13.9875,0.7666666666666669
-13.837499999999999,14.024999999999999,0.8833333333333336
-13.837499999999999,14.0625,0.7000000000000004
-13.837499999999999,14.099999999999998,0.716666666666667
-13.837499999999999,14.1375,1.266666666666667
-13.837499999999999,14.175,2.416666666666667
-13.837499999999999,14.212499999999999,-1.2166666666666668
-13.837499999999999,14.25,-0.6499999999999995
-13.837499999999999,14.287499999999998,0.06666666666666643
-13.837499999999999,14.325,-3.3166666666666664
-13.837499999999999,14.3625,-5.7333333333333325
-13.837499999999999,14.399999999999999,-5.066666666666666
-13.837499999999999,14.4375,-4.866666666666665
-13.837499999999999,14.474999999999998,-4.249999999999999
-13.837499999999999,14.5125,
-13.837499999999999,14.55,
-13.837499999999999,14.587499999999999,
-13.837499999999999,14.625,
-13.837499999999999,14.662499999999998,
-13.837499999999999,14.7,
-13.837499999999999,14.7375,
-13.837499999999999,14.774999999999999,
-13.837499999999999,14.8125,
-13.837499999999999,14.849999999999998,
-13.837499999999999,14.8875,
-13.837499999999999,14.925,
-13.837499999999999,14.962499999999999,
-13.837499999999999,15.0,
-13.837499999999999,15.037499999999998,
-13.837499999999999,15.075,
-13.8,12.45,
-13.8,12.4875,
-13.8,12.524999999999999,
-13.8,12.5625,
-13.8,12.599999999999998,
-13.8,12.6375,
-13.8,12.675,0.0
-13.8,12.712499999999999,0.0
-13.8,12.75,0.0
-13.8,12.787499999999998,0.0
-13.8,12.825,0.0
-13.8,12.8625,0.0
-13.8,12.899999999999999,0.0
-13.8,12.9375,0.0
-13.8,12.974999999999998,0.0
-13.8,13.0125,0.0
-13.8,13.05,0.0
-13.8,13.087499999999999,0.0
-13.8,13.125,0.0
-13.8,13.162499999999998,0.0
-13.8,13.2,0.0
-13.8,13.2375,0.0
-13.8,13.274999999999999,0.0
-13.8,13.3125,0.0
-13.8,13.349999999999998,0.0
-13.8,13.3875,
-13.8,13.425,
-13.8,13.462499999999999,0.0
-13.8,13.5,0.0
-13.8,13.537499999999998,0.0
-13.8,13.575,0.0
-13.8,13.6125,0.0
-13.8,13.649999999999999,0.0
-13.8,13.6875,0.0
-13.8,13.724999999999998,0.0
-13.8,13.7625,0.0
-13.8,13.8,0.0
-13.8,13.837499999999999,0.2166666666666667
-13.8,13.875,0.2166666666666667
-13.8,13.912499999999998,0.2666666666666668
-13.8,13.95,0.4333333333333337
-13.8,13.9875,0.7666666666666669
-13.8,14.024999999999999,0.9166666666666669
-13.8,14.0625,0.8500000000000003
-13.8,14.099999999999998,1.066666666666667
-13.8,14.1375,1.266666666666667
-13.8,14.175,1.5666666666666669
-13.8,14.212499999999999,2.7666666666666666
-13.8,14.25,-0.8999999999999999
-13.8,14.287499999999998,-0.21666666666666679
-13.8,14.325,-3.416666666666666
-13.8,14.3625,-2.9333333333333327
-13.8,14.399999999999999,-2.7333333333333325
-13.8,14.4375,
-13.8,14.474999999999998,
-13.8,14.5125,
-13.8,14.55,
-13.8,14.587499999999999,
-13.8,14.625,
-13.8,14.662499999999998,
-13.8,14.7,
-13.8,14.7375,
-13.8,14.774999999999999,
-13.8,14.8125,
-13.8,14.849999999999998,
-13.8,14.8875,
-13.8,14.925,
-13.8,14.962499999999999,
-13.8,15.0,
-13.8,15.037499999999998,
-13.8,15.075,
-13.7625,12.45,
-13.7625,12.4875,
-13.7625,12.524999999999999,
-13.7625,12.5625,
-13.7625,12.599999999999998,
-13.7625,12.6375,
-13.7625,12.675,0.0
-13.7625,12.712499999999999,0.0
-13.7625,12.75,0.0
-13.7625,12.787499999999998,0.0
-13.7625,12.825,0.0
-13.7625,12.8625,0.0
-13.7625,12.899999999999999,0.0
-13.7625,12.9375,0.0
-13.7625,12.974999999999998,0.0
-13.7625,13.0125,0.0
-13.7625,13.05,0.0
-13.7625,13.087499999999999,0.0
-13.7625,13.125,0.0
-13.7625,13.162499999999998,0.0
-13.7625,13.2,0.0
-13.7625,13.2375,0.0
-13.7625,13.274999999999999,0.0
-13.7625,13.3125,0.0
-13.7625,13.349999999999998,0.0
-13.7625,13.3875,0.0
-13.7625,13.425,0.0
-13.7625,13.462499999999999,0.0
-13.7625,13.5,0.0
-13.7625,13.537499999999998,0.0
-13.7625,13.575,0.0
-13.7625,13.6125,0.0
-13.7625,13.649999999999999,0.0
-13.7625,13.6875,0.0
-13.7625,13.724999999999998,0.0
-13.7625,13.7625,0.0
-13.7625,13.8,0.0
-13.7625,13.837499999999999,0.050000000000000086
-13.7625,13.875,0.1
-13.7625,13.912499999999998,0.2166666666666667
-13.7625,13.95,0.48333333333333356
-13.7625,13.9875,0.8500000000000003
-13.7625,14.024999999999999,0.8833333333333336
-13.7625,14.0625,1.016666666666667
-13.7625,14.099999999999998,1.1000000000000005
-13.7625,14.1375,1.5666666666666673
-13.7625,14.175,1.8500000000000005
-13.7625,14.212499999999999,2.4166666666666665
-13.7625,14.25,3.0000000000000004
-13.7625,14.287499999999998,-0.8999999999999995
-13.7625,14.325,-3.8499999999999996
-13.7625,14.3625,-3.383333333333332
-13.7625,14.399999999999999,-2.6333333333333337
-13.7625,14.4375,
-13.7625,14.474999999999998,
-13.7625,14.5125,
-13.7625,14.55,
-13.7625,14.587499999999999,
-13.7625,14.625,
-13.7625,14.662499999999998,
-13.7625,14.7,
-13.7625,14.7375,
-13.7625,14.774999999999999,
-13.7625,14.8125,
-13.7625,14.849999999999998,
-13.7625,14.8875,
-13.7625,14.925,
-13.7625,14.962499999999999,
-13.7625,15.0,
-13.7625,15.037499999999998,
-13.7625,15.075,
-13.725,12.45,
-13.725,12.4875,
-13.725,12.524999999999999,
-13.725,12.5625,
-13.725,12.599999999999998,
-13.725,12.6375,
-13.725,12.675,0.0
-13.725,12.712499999999999,0.0
-13.725,12.75,0.0
-13.725,12.787499999999998,0.0
-13.725,12.825,0.0
-13.725,12.8625,0.0
-13.725,12.899999999999999,0.0
-13.725,12.9375,0.0
-13.725,12.974999999999998,0.0
-13.725,13.0125,0.0
-13.725,13.05,0.0
-13.725,13.087499999999999,0.0
-13.725,13.125,0.0
-13.725,13.162499999999998,0.0
-13.725,13.2,0.0
-13.725,13.2375,0.0
-13.725,13.274999999999999,0.0
-13.725,13.3125,0.0
-13.725,13.349999999999998,0.0
-13.725,13.3875,0.0
-13.725,13.425,0.0
-13.725,13.462499999999999,0.0
-13.725,13.5,0.0
-13.725,13.537499999999998,0.0
-13.725,13.575,0.0
-13.725,13.6125,0.0
-13.725,13.649999999999999,0.0
-13.725,13.6875,0.0
-13.725,13.724999999999998,0.050000000000000086
-13.725,13.7625,0.0
-13.725,13.8,0.15000000000000008
-13.725,13.837499999999999,0.15000000000000008
-13.725,13.875,0.0
-13.725,13.912499999999998,0.15000000000000008
-13.725,13.95,0.1
-13.725,13.9875,0.5833333333333338
-13.725,14.024999999999999,0.7333333333333336
-13.725,14.0625,0.9833333333333336
-13.725,14.099999999999998,1.2166666666666677
-13.725,14.1375,1.7000000000000004
-13.725,14.175,1.8000000000000005
-13.725,14.212499999999999,2.1500000000000004
-13.725,14.25,2.3833333333333333
-13.725,14.287499999999998,3.233333333333334
-13.725,14.325,-4.183333333333333
-13.725,14.3625,-3.3499999999999996
-13.725,14.399999999999999,-3.2333333333333334
-13.725,14.4375,
-13.725,14.474999999999998,
-13.725,14.5125,
-13.725,14.55,
-13.725,14.587499999999999,
-13.725,14.625,
-13.725,14.662499999999998,
-13.725,14.7,
-13.725,14.7375,
-13.725,14.774999999999999,
-13.725,14.8125,
-13.725,14.849999999999998,
-13.725,14.8875,
-13.725,14.925,
-13.725,14.962499999999999,
-13.725,15.0,
-13.725,15.037499999999998,
-13.725,15.075,
-13.6875,12.45,
-13.6875,12.4875,
-13.6875,12.524999999999999,
-13.6875,12.5625,
-13.6875,12.599999999999998,
-13.6875,12.6375,
-13.6875,12.675,0.0
-13.6875,12.712499999999999,0.0
-13.6875,12.75,0.0
-13.6875,12.787499999999998,0.0
-13.6875,12.825,0.0
-13.6875,12.8625,0.0
-13.6875,12.899999999999999,0.0
-13.6875,12.9375,0.0
-13.6875,12.974999999999998,0.0
-13.6875,13.0125,0.0
-13.6875,13.05,0.0
-13.6875,13.087499999999999,0.0
-13.6875,13.125,0.0
-13.6875,13.162499999999998,0.0
-13.6875,13.2,0.0
-13.6875,13.2375,0.0
-13.6875,13.274999999999999,0.0
-13.6875,13.3125,0.0
-13.6875,13.349999999999998,0.0
-13.6875,13.3875,0.0
-13.6875,13.425,0.0
-13.6875,13.462499999999999,0.0
-13.6875,13.5,0.0
-13.6875,13.537499999999998,0.0
-13.6875,13.575,0.0
-13.6875,13.6125,0.0
-13.6875,13.649999999999999,0.0
-13.6875,13.6875,0.0
-13.6875,13.724999999999998,0.050000000000000086
-13.6875,13.7625,0.050000000000000086
-13.6875,13.8,0.15000000000000008
-13.6875,13.837499999999999,0.1666666666666668
-13.6875,13.875,0.1
-13.6875,13.912499999999998,0.1
-13.6875,13.95,0.1
-13.6875,13.9875,0.15000000000000008
-13.6875,14.024999999999999,0.1666666666666668
-13.6875,14.0625,0.5333333333333335
-13.6875,14.099999999999998,0.6166666666666668
-13.6875,14.1375,1.4666666666666672
-13.6875,14.175,1.7833333333333339
-13.6875,14.212499999999999,2.1
-13.6875,14.25,2.183333333333334
-13.6875,14.287499999999998,3.2
-13.6875,14.325,-4.3166666666666655
-13.6875,14.3625,-3.8666666666666663
-13.6875,14.399999999999999,-6.1
-13.6875,14.4375,
-13.6875,14.474999999999998,
-13.6875,14.5125,
-13.6875,14.55,
-13.6875,14.587499999999999,
-13.6875,14.625,
-13.6875,14.662499999999998,
-13.6875,14.7,
-13.6875,14.7375,
-13.6875,14.774999999999999,
-13.6875,14.8125,
-13.6875,14.849999999999998,
-13.6875,14.8875,
-13.6875,14.925,
-13.6875,14.962499999999999,
-13.6875,15.0,
-13.6875,15.037499999999998,
-13.6875,15.075,
-13.649999999999999,12.45,
-13.649999999999999,12.4875,
-13.649999999999999,12.524999999999999,
-13.649999999999999,12.5625,
-13.649999999999999,12.599999999999998,
-13.649999999999999,12.6375,
-13.649999999999999,12.675,0.0
-13.649999999999999,12.712499999999999,0.0
-13.649999999999999,12.75,0.0
-13.649999999999999,12.787499999999998,0.0
-13.649999999999999,12.825,0.0
-13.649999999999999,12.8625,0.0
-13.649999999999999,12.899999999999999,0.0
-13.649999999999999,12.9375,0.0
-13.649999999999999,12.974999999999998,0.0
-13.649999999999999,13.0125,0.0
-13.649999999999999,13.05,0.0
-13.649999999999999,13.087499999999999,0.0
-13.649999999999999,13.125,0.0
-13.649999999999999,13.162499999999998,0.0
-13.649999999999999,13.2,0.0
-13.649999999999999,13.2375,0.0
-13.649999999999999,13.274999999999999,0.0
-13.649999999999999,13.3125,0.0
-13.649999999999999,13.349999999999998,0.0
-13.649999999999999,13.3875,0.0
-13.649999999999999,13.425,0.0
-13.649999999999999,13.462499999999999,0.0
-13.649999999999999,13.5,0.0
-13.649999999999999,13.537499999999998,0.0
-13.649999999999999,13.575,0.0
-13.649999999999999,13.6125,0.0
-13.649999999999999,13.649999999999999,0.0
-13.649999999999999,13.6875,0.050000000000000086
-13.649999999999999,13.724999999999998,0.050000000000000086
-13.649999999999999,13.7625,0.050000000000000086
-13.649999999999999,13.8,0.15000000000000008
-13.649999999999999,13.837499999999999,0.15000000000000008
-13.649999999999999,13.875,0.0
-13.649999999999999,13.912499999999998,0.1
-13.649999999999999,13.95,0.2666666666666668
-13.649999999999999,13.9875,0.48333333333333406
-13.649999999999999,14.024999999999999,0.5333333333333337
-13.649999999999999,14.0625,0.5833333333333336
-13.649999999999999,14.099999999999998,0.7833333333333335
-13.649999999999999,14.1375,0.7833333333333338
-13.649999999999999,14.175,1.766666666666667
-13.649999999999999,14.212499999999999,2.0333333333333337
-13.649999999999999,14.25,2.1000000000000005
-13.649999999999999,14.287499999999998,2.9
-13.649999999999999,14.325,-0.41666666666666563
-13.649999999999999,14.3625,-4.199999999999999
-13.649999999999999,14.399999999999999,-3.6499999999999995
-13.649999999999999,14.4375,
-13.649999999999999,14.474999999999998,
-13.649999999999999,14.5125,
-13.649999999999999,14.55,
-13.649999999999999,14.587499999999999,
-13.649999999999999,14.625,
-13.649999999999999,14.662499999999998,
-13.649999999999999,14.7,
-13.649999999999999,14.7375,
-13.649999999999999,14.774999999999999,
-13.649999999999999,14.8125,
-13.649999999999999,14.849999999999998,
-13.649999999999999,14.8875,
-13.649999999999999,14.925,
-13.649999999999999,14.962499999999999,
-13.649999999999999,15.0,
-13.649999999999999,15.037499999999998,
-13.649999999999999,15.075,
-13.6125,12.45,
-13.6125,12.4875,
-13.6125,12.524999999999999,
-13.6125,12.5625,
-13.6125,12.599999999999998,
-13.6125,12.6375,
-13.6125,12.675,0.0
-13.6125,12.712499999999999,0.0
-13.6125,12.75,0.0
-13.6125,12.787499999999998,0.0
-13.6125,12.825,0.0
-13.6125,12.8625,0.0
-13.6125,12.899999999999999,0.0
-13.6125,12.9375,0.0
-13.6125,12.974999999999998,0.0
-13.6125,13.0125,0.0
-13.6125,13.05,0.0
-13.6125,13.087499999999999,0.0
-13.6125,13.125,0.0
-13.6125,13.162499999999998,0.0
-13.6125,13.2,0.0
-13.6125,13.2375,0.0
-13.6125,13.274999999999999,0.0
-13.6125,13.3125,0.0
-13.6125,13.349999999999998,0.0
-13.6125,13.3875,0.0
-13.6125,13.425,0.0
-13.6125,13.462499999999999,0.0
-13.6125,13.5,0.0
-13.6125,13.537499999999998,0.0
-13.6125,13.575,0.0
-13.6125,13.6125,0.0
-13.6125,13.649999999999999,0.0
-13.6125,13.6875,0.0
-13.6125,13.724999999999998,0.1
-13.6125,13.7625,0.1
-13.6125,13.8,0.15000000000000008
-13.6125,13.837499999999999,0.1
-13.6125,13.875,0.0
-13.6125,13.912499999999998,0.0
-13.6125,13.95,0.2500000000000001
-13.6125,13.9875,0.31666666666666693
-13.6125,14.024999999999999,0.5166666666666667
-13.6125,14.0625,0.6500000000000002
-13.6125,14.099999999999998,0.7333333333333336
-13.6125,14.1375,1.1666666666666672
-13.6125,14.175,1.1666666666666674
-13.6125,14.212499999999999,1.9000000000000006
-13.6125,14.25,2.0333333333333337
-13.6125,14.287499999999998,2.5333333333333337
-13.6125,14.325,-0.5999999999999996
-13.6125,14.3625,-0.5
-13.6125,14.399999999999999,-3.6999999999999993
-13.6125,14.4375,
-13.6125,14.474999999999998,
-13.6125,14.5125,
-13.6125,14.55,
-13.6125,14.587499999999999,
-13.6125,14.625,
-13.6125,14.662499999999998,
-13.6125,14.7,
-13.6125,14.7375,
-13.6125,14.774999999999999,
-13.6125,14.8125,
-13.6125,14.849999999999998,
-13.6125,14.8875,
-13.6125,14.925,
-13.6125,14.962499999999999,
-13.6125,15.0,
-13.6125,15.037499999999998,
-13.6125,15.075,
-13.575,12.45,
-13.575,12.4875,
-13.575,12.524999999999999,
-13.575,12.5625,
-13.575,12.599999999999998,
-13.575,12.6375,
-13.575,12.675,
-13.575,12.712499999999999,0.0
-13.575,12.75,0.0
-13.575,12.787499999999998,0.0
-13.575,12.825,0.0
-13.575,12.8625,0.0
-13.575,12.899999999999999,0.0
-13.575,12.9375,0.0
-13.575,12.974999999999998,0.0
-13.575,13.0125,0.0
-13.575,13.05,0.0
-13.575,13.087499999999999,0.0
-13.575,13.125,0.0
-13.575,13.162499999999998,0.0
-13.575,13.2,0.0
-13.575,13.2375,0.0
-13.575,13.274999999999999,0.0
-13.575,13.3125,0.0
-13.575,13.349999999999998,0.0
-13.575,13.3875,0.0
-13.575,13.425,0.0
-13.575,13.462499999999999,0.0
-13.575,13.5,0.0
-13.575,13.537499999999998,0.0
-13.575,13.575,0.0
-13.575,13.6125,0.0
-13.575,13.649999999999999,0.0
-13.575,13.6875,0.050000000000000086
-13.575,13.724999999999998,0.050000000000000086
-13.575,13.7625,0.1
-13.575,13.8,0.1
-13.575,13.837499999999999,0.1
-13.575,13.875,0.0
-13.575,13.912499999999998,0.15000000000000008
-13.575,13.95,0.15000000000000008
-13.575,13.9875,0.2
-13.575,14.024999999999999,0.31666666666666665
-13.575,14.0625,0.55
-13.575,14.099999999999998,0.6666666666666669
-13.575,14.1375,0.9000000000000005
-13.575,14.175,1.1333333333333337
-13.575,14.212499999999999,1.6666666666666672
-13.575,14.25,1.7333333333333336
-13.575,14.287499999999998,2.3000000000000003
-13.575,14.325,3.1333333333333337
-13.575,14.3625,-0.5166666666666662
-13.575,14.399999999999999,-0.06666666666666599
-13.575,14.4375,
-13.575,14.474999999999998,
-13.575,14.5125,
-13.575,14.55,
-13.575,14.587499999999999,
-13.575,14.625,
-13.575,14.662499999999998,
-13.575,14.7,
-13.575,14.7375,
-13.575,14.774999999999999,
-13.575,14.8125,
-13.575,14.849999999999998,
-13.575,14.8875,
-13.575,14.925,
-13.575,14.962499999999999,
-13.575,15.0,
-13.575,15.037499999999998,
-13.575,15.075,
-13.5375,12.45,
-13.5375,12.4875,
-13.5375,12.524999999999999,
-13.5375,12.5625,
-13.5375,12.599999999999998,
-13.5375,12.6375,
-13.5375,12.675,0.0
-13.5375,12.712499999999999,0.0
-13.5375,12.75,0.0
-13.5375,12.787499999999998,0.0
-13.5375,12.825,0.0
-13.5375,12.8625,0.0
-13.5375,12.899999999999999,0.0
-13.5375,12.9375,0.0
-13.5375,12.974999999999998,0.0
-13.5375,13.0125,0.0
-13.5375,13.05,0.0
-13.5375,13.087499999999999,0.0
-13.5375,13.125,0.0
-13.5375,13.162499999999998,0.0
-13.5375,13.2,0.0
-13.5375,13.2375,0.0
-13.5375,13.274999999999999,0.0
-13.5375,13.3125,0.0
-13.5375,13.349999999999998,0.0
-13.5375,13.3875,0.0
-13.5375,13.425,0.0
-13.5375,13.462499999999999,0.0
-13.5375,13.5,0.0
-13.5375,13.537499999999998,0.0
-13.5375,13.575,0.0
-13.5375,13.6125,0.0
-13.5375,13.649999999999999,0.0
-13.5375,13.6875,0.0
-13.5375,13.724999999999998,0.050000000000000086
-13.5375,13.7625,0.1
-13.5375,13.8,0.050000000000000086
-13.5375,13.837499999999999,0.0
-13.5375,13.875,0.0
-13.5375,13.912499999999998,0.15000000000000008
-13.5375,13.95,0.2500000000000001
-13.5375,13.9875,0.3
-13.5375,14.024999999999999,0.4333333333333338
-13.5375,14.0625,0.4666666666666668
-13.5375,14.099999999999998,0.6333333333333335
-13.5375,14.1375,0.716666666666667
-13.5375,14.175,1.1666666666666672
-13.5375,14.212499999999999,1.7000000000000004
-13.5375,14.25,1.6500000000000001
-13.5375,14.287499999999998,2.0833333333333335
-13.5375,14.325,2.6833333333333345
-13.5375,14.3625,3.3500000000000005
-13.5375,14.399999999999999,3.8666666666666667
-13.5375,14.4375,
-13.5375,14.474999999999998,
-13.5375,14.5125,
-13.5375,14.55,
-13.5375,14.587499999999999,
-13.5375,14.625,
-13.5375,14.662499999999998,
-13.5375,14.7,
-13.5375,14.7375,
-13.5375,14.774999999999999,
-13.5375,14.8125,
-13.5375,14.849999999999998,
-13.5375,14.8875,
-13.5375,14.925,
-13.5375,14.962499999999999,
-13.5375,15.0,
-13.5375,15.037499999999998,
-13.5375,15.075,
-13.5,12.45,
-13.5,12.4875,
-13.5,12.524999999999999,
-13.5,12.5625,
-13.5,12.599999999999998,
-13.5,12.6375,
-13.5,12.675,
-13.5,12.712499999999999,0.0
-13.5,12.75,0.0
-13.5,12.787499999999998,0.0
-13.5,12.825,0.0
-13.5,12.8625,0.0
-13.5,12.899999999999999,0.0
-13.5,12.9375,0.0
-13.5,12.974999999999998,0.0
-13.5,13.0125,0.0
-13.5,13.05,0.0
-13.5,13.087499999999999,0.0
-13.5,13.125,0.0
-13.5,13.162499999999998,0.0
-13.5,13.2,0.0
-13.5,13.2375,0.0
-13.5,13.274999999999999,0.0
-13.5,13.3125,0.0
-13.5,13.349999999999998,0.0
-13.5,13.3875,0.0
-13.5,13.425,0.0
-13.5,13.462499999999999,0.0
-13.5,13.5,0.0
-13.5,13.537499999999998,0.0
-13.5,13.575,0.0
-13.5,13.6125,0.0
-13.5,13.649999999999999,0.050000000000000086
-13.5,13.6875,0.050000000000000086
-13.5,13.724999999999998,0.050000000000000086
-13.5,13.7625,0.050000000000000086
-13.5,13.8,0.0
-13.5,13.837499999999999,0.0
-13.5,13.875,0.0
-13.5,13.912499999999998,0.0
-13.5,13.95,0.050000000000000086
-13.5,13.9875,0.20000000000000018
-13.5,14.024999999999999,0.20000000000000018
-13.5,14.0625,0.4166666666666669
-13.5,14.099999999999998,0.45000000000000023
-13.5,14.1375,0.7000000000000004
-13.5,14.175,1.0333333333333339
-13.5,14.212499999999999,1.7166666666666672
-13.5,14.25,1.8166666666666669
-13.5,14.287499999999998,1.866666666666667
-13.5,14.325,2.4000000000000004
-13.5,14.3625,3.3166666666666678
-13.5,14.399999999999999,3.483333333333334
-13.5,14.4375,
-13.5,14.474999999999998,
-13.5,14.5125,
-13.5,14.55,
-13.5,14.587499999999999,
-13.5,14.625,
-13.5,14.662499999999998,
-13.5,14.7,
-13.5,14.7375,
-13.5,14.774999999999999,
-13.5,14.8125,
-13.5,14.849999999999998,
-13.5,14.8875,
-13.5,14.925,
-13.5,14.962499999999999,
-13.5,15.0,
-13.5,15.037499999999998,
-13.5,15.075,
-13.462499999999999,12.45,
-13.462499999999999,12.4875,
-13.462499999999999,12.524999999999999,
-13.462499999999999,12.5625,
-13.462499999999999,12.599999999999998,
-13.462499999999999,12.6375,
-13.462499999999999,12.675,0.0
-13.462499999999999,12.712499999999999,0.0
-13.462499999999999,12.75,0.0
-13.462499999999999,12.787499999999998,0.0
-13.462499999999999,12.825,0.0
-13.462499999999999,12.8625,0.0
-13.462499999999999,12.899999999999999,0.0
-13.462499999999999,12.9375,0.0
-13.462499999999999,12.974999999999998,0.0
-13.462499999999999,13.0125,0.0
-13.462499999999999,13.05,0.0
-13.462499999999999,13.087499999999999,0.0
-13.462499999999999,13.125,0.0
-13.462499999999999,13.162499999999998,0.0
-13.462499999999999,13.2,0.0
-13.462499999999999,13.2375,0.0
-13.462499999999999,13.274999999999999,0.0
-13.462499999999999,13.3125,0.0
-13.462499999999999,13.349999999999998,0.0
-13.462499999999999,13.3875,0.0
-13.462499999999999,13.425,0.0
-13.462499999999999,13.462499999999999,0.0
-13.462499999999999,13.5,0.0
-13.462499999999999,13.537499999999998,0.0
-13.462499999999999,13.575,0.0
-13.462499999999999,13.6125,0.0
-13.462499999999999,13.649999999999999,0.050000000000000086
-13.462499999999999,13.6875,0.050000000000000086
-13.462499999999999,13.724999999999998,0.0
-13.462499999999999,13.7625,0.0
-13.462499999999999,13.8,0.050000000000000086
-13.462499999999999,13.837499999999999,0.050000000000000086
-13.462499999999999,13.875,0.0
-13.462499999999999,13.912499999999998,0.0
-13.462499999999999,13.95,0.0
-13.462499999999999,13.9875,0.0
-13.462499999999999,14.024999999999999,0.15000000000000008
-13.462499999999999,14.0625,0.4166666666666669
-13.462499999999999,14.099999999999998,0.4666666666666668
-13.462499999999999,14.1375,0.6833333333333337
-13.462499999999999,14.175,0.7833333333333338
-13.462499999999999,14.212499999999999,1.416666666666667
-13.462499999999999,14.25,1.3666666666666671
-13.462499999999999,14.287499999999998,2.266666666666667
-13.462499999999999,14.325,2.6833333333333345
-13.462499999999999,14.3625,3.333333333333334
-13.462499999999999,14.399999999999999,-0.26666666666666616
-13.462499999999999,14.4375,0.0
-13.462499999999999,14.474999999999998,
-13.462499999999999,14.5125,
-13.462499999999999,14.55,
-13.462499999999999,14.587499999999999,
-13.462499999999999,14.625,
-13.462499999999999,14.662499999999998,
-13.462499999999999,14.7,
-13.462499999999999,14.7375,
-13.462499999999999,14.774999999999999,
-13.462499999999999,14.8125,
-13.462499999999999,14.849999999999998,
-13.462499999999999,14.8875,
-13.462499999999999,14.925,
-13.462499999999999,14.962499999999999,
-13.462499999999999,15.0,
-13.462499999999999,15.037499999999998,
-13.462499999999999,15.075,
-13.425,12.45,
-13.425,12.4875,
-13.425,12.524999999999999,
-13.425,12.5625,
-13.425,12.599999999999998,
-13.425,12.6375,
-13.425,12.675,0.0
-13.425,12.712499999999999,0.0
-13.425,12.75,0.0
-13.425,12.787499999999998,0.0
-13.425,12.825,0.0
-13.425,12.8625,0.0
-13.425,12.899999999999999,0.0
-13.425,12.9375,0.0
-13.425,12.974999999999998,0.0
-13.425,13.0125,0.0
-13.425,13.05,0.0
-13.425,13.087499999999999,0.0
-13.425,13.125,0.0
-13.425,13.162499999999998,0.0
-13.425,13.2,0.0
-13.425,13.2375,0.0
-13.425,13.274999999999999,0.0
-13.425,13.3125,0.0
-13.425,13.349999999999998,0.0
-13.425,13.3875,0.0
-13.425,13.425,0.0
-13.425,13.462499999999999,0.0
-13.425,13.5,0.0
-13.425,13.537499999999998,0.0
-13.425,13.575,0.0
-13.425,13.6125,0.050000000000000086
-13.425,13.649999999999999,0.0
-13.425,13.6875,0.0
-13.425,13.724999999999998,0.050000000000000086
-13.425,13.7625,0.1
-13.425,13.8,0.15000000000000008
-13.425,13.837499999999999,0.10000000000000017
-13.425,13.875,0.1
-13.425,13.912499999999998,0.050000000000000086
-13.425,13.95,0.15000000000000027
-13.425,13.9875,0.0
-13.425,14.024999999999999,0.0
-13.425,14.0625,0.050000000000000086
-13.425,14.099999999999998,0.2
-13.425,14.1375,0.2166666666666667
-13.425,14.175,0.5333333333333335
-13.425,14.212499999999999,0.7333333333333341
-13.425,14.25,1.4500000000000002
-13.425,14.287499999999998,1.6666666666666667
-13.425,14.325,2.8333333333333335
-13.425,14.3625,3.1500000000000004
-13.425,14.399999999999999,-0.46666666666666634
-13.425,14.4375,0.20000000000000018
-13.425,14.474999999999998,
-13.425,14.5125,
-13.425,14.55,
-13.425,14.587499999999999,
-13.425,14.625,
-13.425,14.662499999999998,
-13.425,14.7,
-13.425,14.7375,
-13.425,14.774999999999999,
-13.425,14.8125,
-13.425,14.849999999999998,
-13.425,14.8875,
-13.425,14.925,
-13.425,14.962499999999999,
-13.425,15.0,
-13.425,15.037499999999998,
-13.425,15.075,
-13.3875,12.45,
-13.3875,12.4875,
-13.3875,12.524999999999999,
-13.3875,12.5625,
-13.3875,12.599999999999998,
-13.3875,12.6375,
-13.3875,12.675,0.0
-13.3875,12.712499999999999,0.0
-13.3875,12.75,0.0
-13.3875,12.787499999999998,0.0
-13.3875,12.825,0.0
-13.3875,12.8625,0.0
-13.3875,12.899999999999999,0.0
-13.3875,12.9375,0.0
-13.3875,12.974999999999998,0.0
-13.3875,13.0125,0.0
-13.3875,13.05,0.0
-13.3875,13.087499999999999,0.0
-13.3875,13.125,0.0
-13.3875,13.162499999999998,0.0
-13.3875,13.2,0.0
-13.3875,13.2375,0.0
-13.3875,13.274999999999999,0.0
-13.3875,13.3125,0.0
-13.3875,13.349999999999998,0.0
-13.3875,13.3875,0.0
-13.3875,13.425,0.0
-13.3875,13.462499999999999,0.0
-13.3875,13.5,0.0
-13.3875,13.537499999999998,0.0
-13.3875,13.575,0.050000000000000086
-13.3875,13.6125,0.050000000000000086
-13.3875,13.649999999999999,0.0
-13.3875,13.6875,0.0
-13.3875,13.724999999999998,0.050000000000000086
-13.3875,13.7625,0.1
-13.3875,13.8,0.10000000000000017
-13.3875,13.837499999999999,0.15000000000000008
-13.3875,13.875,0.2500000000000001
-13.3875,13.912499999999998,0.050000000000000086
-13.3875,13.95,0.15000000000000027
-13.3875,13.9875,0.10000000000000017
-13.3875,14.024999999999999,0.0
-13.3875,14.0625,0.050000000000000086
-13.3875,14.099999999999998,0.4000000000000002
-13.3875,14.1375,0.46666666666666695
-13.3875,14.175,0.616666666666667
-13.3875,14.212499999999999,1.5000000000000002
-13.3875,14.25,2.133333333333334
-13.3875,14.287499999999998,2.1166666666666667
-13.3875,14.325,2.8833333333333337
-13.3875,14.3625,2.8166666666666673
-13.3875,14.399999999999999,3.3166666666666673
-13.3875,14.4375,8.881784197001252e-16
-13.3875,14.474999999999998,-2.0999999999999996
-13.3875,14.5125,
-13.3875,14.55,
-13.3875,14.587499999999999,
-13.3875,14.625,
-13.3875,14.662499999999998,
-13.3875,14.7,
-13.3875,14.7375,
-13.3875,14.774999999999999,
-13.3875,14.8125,
-13.3875,14.849999999999998,
-13.3875,14.8875,
-13.3875,14.925,
-13.3875,14.962499999999999,
-13.3875,15.0,
-13.3875,15.037499999999998,
-13.3875,15.075,
-13.35,12.45,
-13.35,12.4875,
-13.35,12.524999999999999,
-13.35,12.5625,
-13.35,12.599999999999998,
-13.35,12.6375,
-13.35,12.675,
-13.35,12.712499999999999,0.0
-13.35,12.75,0.0
-13.35,12.787499999999998,0.0
-13.35,12.825,0.0
-13.35,12.8625,0.0
-13.35,12.899999999999999,0.0
-13.35,12.9375,0.0
-13.35,12.974999999999998,0.0
-13.35,13.0125,0.0
-13.35,13.05,0.0
-13.35,13.087499999999999,0.0
-13.35,13.125,0.0
-13.35,13.162499999999998,0.0
-13.35,13.2,0.0
-13.35,13.2375,0.0
-13.35,13.274999999999999,0.0
-13.35,13.3125,0.0
-13.35,13.349999999999998,0.0
-13.35,13.3875,0.0
-13.35,13.425,0.0
-13.35,13.462499999999999,0.0
-13.35,13.5,0.0
-13.35,13.537499999999998,0.0
-13.35,13.575,0.050000000000000086
-13.35,13.6125,0.050000000000000086
-13.35,13.649999999999999,0.0
-13.35,13.6875,0.0
-13.35,13.724999999999998,0.0
-13.35,13.7625,0.050000000000000086
-13.35,13.8,0.2500000000000001
-13.35,13.837499999999999,0.2500000000000001
-13.35,13.875,0.20000000000000018
-13.35,13.912499999999998,0.10000000000000017
-13.35,13.95,0.2500000000000001
-13.35,13.9875,0.15000000000000008
-13.35,14.024999999999999,0.050000000000000086
-13.35,14.0625,0.0
-13.35,14.099999999999998,0.15000000000000008
-13.35,14.1375,0.6666666666666672
-13.35,14.175,1.0333333333333337
-13.35,14.212499999999999,1.4
-13.35,14.25,2.1333333333333337
-13.35,14.287499999999998,-0.7999999999999994
-13.35,14.325,-0.6333333333333329
-13.35,14.3625,-0.6833333333333327
-13.35,14.399999999999999,0.2833333333333341
-13.35,14.4375,-2.3166666666666655
-13.35,14.474999999999998,-1.8333333333333321
-13.35,14.5125,1.083333333333334
-13.35,14.55,
-13.35,14.587499999999999,
-13.35,14.625,
-13.35,14.662499999999998,
-13.35,14.7,
-13.35,14.7375,
-13.35,14.774999999999999,
-13.35,14.8125,
-13.35,14.849999999999998,
-13.35,14.8875,
-13.35,14.925,
-13.35,14.962499999999999,
-13.35,15.0,
-13.35,15.037499999999998,
-13.35,15.075,
-13.3125,12.45,
-13.3125,12.4875,
-13.3125,12.524999999999999,
-13.3125,12.5625,
-13.3125,12.599999999999998,
-13.3125,12.6375,
-13.3125,12.675,0.0
-13.3125,12.712499999999999,0.0
-13.3125,12.75,0.0
-13.3125,12.787499999999998,0.0
-13.3125,12.825,0.0
-13.3125,12.8625,0.0
-13.3125,12.899999999999999,0.0
-13.3125,12.9375,0.0
-13.3125,12.974999999999998,0.0
-13.3125,13.0125,0.0
-13.3125,13.05,0.0
-13.3125,13.087499999999999,0.0
-13.3125,13.125,0.0
-13.3125,13.162499999999998,0.0
-13.3125,13.2,0.0
-13.3125,13.2375,0.0
-13.3125,13.274999999999999,0.0
-13.3125,13.3125,0.0
-13.3125,13.349999999999998,0.0
-13.3125,13.3875,0.0
-13.3125,13.425,0.0
-13.3125,13.462499999999999,0.0
-13.3125,13.5,0.0
-13.3125,13.537499999999998,0.0
-13.3125,13.575,0.050000000000000086
-13.3125,13.6125,0.050000000000000086
-13.3125,13.649999999999999,0.0
-13.3125,13.6875,0.0
-13.3125,13.724999999999998,0.0
-13.3125,13.7625,0.050000000000000086
-13.3125,13.8,0.2500000000000001
-13.3125,13.837499999999999,0.2500000000000001
-13.3125,13.875,0.30000000000000016
-13.3125,13.912499999999998,0.10000000000000017
-13.3125,13.95,0.2500000000000001
-13.3125,13.9875,0.2500000000000001
-13.3125,14.024999999999999,0.0
-13.3125,14.0625,0.5000000000000003
-13.3125,14.099999999999998,0.0
-13.3125,14.1375,0.7000000000000004
-13.3125,14.175,1.2833333333333339
-13.3125,14.212499999999999,1.9000000000000001
-13.3125,14.25,-1.1833333333333327
-13.3125,14.287499999999998,-0.7166666666666663
-13.3125,14.325,-3.2
-13.3125,14.3625,-0.39999999999999947
-13.3125,14.399999999999999,-2.216666666666666
-13.3125,14.4375,-1.883333333333332
-13.3125,14.474999999999998,-1.5333333333333332
-13.3125,14.5125,-4.216666666666667
-13.3125,14.55,-5.566666666666666
-13.3125,14.587499999999999,
-13.3125,14.625,
-13.3125,14.662499999999998,
-13.3125,14.7,
-13.3125,14.7375,
-13.3125,14.774999999999999,
-13.3125,14.8125,
-13.3125,14.849999999999998,
-13.3125,14.8875,
-13.3125,14.925,
-13.3125,14.962499999999999,
-13.3125,15.0,
-13.3125,15.037499999999998,
-13.3125,15.075,
-13.274999999999999,12.45,
-13.274999999999999,12.4875,
-13.274999999999999,12.524999999999999,
-13.274999999999999,12.5625,
-13.274999999999999,12.599999999999998,
-13.274999999999999,12.6375,
-13.274999999999999,12.675,0.0
-13.274999999999999,12.712499999999999,0.0
-13.274999999999999,12.75,0.0
-13.274999999999999,12.787499999999998,0.0
-13.274999999999999,12.825,0.0
-13.274999999999999,12.8625,0.0
-13.274999999999999,12.899999999999999,0.0
-13.274999999999999,12.9375,0.0
-13.274999999999999,12.974999999999998,0.0
-13.274999999999999,13.0125,0.0
-13.274999999999999,13.05,0.0
-13.274999999999999,13.087499999999999,0.0
-13.274999999999999,13.125,0.0
-13.274999999999999,13.162499999999998,0.0
-13.274999999999999,13.2,0.0
-13.274999999999999,13.2375,0.0
-13.274999999999999,13.274999999999999,0.0
-13.274999999999999,13.3125,0.0
-13.274999999999999,13.349999999999998,0.0
-13.274999999999999,13.3875,0.0
-13.274999999999999,13.425,0.0
-13.274999999999999,13.462499999999999,0.0
-13.274999999999999,13.5,0.0
-13.274999999999999,13.537499999999998,0.050000000000000086
-13.274999999999999,13.575,0.0
-13.274999999999999,13.6125,0.0
-13.274999999999999,13.649999999999999,0.0
-13.274999999999999,13.6875,0.0
-13.274999999999999,13.724999999999998,0.15000000000000027
-13.274999999999999,13.7625,0.30000000000000016
-13.274999999999999,13.8,0.20000000000000018
-13.274999999999999,13.837499999999999,0.30000000000000016
-13.274999999999999,13.875,0.35000000000000014
-13.274999999999999,13.912499999999998,0.4000000000000002
-13.274999999999999,13.95,0.35000000000000014
-13.274999999999999,13.9875,0.2500000000000001
-13.274999999999999,14.024999999999999,0.30000000000000016
-13.274999999999999,14.0625,0.866666666666667
-13.274999999999999,14.099999999999998,0.5500000000000003
-13.274999999999999,14.1375,0.45000000000000023
-13.274999999999999,14.175,1.3000000000000005
-13.274999999999999,14.212499999999999,2.1666666666666665
-13.274999999999999,14.25,-1.316666666666666
-13.274999999999999,14.287499999999998,-0.5999999999999996
-13.274999999999999,14.325,-3.016666666666666
-13.274999999999999,14.3625,-2.5333333333333323
-13.274999999999999,14.399999999999999,-2.083333333333332
-13.274999999999999,14.4375,-1.4833333333333334
-13.274999999999999,14.474999999999998,-4.266666666666667
-13.274999999999999,14.5125,-5.916666666666667
-13.274999999999999,14.55,-5.2
-13.274999999999999,14.587499999999999,-4.516666666666667
-13.274999999999999,14.625,
-13.274999999999999,14.662499999999998,
-13.274999999999999,14.7,
-13.274999999999999,14.7375,
-13.274999999999999,14.774999999999999,
-13.274999999999999,14.8125,
-13.274999999999999,14.849999999999998,
-13.274999999999999,14.8875,
-13.274999999999999,14.925,
-13.274999999999999,14.962499999999999,
-13.274999999999999,15.0,
-13.274999999999999,15.037499999999998,
-13.274999999999999,15.075,
-13.2375,12.45,
-13.2375,12.4875,
-13.2375,12.524999999999999,
-13.2375,12.5625,
-13.2375,12.599999999999998,
-13.2375,12.6375,
-13.2375,12.675,0.0
-13.2375,12.712499999999999,0.0
-13.2375,12.75,0.0
-13.2375,12.787499999999998,0.0
-13.2375,12.825,0.0
-13.2375,12.8625,0.0
-13.2375,12.899999999999999,0.0
-13.2375,12.9375,0.0
-13.2375,12.974999999999998,0.0
-13.2375,13.0125,
-13.2375,13.05,0.0
-13.2375,13.087499999999999,0.0
-13.2375,13.125,0.0
-13.2375,13.162499999999998,0.0
-13.2375,13.2,0.0
-13.2375,13.2375,0.0
-13.2375,13.274999999999999,0.0
-13.2375,13.3125,0.0
-13.2375,13.349999999999998,0.0
-13.2375,13.3875,0.0
-13.2375,13.425,0.0
-13.2375,13.462499999999999,0.0
-13.2375,13.5,0.0
-13.2375,13.537499999999998,0.0
-13.2375,13.575,0.0
-13.2375,13.6125,0.0
-13.2375,13.649999999999999,0.0
-13.2375,13.6875,0.0
-13.2375,13.724999999999998,0.15000000000000027
-13.2375,13.7625,0.10000000000000017
-13.2375,13.8,0.35000000000000026
-13.2375,13.837499999999999,0.5000000000000002
-13.2375,13.875,0.45000000000000023
-13.2375,13.912499999999998,0.46666666666666695
-13.2375,13.95,0.35000000000000014
-13.2375,13.9875,0.5000000000000003
-13.2375,14.024999999999999,0.5000000000000002
-13.2375,14.0625,0.9500000000000005
-13.2375,14.099999999999998,0.9333333333333338
-13.2375,14.1375,1.0333333333333339
-13.2375,14.175,1.0500000000000005
-13.2375,14.212499999999999,-1.6166666666666663
-13.2375,14.25,-1.8833333333333333
-13.2375,14.287499999999998,-0.9166666666666661
-13.2375,14.325,-3.2166666666666663
-13.2375,14.3625,-2.2
-13.2375,14.399999999999999,-1.799999999999999
-13.2375,14.4375,-4.516666666666667
-13.2375,14.474999999999998,-3.833333333333333
-13.2375,14.5125,-5.316666666666666
-13.2375,14.55,-4.6
-13.2375,14.587499999999999,-1.5999999999999996
-13.2375,14.625,
-13.2375,14.662499999999998,
-13.2375,14.7,
-13.2375,14.7375,
-13.2375,14.774999999999999,
-13.2375,14.8125,
-13.2375,14.849999999999998,
-13.2375,14.8875,
-13.2375,14.925,
-13.2375,14.962499999999999,
-13.2375,15.0,
-13.2375,15.037499999999998,
-13.2375,15.075,
-13.2,12.45,
-13.2,12.4875,
-13.2,12.524999999999999,
-13.2,12.5625,
-13.2,12.599999999999998,
-13.2,12.6375,
-13.2,12.675,0.0
-13.2,12.712499999999999,0.0
-13.2,12.75,0.0
-13.2,12.787499999999998,0.0
-13.2,12.825,0.0
-13.2,12.8625,0.0
-13.2,12.899999999999999,0.0
-13.2,12.9375,0.0
-13.2,12.974999999999998,0.0
-13.2,13.0125,
-13.2,13.05,
-13.2,13.087499999999999,0.0
-13.2,13.125,0.0
-13.2,13.162499999999998,0.0
-13.2,13.2,0.0
-13.2,13.2375,0.0
-13.2,13.274999999999999,0.0
-13.2,13.3125,0.0
-13.2,13.349999999999998,0.0
-13.2,13.3875,0.0
-13.2,13.425,0.0
-13.2,13.462499999999999,0.0
-13.2,13.5,0.0
-13.2,13.537499999999998,0.0
-13.2,13.575,0.0
-13.2,13.6125,0.0
-13.2,13.649999999999999,0.0
-13.2,13.6875,0.0
-13.2,13.724999999999998,0.0
-13.2,13.7625,0.050000000000000086
-13.2,13.8,0.35000000000000026
-13.2,13.837499999999999,0.5833333333333335
-13.2,13.875,0.5666666666666669
-13.2,13.912499999999998,0.6833333333333335
-13.2,13.95,0.7833333333333337
-13.2,13.9875,0.5500000000000005
-13.2,14.024999999999999,0.7000000000000003
-13.2,14.0625,0.8500000000000004
-13.2,14.099999999999998,1.3500000000000005
-13.2,14.1375,1.2833333333333337
-13.2,14.175,0.9833333333333338
-13.2,14.212499999999999,1.1833333333333338
-13.2,14.25,1.85
-13.2,14.287499999999998,-0.13333333333333286
-13.2,14.325,-3.1999999999999997
-13.2,14.3625,-2.6833333333333327
-13.2,14.399999999999999,-1.6166666666666654
-13.2,14.4375,-4.266666666666667
-13.2,14.474999999999998,-3.8833333333333337
-13.2,14.5125,-5.133333333333334
-13.2,14.55,-4.516666666666667
-13.2,14.587499999999999,-0.7333333333333325
-13.2,14.625,
-13.2,14.662499999999998,
-13.2,14.7,
-13.2,14.7375,
-13.2,14.774999999999999,
-13.2,14.8125,
-13.2,14.849999999999998,
-13.2,14.8875,
-13.2,14.925,
-13.2,14.962499999999999,
-13.2,15.0,
-13.2,15.037499999999998,
-13.2,15.075,
-13.1625,12.45,
-13.1625,12.4875,
-13.1625,12.524999999999999,
-13.1625,12.5625,
-13.1625,12.599999999999998,
-13.1625,12.6375,0.0
-13.1625,12.675,0.0
-13.1625,12.712499999999999,0.0
-13.1625,12.75,0.0
-13.1625,12.787499999999998,0.0
-13.1625,12.825,0.0
-13.1625,12.8625,0.0
-13.1625,12.899999999999999,0.0
-13.1625,12.9375,0.0
-13.1625,12.974999999999998,
-13.1625,13.0125,
-13.1625,13.05,
-13.1625,13.087499999999999,0.0
-13.1625,13.125,0.0
-13.1625,13.162499999999998,0.0
-13.1625,13.2,0.0
-13.1625,13.2375,0.0
-13.1625,13.274999999999999,0.0
-13.1625,13.3125,0.0
-13.1625,13.349999999999998,0.0
-13.1625,13.3875,0.0
-13.1625,13.425,0.0
-13.1625,13.462499999999999,0.0
-13.1625,13.5,0.0
-13.1625,13.537499999999998,0.0
-13.1625,13.575,0.0
-13.1625,13.6125,0.0
-13.1625,13.649999999999999,0.0
-13.1625,13.6875,0.0
-13.1625,13.724999999999998,0.0
-13.1625,13.7625,0.0
-13.1625,13.8,0.3000000000000004
-13.1625,13.837499999999999,0.3000000000000004
-13.1625,13.875,0.6000000000000002
-13.1625,13.912499999999998,0.5500000000000003
-13.1625,13.95,1.1833333333333333
-13.1625,13.9875,1.1833333333333333
-13.1625,14.024999999999999,1.066666666666667
-13.1625,14.0625,1.3166666666666669
-13.1625,14.099999999999998,1.6833333333333336
-13.1625,14.1375,-2.2666666666666666
-13.1625,14.175,1.6666666666666672
-13.1625,14.212499999999999,-1.7499999999999996
-13.1625,14.25,-1.733333333333333
-13.1625,14.287499999999998,-1.6999999999999988
-13.1625,14.325,-0.5166666666666662
-13.1625,14.3625,-3.1499999999999995
-13.1625,14.399999999999999,-1.833333333333333
-13.1625,14.4375,-4.55
-13.1625,14.474999999999998,-3.5166666666666666
-13.1625,14.5125,-4.683333333333334
-13.1625,14.55,-4.1
-13.1625,14.587499999999999,-3.0166666666666675
-13.1625,14.625,
-13.1625,14.662499999999998,
-13.1625,14.7,
-13.1625,14.7375,
-13.1625,14.774999999999999,
-13.1625,14.8125,
-13.1625,14.849999999999998,
-13.1625,14.8875,
-13.1625,14.925,
-13.1625,14.962499999999999,
-13.1625,15.0,
-13.1625,15.037499999999998,
-13.1625,15.075,
-13.125,12.45,
-13.125,12.4875,
-13.125,12.524999999999999,
-13.125,12.5625,
-13.125,12.599999999999998,
-13.125,12.6375,
-13.125,12.675,
-13.125,12.712499999999999,0.0
-13.125,12.75,0.0
-13.125,12.787499999999998,0.0
-13.125,12.825,0.0
-13.125,12.8625,
-13.125,12.899999999999999,
-13.125,12.9375,
-13.125,12.974999999999998,
-13.125,13.0125,
-13.125,13.05,
-13.125,13.087499999999999,0.0
-13.125,13.125,0.0
-13.125,13.162499999999998,0.0
-13.125,13.2,0.0
-13.125,13.2375,0.0
-13.125,13.274999999999999,0.0
-13.125,13.3125,0.0
-13.125,13.349999999999998,0.0
-13.125,13.3875,0.0
-13.125,13.425,0.0
-13.125,13.462499999999999,0.0
-13.125,13.5,0.0
-13.125,13.537499999999998,0.0
-13.125,13.575,0.0
-13.125,13.6125,0.0
-13.125,13.649999999999999,0.10000000000000017
-13.125,13.6875,0.2500000000000003
-13.125,13.724999999999998,0.15000000000000008
-13.125,13.7625,0.0
-13.125,13.8,0.1
-13.125,13.837499999999999,0.1
-13.125,13.875,0.1
-13.125,13.912499999999998,0.3000000000000004
-13.125,13.95,0.5000000000000002
-13.125,13.9875,1.1833333333333336
-13.125,14.024999999999999,1.6000000000000003
-13.125,14.0625,1.7000000000000004
-13.125,14.099999999999998,-1.9666666666666668
-13.125,14.1375,-1.6166666666666663
-13.125,14.175,-2.0666666666666664
-13.125,14.212499999999999,-0.566666666666666
-13.125,14.25,-2.016666666666666
-13.125,14.287499999999998,-3.433333333333333
-13.125,14.325,-2.083333333333333
-13.125,14.3625,-4.666666666666667
-13.125,14.399999999999999,-4.05
-13.125,14.4375,-3.4833333333333334
-13.125,14.474999999999998,-3.1833333333333336
-13.125,14.5125,-4.3
-13.125,14.55,-3.5166666666666675
-13.125,14.587499999999999,-2.866666666666667
-13.125,14.625,
-13.125,14.662499999999998,
-13.125,14.7,
-13.125,14.7375,
-13.125,14.774999999999999,
-13.125,14.8125,
-13.125,14.849999999999998,
-13.125,14.8875,
-13.125,14.925,
-13.125,14.962499999999999,
-13.125,15.0,
-13.125,15.037499999999998,
-13.125,15.075,
-13.087499999999999,12.45,
-13.087499999999999,12.4875,
-13.087499999999999,12.524999999999999,
-13.087499999999999,12.5625,
-13.087499999999999,12.599999999999998,
-13.087499999999999,12.6375,
-13.087499999999999,12.675,
-13.087499999999999,12.712499999999999,
-13.087499999999999,12.75,
-13.087499999999999,12.787499999999998,
-13.087499999999999,12.825,
-13.087499999999999,12.8625,
-13.087499999999999,12.899999999999999,
-13.087499999999999,12.9375,
-13.087499999999999,12.974999999999998,
-13.087499999999999,13.0125,
-13.087499999999999,13.05,0.0
-13.087499999999999,13.087499999999999,0.0
-13.087499999999999,13.125,0.0
-13.087499999999999,13.162499999999998,0.0
-13.087499999999999,13.2,0.0
-13.087499999999999,13.2375,0.0
-13.087499999999999,13.274999999999999,0.0
-13.087499999999999,13.3125,0.0
-13.087499999999999,13.349999999999998,0.0
-13.087499999999999,13.3875,0.0
-13.087499999999999,13.425,0.0
-13.087499999999999,13.462499999999999,0.0
-13.087499999999999,13.5,0.0
-13.087499999999999,13.537499999999998,0.050000000000000086
-13.087499999999999,13.575,0.2500000000000001
-13.087499999999999,13.6125,0.15000000000000008
-13.087499999999999,13.649999999999999,0.10000000000000017
-13.087499999999999,13.6875,0.6666666666666671
-13.087499999999999,13.724999999999998,0.2
-13.087499999999999,13.7625,0.20000000000000018
-13.087499999999999,13.8,0.0
-13.087499999999999,13.837499999999999,0.30000000000000016
-13.087499999999999,13.875,0.6500000000000002
-13.087499999999999,13.912499999999998,0.6666666666666671
-13.087499999999999,13.95,0.8000000000000003
-13.087499999999999,13.9875,0.8500000000000008
-13.087499999999999,14.024999999999999,1.8000000000000003
-13.087499999999999,14.0625,-1.9166666666666665
-13.087499999999999,14.099999999999998,-1.4999999999999996
-13.087499999999999,14.1375,-1.2833333333333328
-13.087499999999999,14.175,-1.416666666666666
-13.087499999999999,14.212499999999999,0.016666666666667496
-13.087499999999999,14.25,-1.1833333333333327
-13.087499999999999,14.287499999999998,-3.2499999999999996
-13.087499999999999,14.325,-4.499999999999999
-13.087499999999999,14.3625,-4.016666666666667
-13.087499999999999,14.399999999999999,-3.45
-13.087499999999999,14.4375,-3.083333333333333
-13.087499999999999,14.474999999999998,-4.4
-13.087499999999999,14.5125,-4.4
-13.087499999999999,14.55,-3.366666666666667
-13.087499999999999,14.587499999999999,-5.183333333333334
-13.087499999999999,14.625,
-13.087499999999999,14.662499999999998,
-13.087499999999999,14.7,
-13.087499999999999,14.7375,
-13.087499999999999,14.774999999999999,
-13.087499999999999,14.8125,
-13.087499999999999,14.849999999999998,
-13.087499999999999,14.8875,
-13.087499999999999,14.925,
-13.087499999999999,14.962499999999999,
-13.087499999999999,15.0,
-13.087499999999999,15.037499999999998,
-13.087499999999999,15.075,
-13.05,12.45,
-13.05,12.4875,
-13.05,12.524999999999999,
-13.05,12.5625,
-13.05,12.599999999999998,
-13.05,12.6375,
-13.05,12.675,
-13.05,12.712499999999999,
-13.05,12.75,
-13.05,12.787499999999998,
-13.05,12.825,
-13.05,12.8625,
-13.05,12.899999999999999,
-13.05,12.9375,
-13.05,12.974999999999998,
-13.05,13.0125,
-13.05,13.05,
-13.05,13.087499999999999,0.0
-13.05,13.125,0.0
-13.05,13.162499999999998,0.0
-13.05,13.2,0.0
-13.05,13.2375,0.0
-13.05,13.274999999999999,0.0
-13.05,13.3125,0.0
-13.05,13.349999999999998,0.0
-13.05,13.3875,0.0
-13.05,13.425,0.0
-13.05,13.462499999999999,0.0
-13.05,13.5,0.0
-13.05,13.537499999999998,0.0
-13.05,13.575,0.366666666666667
-13.05,13.6125,0.48333333333333367
-13.05,13.649999999999999,0.15000000000000008
-13.05,13.6875,0.7000000000000004
-13.05,13.724999999999998,0.5666666666666672
-13.05,13.7625,0.40000000000000036
-13.05,13.8,0.0
-13.05,13.837499999999999,0.35000000000000026
-13.05,13.875,0.9333333333333339
-13.05,13.912499999999998,1.2666666666666668
-13.05,13.95,1.7333333333333334
-13.05,13.9875,1.7166666666666672
-13.05,14.024999999999999,1.6500000000000001
-13.05,14.0625,-1.5666666666666669
-13.05,14.099999999999998,-0.5333333333333328
-13.05,14.1375,-0.4166666666666661
-13.05,14.175,-0.6999999999999997
-13.05,14.212499999999999,0.08333333333333393
-13.05,14.25,-0.44999999999999973
-13.05,14.287499999999998,-0.6999999999999997
-13.05,14.325,-5.133333333333334
-13.05,14.3625,-4.083333333333333
-13.05,14.399999999999999,-4.3
-13.05,14.4375,-4.116666666666666
-13.05,14.474999999999998,-3.45
-13.05,14.5125,-3.75
-13.05,14.55,-3.4499999999999993
-13.05,14.587499999999999,
-13.05,14.625,
-13.05,14.662499999999998,
-13.05,14.7,
-13.05,14.7375,
-13.05,14.774999999999999,
-13.05,14.8125,
-13.05,14.849999999999998,
-13.05,14.8875,
-13.05,14.925,
-13.05,14.962499999999999,
-13.05,15.0,
-13.05,15.037499999999998,
-13.05,15.075,
-13.0125,12.45,
-13.0125,12.4875,
-13.0125,12.524999999999999,
-13.0125,12.5625,
-13.0125,12.599999999999998,
-13.0125,12.6375,
-13.0125,12.675,
-13.0125,12.712499999999999,
-13.0125,12.75,
-13.0125,12.787499999999998,
-13.0125,12.825,
-13.0125,12.8625,
-13.0125,12.899999999999999,
-13.0125,12.9375,
-13.0125,12.974999999999998,
-13.0125,13.0125,
-13.0125,13.05,
-13.0125,13.087499999999999,0.0
-13.0125,13.125,0.0
-13.0125,13.162499999999998,0.0
-13.0125,13.2,0.0
-13.0125,13.2375,0.0
-13.0125,13.274999999999999,0.0
-13.0125,13.3125,0.0
-13.0125,13.349999999999998,0.0
-13.0125,13.3875,0.0
-13.0125,13.425,0.050000000000000086
-13.0125,13.462499999999999,0.10000000000000017
-13.0125,13.5,0.2166666666666667
-13.0125,13.537499999999998,0.15000000000000008
-13.0125,13.575,0.36666666666666703
-13.0125,13.6125,0.5500000000000003
-13.0125,13.649999999999999,0.4000000000000002
-13.0125,13.6875,0.9000000000000004
-13.0125,13.724999999999998,0.8500000000000004
-13.0125,13.7625,0.9333333333333338
-13.0125,13.8,0.2500000000000003
-13.0125,13.837499999999999,0.2500000000000001
-13.0125,13.875,0.8333333333333338
-13.0125,13.912499999999998,1.5500000000000003
-13.0125,13.95,2.0833333333333335
-13.0125,13.9875,2.2666666666666666
-13.0125,14.024999999999999,2.1
-13.0125,14.0625,-0.6499999999999995
-13.0125,14.099999999999998,-3.0999999999999996
-13.0125,14.1375,-3.1499999999999995
-13.0125,14.175,-3.266666666666666
-13.0125,14.212499999999999,-2.6500000000000004
-13.0125,14.25,-0.28333333333333277
-13.0125,14.287499999999998,-5.083333333333333
-13.0125,14.325,-5.45
-13.0125,14.3625,-5.3
-13.0125,14.399999999999999,-3.7
-13.0125,14.4375,-2.916666666666667
-13.0125,14.474999999999998,-2.783333333333333
-13.0125,14.5125,-4.0
-13.0125,14.55,-5.050000000000001
-13.0125,14.587499999999999,
-13.0125,14.625,
-13.0125,14.662499999999998,
-13.0125,14.7,
-13.0125,14.7375,
-13.0125,14.774999999999999,
-13.0125,14.8125,
-13.0125,14.849999999999998,
-13.0125,14.8875,
-13.0125,14.925,
-13.0125,14.962499999999999,
-13.0125,15.0,
-13.0125,15.037499999999998,
-13.0125,15.075,
-12.975,12.45,
-12.975,12.4875,
-12.975,12.524999999999999,
-12.975,12.5625,
-12.975,12.599999999999998,
-12.975,12.6375,
-12.975,12.675,
-12.975,12.712499999999999,
-12.975,12.75,
-12.975,12.787499999999998,
-12.975,12.825,
-12.975,12.8625,
-12.975,12.899999999999999,
-12.975,12.9375,
-12.975,12.974999999999998,
-12.975,13.0125,
-12.975,13.05,
-12.975,13.087499999999999,0.0
-12.975,13.125,0.0
-12.975,13.162499999999998,0.0
-12.975,13.2,0.0
-12.975,13.2375,0.0
-12.975,13.274999999999999,0.0
-12.975,13.3125,0.050000000000000086
-12.975,13.349999999999998,0.0
-12.975,13.3875,0.0
-12.975,13.425,0.0
-12.975,13.462499999999999,0.0
-12.975,13.5,-2.633333333333333
-12.975,13.537499999999998,0.15000000000000008
-12.975,13.575,0.8166666666666671
-12.975,13.6125,0.7833333333333338
-12.975,13.649999999999999,0.8666666666666671
-12.975,13.6875,0.8833333333333339
-12.975,13.724999999999998,0.7666666666666672
-12.975,13.7625,0.6666666666666674
-12.975,13.8,0.40000000000000036
-12.975,13.837499999999999,0.050000000000000086
-12.975,13.875,0.45000000000000023
-12.975,13.912499999999998,1.5333333333333339
-12.975,13.95,2.4166666666666665
-12.975,13.9875,2.1333333333333333
-12.975,14.024999999999999,-4.25
-12.975,14.0625,-3.1
-12.975,14.099999999999998,-2.966666666666666
-12.975,14.1375,-2.4833333333333334
-12.975,14.175,-5.183333333333334
-12.975,14.212499999999999,-4.699999999999999
-12.975,14.25,-5.366666666666666
-12.975,14.287499999999998,-4.116666666666666
-12.975,14.325,-4.45
-12.975,14.3625,-3.8166666666666664
-12.975,14.399999999999999,-2.9000000000000004
-12.975,14.4375,-4.616666666666667
-12.975,14.474999999999998,-6.1
-12.975,14.5125,-3.416666666666666
-12.975,14.55,-4.816666666666666
-12.975,14.587499999999999,
-12.975,14.625,
-12.975,14.662499999999998,
-12.975,14.7,
-12.975,14.7375,
-12.975,14.774999999999999,
-12.975,14.8125,
-12.975,14.849999999999998,
-12.975,14.8875,
-12.975,14.925,
-12.975,14.962499999999999,
-12.975,15.0,
-12.975,15.037499999999998,
-12.975,15.075,
-12.9375,12.45,
-12.9375,12.4875,
-12.9375,12.524999999999999,
-12.9375,12.5625,
-12.9375,12.599999999999998,
-12.9375,12.6375,
-12.9375,12.675,
-12.9375,12.712499999999999,
-12.9375,12.75,
-12.9375,12.787499999999998,
-12.9375,12.825,
-12.9375,12.8625,
-12.9375,12.899999999999999,
-12.9375,12.9375,
-12.9375,12.974999999999998,
-12.9375,13.0125,
-12.9375,13.05,
-12.9375,13.087499999999999,0.0
-12.9375,13.125,0.0
-12.9375,13.162499999999998,0.0
-12.9375,13.2,0.0
-12.9375,13.2375,0.050000000000000086
-12.9375,13.274999999999999,0.0
-12.9375,13.3125,0.050000000000000086
-12.9375,13.349999999999998,0.0
-12.9375,13.3875,0.0
-12.9375,13.425,0.0
-12.9375,13.462499999999999,0.0
-12.9375,13.5,0.15000000000000008
-12.9375,13.537499999999998,0.7000000000000001
-12.9375,13.575,0.9166666666666671
-12.9375,13.6125,0.9500000000000006
-12.9375,13.649999999999999,0.9333333333333339
-12.9375,13.6875,1.1833333333333338
-12.9375,13.724999999999998,-2.5666666666666664
-12.9375,13.7625,-2.466666666666666
-12.9375,13.8,1.133333333333334
-12.9375,13.837499999999999,0.5500000000000003
-12.9375,13.875,0.30000000000000016
-12.9375,13.912499999999998,1.7500000000000002
-12.9375,13.95,1.0333333333333339
-12.9375,13.9875,2.066666666666667
-12.9375,14.024999999999999,-4.35
-12.9375,14.0625,-4.049999999999999
-12.9375,14.099999999999998,-2.7333333333333334
-12.9375,14.1375,-1.7666666666666666
-12.9375,14.175,-4.016666666666667
-12.9375,14.212499999999999,-4.466666666666666
-12.9375,14.25,-3.7666666666666657
-12.9375,14.287499999999998,-2.75
-12.9375,14.325,-2.8
-12.9375,14.3625,-2.3166666666666664
-12.9375,14.399999999999999,-2.783333333333333
-12.9375,14.4375,-4.033333333333333
-12.9375,14.474999999999998,-5.6
-12.9375,14.5125,-4.883333333333333
-12.9375,14.55,-4.4833333333333325
-12.9375,14.587499999999999,
-12.9375,14.625,
-12.9375,14.662499999999998,
-12.9375,14.7,
-12.9375,14.7375,
-12.9375,14.774999999999999,
-12.9375,14.8125,
-12.9375,14.849999999999998,
-12.9375,14.8875,
-12.9375,14.925,
-12.9375,14.962499999999999,
-12.9375,15.0,
-12.9375,15.037499999999998,
-12.9375,15.075,
-12.899999999999999,12.45,
-12.899999999999999,12.4875,
-12.899999999999999,12.524999999999999,
-12.899999999999999,12.5625,
-12.899999999999999,12.599999999999998,
-12.899999999999999,12.6375,
-12.899999999999999,12.675,
-12.899999999999999,12.712499999999999,
-12.899999999999999,12.75,
-12.899999999999999,12.787499999999998,
-12.899999999999999,12.825,
-12.899999999999999,12.8625,
-12.899999999999999,12.899999999999999,
-12.899999999999999,12.9375,
-12.899999999999999,12.974999999999998,
-12.899999999999999,13.0125,
-12.899999999999999,13.05,
-12.899999999999999,13.087499999999999,0.0
-12.899999999999999,13.125,0.0
-12.899999999999999,13.162499999999998,0.0
-12.899999999999999,13.2,0.2
-12.899999999999999,13.2375,0.050000000000000086
-12.899999999999999,13.274999999999999,0.10000000000000017
-12.899999999999999,13.3125,0.050000000000000086
-12.899999999999999,13.349999999999998,0.0
-12.899999999999999,13.3875,0.050000000000000086
-12.899999999999999,13.425,0.050000000000000086
-12.899999999999999,13.462499999999999,0.0
-12.899999999999999,13.5,0.15000000000000008
-12.899999999999999,13.537499999999998,0.5833333333333336
-12.899999999999999,13.575,0.9666666666666671
-12.899999999999999,13.6125,1.5333333333333337
-12.899999999999999,13.649999999999999,1.3833333333333335
-12.899999999999999,13.6875,-2.466666666666666
-12.899999999999999,13.724999999999998,-2.683333333333333
-12.899999999999999,13.7625,-2.3166666666666664
-12.899999999999999,13.8,-2.533333333333333
-12.899999999999999,13.837499999999999,0.30000000000000016
-12.899999999999999,13.875,0.35000000000000026
-12.899999999999999,13.912499999999998,0.45000000000000046
-12.899999999999999,13.95,-1.9166666666666665
-12.899999999999999,13.9875,-3.95
-12.899999999999999,14.024999999999999,-3.083333333333333
-12.899999999999999,14.0625,-2.883333333333333
-12.899999999999999,14.099999999999998,-2.7333333333333334
-12.899999999999999,14.1375,-2.083333333333333
-12.899999999999999,14.175,-3.9000000000000004
-12.899999999999999,14.212499999999999,-3.8166666666666655
-12.899999999999999,14.25,-2.45
-12.899999999999999,14.287499999999998,-1.9000000000000004
-12.899999999999999,14.325,-4.216666666666667
-12.899999999999999,14.3625,-4.35
-12.899999999999999,14.399999999999999,-5.033333333333333
-12.899999999999999,14.4375,-5.533333333333333
-12.899999999999999,14.474999999999998,-4.6
-12.899999999999999,14.5125,-3.916666666666666
-12.899999999999999,14.55,-2.966666666666667
-12.899999999999999,14.587499999999999,
-12.899999999999999,14.625,
-12.899999999999999,14.662499999999998,
-12.899999999999999,14.7,
-12.899999999999999,14.7375,
-12.899999999999999,14.774999999999999,
-12.899999999999999,14.8125,
-12.899999999999999,14.849999999999998,
-12.899999999999999,14.8875,
-12.899999999999999,14.925,
-12.899999999999999,14.962499999999999,
-12.899999999999999,15.0,
-12.899999999999999,15.037499999999998,
-12.899999999999999,15.075,
-12.8625,12.45,
-12.8625,12.4875,
-12.8625,12.524999999999999,
-12.8625,12.5625,
-12.8625,12.599999999999998,
-12.8625,12.6375,
-12.8625,12.675,
-12.8625,12.712499999999999,
-12.8625,12.75,
-12.8625,12.787499999999998,
-12.8625,12.825,
-12.8625,12.8625,
-12.8625,12.899999999999999,
-12.8625,12.9375,
-12.8625,12.974999999999998,
-12.8625,13.0125,
-12.8625,13.05,0.0
-12.8625,13.087499999999999,0.0
-12.8625,13.125,0.0
-12.8625,13.162499999999998,0.1
-12.8625,13.2,0.1
-12.8625,13.2375,0.15000000000000008
-12.8625,13.274999999999999,0.15000000000000008
-12.8625,13.3125,0.45000000000000023
-12.8625,13.349999999999998,0.1
-12.8625,13.3875,0.1
-12.8625,13.425,0.0
-12.8625,13.462499999999999,0.0
-12.8625,13.5,0.0
-12.8625,13.537499999999998,0.050000000000000086
-12.8625,13.575,0.6000000000000004
-12.8625,13.6125,-2.533333333333333
-12.8625,13.649999999999999,-2.2666666666666666
-12.8625,13.6875,-3.0666666666666664
-12.8625,13.724999999999998,-2.916666666666666
-12.8625,13.7625,0.40000000000000036
-12.8625,13.8,0.45000000000000046
-12.8625,13.837499999999999,0.35000000000000014
-12.8625,13.875,-2.833333333333333
-12.8625,13.912499999999998,0.6000000000000003
-12.8625,13.95,1.1500000000000001
-12.8625,13.9875,-1.816666666666666
-12.8625,14.024999999999999,-3.4499999999999997
-12.8625,14.0625,-2.55
-12.8625,14.099999999999998,-2.083333333333333
-12.8625,14.1375,-4.083333333333333
-12.8625,14.175,-3.5
-12.8625,14.212499999999999,-2.55
-12.8625,14.25,-1.7333333333333325
-12.8625,14.287499999999998,-1.8166666666666664
-12.8625,14.325,-1.8666666666666671
-12.8625,14.3625,-3.9000000000000004
-12.8625,14.399999999999999,-5.033333333333333
-12.8625,14.4375,-4.783333333333333
-12.8625,14.474999999999998,-3.966666666666667
-12.8625,14.5125,-2.833333333333334
-12.8625,14.55,-2.166666666666666
-12.8625,14.587499999999999,
-12.8625,14.625,
-12.8625,14.662499999999998,
-12.8625,14.7,
-12.8625,14.7375,
-12.8625,14.774999999999999,
-12.8625,14.8125,
-12.8625,14.849999999999998,
-12.8625,14.8875,
-12.8625,14.925,
-12.8625,14.962499999999999,
-12.8625,15.0,
-12.8625,15.037499999999998,
-12.8625,15.075,
-12.825,12.45,
-12.825,12.4875,
-12.825,12.524999999999999,
-12.825,12.5625,
-12.825,12.599999999999998,
-12.825,12.6375,
-12.825,12.675,
-12.825,12.712499999999999,
-12.825,12.75,
-12.825,12.787499999999998,
-12.825,12.825,
-12.825,12.8625,
-12.825,12.899999999999999,
-12.825,12.9375,
-12.825,12.974999999999998,
-12.825,13.0125,0.0
-12.825,13.05,0.0
-12.825,13.087499999999999,0.0
-12.825,13.125,0.0
-12.825,13.162499999999998,-2.7166666666666663
-12.825,13.2,-3.383333333333333
-12.825,13.2375,-2.55
-12.825,13.274999999999999,-2.5333333333333328
-12.825,13.3125,-2.3999999999999995
-12.825,13.349999999999998,0.15000000000000008
-12.825,13.3875,0.1
-12.825,13.425,0.2666666666666668
-12.825,13.462499999999999,0.1
-12.825,13.5,0.30000000000000016
-12.825,13.537499999999998,0.050000000000000086
-12.825,13.575,0.35000000000000026
-12.825,13.6125,-2.7666666666666666
-12.825,13.649999999999999,-2.283333333333333
-12.825,13.6875,-2.766666666666666
-12.825,13.724999999999998,-3.233333333333333
-12.825,13.7625,-2.35
-12.825,13.8,-4.949999999999999
-12.825,13.837499999999999,0.5500000000000003
-12.825,13.875,-1.816666666666666
-12.825,13.912499999999998,-2.0666666666666664
-12.825,13.95,1.0500000000000005
-12.825,13.9875,1.4333333333333336
-12.825,14.024999999999999,-2.999999999999999
-12.825,14.0625,-2.05
-12.825,14.099999999999998,-2.6166666666666663
-12.825,14.1375,-4.033333333333333
-12.825,14.175,-3.083333333333333
-12.825,14.212499999999999,-2.5999999999999996
-12.825,14.25,-3.5999999999999988
-12.825,14.287499999999998,-3.9499999999999993
-12.825,14.325,-2.7333333333333334
-12.825,14.3625,-3.583333333333333
-12.825,14.399999999999999,-4.383333333333333
-12.825,14.4375,-4.5166666666666675
-12.825,14.474999999999998,-3.6500000000000004
-12.825,14.5125,-2.25
-12.825,14.55,-4.433333333333334
-12.825,14.587499999999999,
-12.825,14.625,
-12.825,14.662499999999998,
-12.825,14.7,
-12.825,14.7375,
-12.825,14.774999999999999,
-12.825,14.8125,
-12.825,14.849999999999998,
-12.825,14.8875,
-12.825,14.925,
-12.825,14.962499999999999,
-12.825,15.0,
-12.825,15.037499999999998,
-12.825,15.075,
-12.7875,12.45,
-12.7875,12.4875,
-12.7875,12.524999999999999,
-12.7875,12.5625,
-12.7875,12.599999999999998,
-12.7875,12.6375,
-12.7875,12.675,
-12.7875,12.712499999999999,
-12.7875,12.75,
-12.7875,12.787499999999998,
-12.7875,12.825,
-12.7875,12.8625,
-12.7875,12.899999999999999,
-12.7875,12.9375,
-12.7875,12.974999999999998,
-12.7875,13.0125,
-12.7875,13.05,0.0
-12.7875,13.087499999999999,0.0
-12.7875,13.125,0.0
-12.7875,13.162499999999998,0.1
-12.7875,13.2,-2.5999999999999996
-12.7875,13.2375,-3.1166666666666663
-12.7875,13.274999999999999,-2.516666666666666
-12.7875,13.3125,-3.1166666666666663
-12.7875,13.349999999999998,0.48333333333333356
-12.7875,13.3875,0.6000000000000003
-12.7875,13.425,-2.1999999999999997
-12.7875,13.462499999999999,0.2666666666666668
-12.7875,13.5,0.48333333333333356
-12.7875,13.537499999999998,0.2500000000000001
-12.7875,13.575,0.28333333333333344
-12.7875,13.6125,0.35000000000000026
-12.7875,13.649999999999999,-2.983333333333333
-12.7875,13.6875,-2.1166666666666667
-12.7875,13.724999999999998,-2.6999999999999997
-12.7875,13.7625,-5.05
-12.7875,13.8,-4.466666666666667
-12.7875,13.837499999999999,-2.933333333333333
-12.7875,13.875,-1.9333333333333331
-12.7875,13.912499999999998,-4.0
-12.7875,13.95,-3.833333333333333
-12.7875,13.9875,-2.183333333333333
-12.7875,14.024999999999999,-4.883333333333333
-12.7875,14.0625,-3.416666666666666
-12.7875,14.099999999999998,-2.9333333333333327
-12.7875,14.1375,-4.466666666666667
-12.7875,14.175,-4.733333333333333
-12.7875,14.212499999999999,-4.616666666666666
-12.7875,14.25,-5.049999999999999
-12.7875,14.287499999999998,-2.033333333333333
-12.7875,14.325,-3.5166666666666675
-12.7875,14.3625,-3.166666666666666
-12.7875,14.399999999999999,-2.7
-12.7875,14.4375,-1.8666666666666654
-12.7875,14.474999999999998,-4.449999999999999
-12.7875,14.5125,-2.616666666666667
-12.7875,14.55,-7.083333333333334
-12.7875,14.587499999999999,
-12.7875,14.625,
-12.7875,14.662499999999998,
-12.7875,14.7,
-12.7875,14.7375,
-12.7875,14.774999999999999,
-12.7875,14.8125,
-12.7875,14.849999999999998,
-12.7875,14.8875,
-12.7875,14.925,
-12.7875,14.962499999999999,
-12.7875,15.0,
-12.7875,15.037499999999998,
-12.7875,15.075,
-12.75,12.45,
-12.75,12.4875,
-12.75,12.524999999999999,
-12.75,12.5625,
-12.75,12.599999999999998,
-12.75,12.6375,
-12.75,12.675,
-12.75,12.712499999999999,
-12.75,12.75,
-12.75,12.787499999999998,
-12.75,12.825,
-12.75,12.8625,
-12.75,12.899999999999999,
-12.75,12.9375,
-12.75,12.974999999999998,
-12.75,13.0125,
-12.75,13.05,
-12.75,13.087499999999999,0.0
-12.75,13.125,-2.9
-12.75,13.162499999999998,-2.75
-12.75,13.2,-2.55
-12.75,13.2375,-3.05
-12.75,13.274999999999999,-2.233333333333333
-12.75,13.3125,-2.8499999999999996
-12.75,13.349999999999998,0.5500000000000003
-12.75,13.3875,-6.35
-12.75,13.425,-1.9499999999999995
-12.75,13.462499999999999,-6.283333333333333
-12.75,13.5,0.5333333333333334
-12.75,13.537499999999998,-3.133333333333333
-12.75,13.575,0.31666666666666693
-12.75,13.6125,-3.5999999999999996
-12.75,13.649999999999999,-3.1666666666666665
-12.75,13.6875,-2.1166666666666667
-12.75,13.724999999999998,-2.75
-12.75,13.7625,-4.866666666666666
-12.75,13.8,-5.25
-12.75,13.837499999999999,-3.1499999999999995
-12.75,13.875,-4.333333333333333
-12.75,13.912499999999998,-3.9333333333333336
-12.75,13.95,-3.8666666666666663
-12.75,13.9875,-2.0999999999999996
-12.75,14.024999999999999,-4.566666666666666
-12.75,14.0625,-4.549999999999999
-12.75,14.099999999999998,-4.1499999999999995
-12.75,14.1375,-3.416666666666666
-12.75,14.175,-2.95
-12.75,14.212499999999999,-4.599999999999999
-12.75,14.25,-3.499999999999999
-12.75,14.287499999999998,-2.916666666666667
-12.75,14.325,-6.199999999999999
-12.75,14.3625,-7.2666666666666675
-12.75,14.399999999999999,-5.616666666666667
-12.75,14.4375,-4.4
-12.75,14.474999999999998,-5.833333333333334
-12.75,14.5125,-3.916666666666666
-12.75,14.55,-0.5166666666666675
-12.75,14.587499999999999,-10.383333333333333
-12.75,14.625,
-12.75,14.662499999999998,
-12.75,14.7,
-12.75,14.7375,
-12.75,14.774999999999999,
-12.75,14.8125,
-12.75,14.849999999999998,
-12.75,14.8875,
-12.75,14.925,
-12.75,14.962499999999999,
-12.75,15.0,
-12.75,15.037499999999998,
-12.75,15.075,
-12.712499999999999,12.45,
-12.712499999999999,12.4875,
-12.712499999999999,12.524999999999999,
-12.712499999999999,12.5625,
-12.712499999999999,12.599999999999998,
-12.712499999999999,12.6375,
-12.712499999999999,12.675,
-12.712499999999999,12.712499999999999,
-12.712499999999999,12.75,
-12.712499999999999,12.787499999999998,
-12.712499999999999,12.825,
-12.712499999999999,12.8625,
-12.712499999999999,12.899999999999999,
-12.712499999999999,12.9375,
-12.712499999999999,12.974999999999998,
-12.712499999999999,13.0125,
-12.712499999999999,13.05,
-12.712499999999999,13.087499999999999,
-12.712499999999999,13.125,-2.9
-12.712499999999999,13.162499999999998,-3.316666666666666
-12.712499999999999,13.2,-3.0333333333333328
-12.712499999999999,13.2375,-2.4499999999999993
-12.712499999999999,13.274999999999999,-6.016666666666666
-12.712499999999999,13.3125,-6.05
-12.712499999999999,13.349999999999998,-6.583333333333332
-12.712499999999999,13.3875,-5.75
-12.712499999999999,13.425,-5.949999999999999
-12.712499999999999,13.462499999999999,-5.416666666666666
-12.712499999999999,13.5,-5.616666666666666
-12.712499999999999,13.537499999999998,0.28333333333333344
-12.712499999999999,13.575,-3.133333333333333
-12.712499999999999,13.6125,-3.1999999999999993
-12.712499999999999,13.649999999999999,-1.9666666666666668
-12.712499999999999,13.6875,-4.699999999999999
-12.712499999999999,13.724999999999998,-2.15
-12.712499999999999,13.7625,-4.033333333333333
-12.712499999999999,13.8,-2.8166666666666664
-12.712499999999999,13.837499999999999,-2.166666666666667
-12.712499999999999,13.875,-3.9166666666666665
-12.712499999999999,13.912499999999998,-1.3499999999999996
-12.712499999999999,13.95,-2.033333333333333
-12.712499999999999,13.9875,-1.9166666666666665
-12.712499999999999,14.024999999999999,-2.8166666666666664
-12.712499999999999,14.0625,-2.4833333333333334
-12.712499999999999,14.099999999999998,-2.0666666666666664
-12.712499999999999,14.1375,-3.4333333333333327
-12.712499999999999,14.175,-2.533333333333333
-12.712499999999999,14.212499999999999,-2.25
-12.712499999999999,14.25,-4.916666666666666
-12.712499999999999,14.287499999999998,-1.583333333333334
-12.712499999999999,14.325,-1.9000000000000004
-12.712499999999999,14.3625,-7.816666666666666
-12.712499999999999,14.399999999999999,-7.683333333333334
-12.712499999999999,14.4375,-7.466666666666667
-12.712499999999999,14.474999999999998,-6.550000000000001
-12.712499999999999,14.5125,-4.283333333333333
-12.712499999999999,14.55,-10.7
-12.712499999999999,14.587499999999999,-2.416666666666666
-12.712499999999999,14.625,
-12.712499999999999,14.662499999999998,
-12.712499999999999,14.7,
-12.712499999999999,14.7375,
-12.712499999999999,14.774999999999999,
-12.712499999999999,14.8125,
-12.712499999999999,14.849999999999998,
-12.712499999999999,14.8875,
-12.712499999999999,14.925,
-12.712499999999999,14.962499999999999,
-12.712499999999999,15.0,
-12.712499999999999,15.037499999999998,
-12.712499999999999,15.075,
-12.675,12.45,
-12.675,12.4875,
-12.675,12.524999999999999,
-12.675,12.5625,
-12.675,12.599999999999998,
-12.675,12.6375,
-12.675,12.675,
-12.675,12.712499999999999,
-12.675,12.75,
-12.675,12.787499999999998,
-12.675,12.825,
-12.675,12.8625,
-12.675,12.899999999999999,
-12.675,12.9375,
-12.675,12.974999999999998,
-12.675,13.0125,
-12.675,13.05,
-12.675,13.087499999999999,
-12.675,13.125,
-12.675,13.162499999999998,0.1
-12.675,13.2,-3.3666666666666663
-12.675,13.2375,-2.8499999999999996
-12.675,13.274999999999999,-8.433333333333334
-12.675,13.3125,-5.85
-12.675,13.349999999999998,-5.783333333333333
-12.675,13.3875,-5.75
-12.675,13.425,-5.95
-12.675,13.462499999999999,-5.716666666666666
-12.675,13.5,-3.25
-12.675,13.537499999999998,-3.3
-12.675,13.575,-4.933333333333334
-12.675,13.6125,-2.2833333333333328
-12.675,13.649999999999999,-7.083333333333333
-12.675,13.6875,-4.716666666666667
-12.675,13.724999999999998,-4.1499999999999995
-12.675,13.7625,-3.416666666666666
-12.675,13.8,-2.2166666666666663
-12.675,13.837499999999999,-3.816666666666666
-12.675,13.875,-1.9
-12.675,13.912499999999998,-1.9
-12.675,13.95,-4.199999999999999
-12.675,13.9875,-4.65
-12.675,14.024999999999999,-3.166666666666667
-12.675,14.0625,-2.4000000000000004
-12.675,14.099999999999998,-2.0666666666666664
-12.675,14.1375,-2.8666666666666663
-12.675,14.175,-3.2
-12.675,14.212499999999999,-4.016666666666666
-12.675,14.25,-10.016666666666667
-12.675,14.287499999999998,-9.666666666666666
-12.675,14.325,-8.416666666666666
-12.675,14.3625,-8.783333333333333
-12.675,14.399999999999999,-7.2333333333333325
-12.675,14.4375,-6.7333333333333325
-12.675,14.474999999999998,-6.916666666666666
-12.675,14.5125,-7.35
-12.675,14.55,-10.933333333333334
-12.675,14.587499999999999,-6.716666666666667
-12.675,14.625,-6.383333333333333
-12.675,14.662499999999998,-7.75
-12.675,14.7,
-12.675,14.7375,
-12.675,14.774999999999999,
-12.675,14.8125,
-12.675,14.849999999999998,
-12.675,14.8875,
-12.675,14.925,
-12.675,14.962499999999999,
-12.675,15.0,
-12.675,15.037499999999998,
-12.675,15.075,-2.9499999999999993
-12.6375,12.45,
-12.6375,12.4875,
-12.6375,12.524999999999999,
-12.6375,12.5625,
-12.6375,12.599999999999998,
-12.6375,12.6375,
-12.6375,12.675,
-12.6375,12.712499999999999,
-12.6375,12.75,
-12.6375,12.787499999999998,
-12.6375,12.825,
-12.6375,12.8625,
-12.6375,12.899999999999999,
-12.6375,12.9375,
-12.6375,12.974999999999998,
-12.6375,13.0125,
-12.6375,13.05,
-12.6375,13.087499999999999,
-12.6375,13.125,
-12.6375,13.162499999999998,
-12.6375,13.2,-3.3166666666666664
-12.6375,13.2375,-5.549999999999999
-12.6375,13.274999999999999,-7.9
-12.6375,13.3125,-7.733333333333333
-12.6375,13.349999999999998,-5.516666666666666
-12.6375,13.3875,-5.916666666666666
-12.6375,13.425,-5.7333333333333325
-12.6375,13.462499999999999,-3.283333333333333
-12.6375,13.5,-2.9499999999999993
-12.6375,13.537499999999998,-4.783333333333333
-12.6375,13.575,-7.933333333333334
-12.6375,13.6125,-7.333333333333334
-12.6375,13.649999999999999,-6.716666666666667
-12.6375,13.6875,-3.7499999999999996
-12.6375,13.724999999999998,-3.1666666666666665
-12.6375,13.7625,-4.85
-12.6375,13.8,-4.716666666666667
-12.6375,13.837499999999999,-4.133333333333333
-12.6375,13.875,-1.8833333333333333
-12.6375,13.912499999999998,-4.083333333333333
-12.6375,13.95,-3.216666666666667
-12.6375,13.9875,-3.9499999999999997
-12.6375,14.024999999999999,-2.8999999999999995
-12.6375,14.0625,-1.5333333333333323
-12.6375,14.099999999999998,-2.633333333333332
-12.6375,14.1375,-1.4833333333333325
-12.6375,14.175,-2.8666666666666654
-12.6375,14.212499999999999,-2.783333333333333
-12.6375,14.25,-2.3166666666666664
-12.6375,14.287499999999998,-7.9833333333333325
-12.6375,14.325,-9.1
-12.6375,14.3625,-8.816666666666666
-12.6375,14.399999999999999,-6.7666666666666675
-12.6375,14.4375,-11.733333333333333
-12.6375,14.474999999999998,-9.833333333333334
-12.6375,14.5125,-6.383333333333333
-12.6375,14.55,-10.35
-12.6375,14.587499999999999,-10.116666666666667
-12.6375,14.625,-7.816666666666666
-12.6375,14.662499999999998,-7.466666666666665
-12.6375,14.7,-6.883333333333333
-12.6375,14.7375,-6.366666666666667
-12.6375,14.774999999999999,
-12.6375,14.8125,
-12.6375,14.849999999999998,
-12.6375,14.8875,
-12.6375,14.925,
-12.6375,14.962499999999999,
-12.6375,15.0,
-12.6375,15.037499999999998,-3.6500000000000004
-12.6375,15.075,-2.7666666666666657
-12.6,12.45,
-12.6,12.4875,
-12.6,12.524999999999999,
-12.6,12.5625,
-12.6,12.599999999999998,
-12.6,12.6375,
-12.6,12.675,
-12.6,12.712499999999999,
-12.6,12.75,
-12.6,12.787499999999998,
-12.6,12.825,
-12.6,12.8625,
-12.6,12.899999999999999,
-12.6,12.9375,
-12.6,12.974999999999998,
-12.6,13.0125,
-12.6,13.05,
-12.6,13.087499999999999,
-12.6,13.125,
-12.6,13.162499999999998,
-12.6,13.2,0.31666666666666704
-12.6,13.2375,-2.3666666666666663
-12.6,13.274999999999999,-6.783333333333333
-12.6,13.3125,-5.266666666666667
-12.6,13.349999999999998,-10.416666666666666
-12.6,13.3875,-5.416666666666666
-12.6,13.425,-5.766666666666666
-12.6,13.462499999999999,-2.6499999999999995
-12.6,13.5,-4.816666666666666
-12.6,13.537499999999998,-7.516666666666667
-12.6,13.575,-7.2333333333333325
-12.6,13.6125,-7.266666666666666
-12.6,13.649999999999999,-6.916666666666667
-12.6,13.6875,-5.8
-12.6,13.724999999999998,-4.9833333333333325
-12.6,13.7625,-3.8999999999999995
-12.6,13.8,-3.766666666666666
-12.6,13.837499999999999,-2.1166666666666663
-12.6,13.875,-3.9833333333333334
-12.6,13.912499999999998,-2.6333333333333337
-12.6,13.95,-2.633333333333332
-12.6,13.9875,-3.3499999999999996
-12.6,14.024999999999999,-3.916666666666667
-12.6,14.0625,-1.083333333333333
-12.6,14.099999999999998,-1.6499999999999995
-12.6,14.1375,-5.85
-12.6,14.175,-3.3499999999999996
-12.6,14.212499999999999,-6.5
-12.6,14.25,-7.85
-12.6,14.287499999999998,-4.4
-12.6,14.325,-7.85
-12.6,14.3625,-7.783333333333333
-12.6,14.399999999999999,-8.95
-12.6,14.4375,-10.916666666666666
-12.6,14.474999999999998,-8.916666666666666
-12.6,14.5125,-10.25
-12.6,14.55,-7.35
-12.6,14.587499999999999,-11.133333333333333
-12.6,14.625,-7.5
-12.6,14.662499999999998,-5.566666666666666
-12.6,14.7,-4.800000000000001
-12.6,14.7375,-6.316666666666666
-12.6,14.774999999999999,-7.466666666666665
-12.6,14.8125,-6.833333333333332
-12.6,14.849999999999998,-12.75
-12.6,14.8875,
-12.6,14.925,-6.199999999999999
-12.6,14.962499999999999,-4.183333333333334
-12.6,15.0,-2.416666666666668
-12.6,15.037499999999998,-2.916666666666668
-12.6,15.075,-2.9333333333333336
-12.5625,12.45,
-12.5625,12.4875,
-12.5625,12.524999999999999,
-12.5625,12.5625,
-12.5625,12.599999999999998,
-12.5625,12.6375,
-12.5625,12.675,
-12.5625,12.712499999999999,
-12.5625,12.75,
-12.5625,12.787499999999998,
-12.5625,12.825,
-12.5625,12.8625,
-12.5625,12.899999999999999,
-12.5625,12.9375,
-12.5625,12.974999999999998,
-12.5625,13.0125,
-12.5625,13.05,
-12.5625,13.087499999999999,
-12.5625,13.125,
-12.5625,13.162499999999998,
-12.5625,13.2,-2.5166666666666666
-12.5625,13.2375,-6.883333333333333
-12.5625,13.274999999999999,-5.199999999999999
-12.5625,13.3125,-10.366666666666667
-12.5625,13.349999999999998,-5.799999999999999
-12.5625,13.3875,-5.9833333333333325
-12.5625,13.425,-6.133333333333333
-12.5625,13.462499999999999,-5.333333333333333
-12.5625,13.5,-7.183333333333334
-12.5625,13.537499999999998,-7.5
-12.5625,13.575,-7.35
-12.5625,13.6125,-6.099999999999999
-12.5625,13.649999999999999,-6.983333333333333
-12.5625,13.6875,-3.7499999999999996
-12.5625,13.724999999999998,-3.95
-12.5625,13.7625,-1.833333333333333
-12.5625,13.8,-4.283333333333333
-12.5625,13.837499999999999,-4.25
-12.5625,13.875,-3.8499999999999996
-12.5625,13.912499999999998,-3.8833333333333337
-12.5625,13.95,-2.666666666666667
-12.5625,13.9875,-1.9666666666666668
-12.5625,14.024999999999999,-3.3833333333333337
-12.5625,14.0625,-1.9500000000000002
-12.5625,14.099999999999998,-1.383333333333332
-12.5625,14.1375,-8.616666666666665
-12.5625,14.175,-6.4833333333333325
-12.5625,14.212499999999999,-8.616666666666665
-12.5625,14.25,-6.9
-12.5625,14.287499999999998,-8.366666666666667
-12.5625,14.325,-7.550000000000001
-12.5625,14.3625,-12.066666666666666
-12.5625,14.399999999999999,-11.3
-12.5625,14.4375,-10.2
-12.5625,14.474999999999998,-9.816666666666666
-12.5625,14.5125,-8.8
-12.5625,14.55,-10.45
-12.5625,14.587499999999999,-8.633333333333333
-12.5625,14.625,-6.816666666666666
-12.5625,14.662499999999998,-5.366666666666667
-12.5625,14.7,-6.616666666666667
-12.5625,14.7375,-8.816666666666666
-12.5625,14.774999999999999,-6.683333333333334
-12.5625,14.8125,-8.116666666666667
-12.5625,14.849999999999998,-7.600000000000001
-12.5625,14.8875,-9.183333333333334
-12.5625,14.925,-8.833333333333332
-12.5625,14.962499999999999,-8.733333333333334
-12.5625,15.0,-3.8000000000000007
-12.5625,15.037499999999998,-3.2666666666666675
-12.5625,15.075,
-12.524999999999999,12.45,
-12.524999999999999,12.4875,
-12.524999999999999,12.524999999999999,
-12.524999999999999,12.5625,
-12.524999999999999,12.599999999999998,
-12.524999999999999,12.6375,
-12.524999999999999,12.675,
-12.524999999999999,12.712499999999999,
-12.524999999999999,12.75,
-12.524999999999999,12.787499999999998,
-12.524999999999999,12.825,
-12.524999999999999,12.8625,
-12.524999999999999,12.899999999999999,
-12.524999999999999,12.9375,
-12.524999999999999,12.974999999999998,
-12.524999999999999,13.0125,
-12.524999999999999,13.05,
-12.524999999999999,13.087499999999999,
-12.524999999999999,13.125,
-12.524999999999999,13.162499999999998,
-12.524999999999999,13.2,-2.4666666666666663
-12.524999999999999,13.2375,-6.183333333333334
-12.524999999999999,13.274999999999999,-9.099999999999998
-12.524999999999999,13.3125,-9.116666666666665
-12.524999999999999,13.349999999999998,-9.883333333333333
-12.524999999999999,13.3875,-8.066666666666666
-12.524999999999999,13.425,-5.35
-12.524999999999999,13.462499999999999,-2.383333333333333
-12.524999999999999,13.5,-2.4333333333333327
-12.524999999999999,13.537499999999998,-7.9
-12.524999999999999,13.575,-7.7333333333333325
-12.524999999999999,13.6125,-6.3999999999999995
-12.524999999999999,13.649999999999999,-3.766666666666666
-12.524999999999999,13.6875,-3.7833333333333328
-12.524999999999999,13.724999999999998,-1.75
-12.524999999999999,13.7625,-1.1500000000000004
-12.524999999999999,13.8,-3.1499999999999995
-12.524999999999999,13.837499999999999,-2.7
-12.524999999999999,13.875,-4.033333333333333
-12.524999999999999,13.912499999999998,-2.25
-12.524999999999999,13.95,-2.166666666666667
-12.524999999999999,13.9875,-3.3666666666666663
-12.524999999999999,14.024999999999999,-2.883333333333333
-12.524999999999999,14.0625,-5.1
-12.524999999999999,14.099999999999998,-6.866666666666667
-12.524999999999999,14.1375,-8.833333333333334
-12.524999999999999,14.175,-9.55
-12.524999999999999,14.212499999999999,-6.883333333333333
-12.524999999999999,14.25,-6.583333333333334
-12.524999999999999,14.287499999999998,-10.633333333333333
-12.524999999999999,14.325,-10.266666666666667
-12.524999999999999,14.3625,-10.100000000000001
-12.524999999999999,14.399999999999999,-11.116666666666667
-12.524999999999999,14.4375,-9.933333333333334
-12.524999999999999,14.474999999999998,-10.3
-12.524999999999999,14.5125,-10.899999999999999
-12.524999999999999,14.55,-9.916666666666668
-12.524999999999999,14.587499999999999,-7.899999999999999
-12.524999999999999,14.625,-8.266666666666666
-12.524999999999999,14.662499999999998,-4.516666666666666
-12.524999999999999,14.7,-8.3
-12.524999999999999,14.7375,-6.383333333333333
-12.524999999999999,14.774999999999999,-7.283333333333333
-12.524999999999999,14.8125,-5.550000000000001
-12.524999999999999,14.849999999999998,-7.916666666666668
-12.524999999999999,14.8875,-9.716666666666665
-12.524999999999999,14.925,-7.600000000000001
-12.524999999999999,14.962499999999999,-7.449999999999999
-12.524999999999999,15.0,-3.5166666666666675
-12.524999999999999,15.037499999999998,
-12.524999999999999,15.075,
-12.4875,12.45,
-12.4875,12.4875,
-12.4875,12.524999999999999,
-12.4875,12.5625,
-12.4875,12.599999999999998,
-12.4875,12.6375,
-12.4875,12.675,
-12.4875,12.712499999999999,
-12.4875,12.75,
-12.4875,12.787499999999998,
-12.4875,12.825,
-12.4875,12.8625,
-12.4875,12.899999999999999,
-12.4875,12.9375,
-12.4875,12.974999999999998,
-12.4875,13.0125,
-12.4875,13.05,
-12.4875,13.087499999999999,
-12.4875,13.125,
-12.4875,13.162499999999998,
-12.4875,13.2,0.3333333333333336
-12.4875,13.2375,-7.033333333333333
-12.4875,13.274999999999999,-6.1
-12.4875,13.3125,-9.616666666666665
-12.4875,13.349999999999998,-9.283333333333333
-12.4875,13.3875,-8.45
-12.4875,13.425,-7.833333333333333
-12.4875,13.462499999999999,-8.616666666666667
-12.4875,13.5,-6.966666666666667
-12.4875,13.537499999999998,-7.2
-12.4875,13.575,-7.35
-12.4875,13.6125,-6.133333333333332
-12.4875,13.649999999999999,-6.616666666666666
-12.4875,13.6875,-3.55
-12.4875,13.724999999999998,-5.166666666666666
-12.4875,13.7625,-2.0333333333333323
-12.4875,13.8,-2.666666666666667
-12.4875,13.837499999999999,-3.583333333333333
-12.4875,13.875,-4.25
-12.4875,13.912499999999998,-3.5166666666666666
-12.4875,13.95,-1.2833333333333332
-12.4875,13.9875,-5.783333333333333
-12.4875,14.024999999999999,-10.766666666666667
-12.4875,14.0625,-9.45
-12.4875,14.099999999999998,-9.316666666666666
-12.4875,14.1375,-8.533333333333333
-12.4875,14.175,-6.933333333333334
-12.4875,14.212499999999999,-9.466666666666667
-12.4875,14.25,-10.516666666666666
-12.4875,14.287499999999998,-10.05
-12.4875,14.325,-9.100000000000001
-12.4875,14.3625,-8.933333333333334
-12.4875,14.399999999999999,-10.75
-12.4875,14.4375,-9.816666666666666
-12.4875,14.474999999999998,-11.25
-12.4875,14.5125,-8.983333333333334
-12.4875,14.55,-8.416666666666668
-12.4875,14.587499999999999,-8.666666666666668
-12.4875,14.625,-5.699999999999999
-12.4875,14.662499999999998,-8.0
-12.4875,14.7,-8.516666666666667
-12.4875,14.7375,-7.533333333333335
-12.4875,14.774999999999999,-7.533333333333335
-12.4875,14.8125,-7.2333333333333325
-12.4875,14.849999999999998,-6.300000000000001
-12.4875,14.8875,-5.833333333333332
-12.4875,14.925,-4.4
-12.4875,14.962499999999999,-8.3
-12.4875,15.0,-4.583333333333334
-12.4875,15.037499999999998,
-12.4875,15.075,
-12.45,12.45,
-12.45,12.4875,
-12.45,12.524999999999999,
-12.45,12.5625,
-12.45,12.599999999999998,
-12.45,12.6375,
-12.45,12.675,
-12.45,12.712499999999999,
-12.45,12.75,
-12.45,12.787499999999998,
-12.45,12.825,
-12.45,12.8625,
-12.45,12.899999999999999,
-12.45,12.9375,
-12.45,12.974999999999998,
-12.45,13.0125,
-12.45,13.05,
-12.45,13.087499999999999,
-12.45,13.125,
-12.45,13.162499999999998,
-12.45,13.2,
-12.45,13.2375,
-12.45,13.274999999999999,-6.666666666666666
-12.45,13.3125,-7.166666666666666
-12.45,13.349999999999998,-6.6499999999999995
-12.45,13.3875,-8.45
-12.45,13.425,-6.683333333333334
-12.45,13.462499999999999,-7.75
-12.45,13.5,-5.116666666666666
-12.45,13.537499999999998,-4.933333333333333
-12.45,13.575,-4.933333333333333
-12.45,13.6125,-5.333333333333333
-12.45,13.649999999999999,-5.533333333333332
-12.45,13.6875,-4.716666666666667
-12.45,13.724999999999998,-5.1
-12.45,13.7625,-2.166666666666667
-12.45,13.8,-5.366666666666666
-12.45,13.837499999999999,-1.4833333333333334
-12.45,13.875,-3.583333333333332
-12.45,13.912499999999998,-2.9000000000000004
-12.45,13.95,-1.3833333333333337
-12.45,13.9875,-12.683333333333334
-12.45,14.024999999999999,-11.383333333333333
-12.45,14.0625,-8.683333333333334
-12.45,14.099999999999998,-8.9
-12.45,14.1375,-8.216666666666667
-12.45,14.175,-7.066666666666666
-12.45,14.212499999999999,-9.033333333333333
-12.45,14.25,-7.166666666666666
-12.45,14.287499999999998,-8.983333333333333
-12.45,14.325,-8.966666666666667
-12.45,14.3625,-10.033333333333333
-12.45,14.399999999999999,-9.183333333333334
-12.45,14.4375,-10.05
-12.45,14.474999999999998,-11.666666666666668
-12.45,14.5125,-11.25
-12.45,14.55,-10.533333333333335
-12.45,14.587499999999999,-7.800000000000001
-12.45,14.625,-8.3
-12.45,14.662499999999998,-7.15
-12.45,14.7,-7.283333333333333
-12.45,14.7375,-8.816666666666666
-12.45,14.774999999999999,-6.216666666666667
-12.45,14.8125,-6.800000000000001
-12.45,14.849999999999998,-7.066666666666666
-12.45,14.8875,-2.966666666666667
-12.45,14.925,
-12.45,14.962499999999999,
-12.45,15.0,
-12.45,15.037499999999998,
-12.45,15.075,
-12.4125,12.45,
-12.4125,12.4875,
-12.4125,12.524999999999999,
-12.4125,12.5625,
-12.4125,12.599999999999998,
-12.4125,12.6375,
-12.4125,12.675,
-12.4125,12.712499999999999,
-12.4125,12.75,
-12.4125,12.787499999999998,
-12.4125,12.825,
-12.4125,12.8625,
-12.4125,12.899999999999999,
-12.4125,12.9375,
-12.4125,12.974999999999998,
-12.4125,13.0125,
-12.4125,13.05,
-12.4125,13.087499999999999,
-12.4125,13.125,
-12.4125,13.162499999999998,
-12.4125,13.2,
-12.4125,13.2375,
-12.4125,13.274999999999999,
-12.4125,13.3125,-7.866666666666666
-12.4125,13.349999999999998,-8.333333333333332
-12.4125,13.3875,-7.1
-12.4125,13.425,-6.4
-12.4125,13.462499999999999,-5.916666666666667
-12.4125,13.5,-6.616666666666666
-12.4125,13.537499999999998,-4.75
-12.4125,13.575,-6.283333333333333
-12.4125,13.6125,-4.199999999999999
-12.4125,13.649999999999999,-6.15
-12.4125,13.6875,-5.383333333333334
-12.4125,13.724999999999998,-5.6
-12.4125,13.7625,-4.099999999999999
-12.4125,13.8,-4.65
-12.4125,13.837499999999999,-2.333333333333333
-12.4125,13.875,-2.55
-12.4125,13.912499999999998,-2.0
-12.4125,13.95,-3.866666666666667
-12.4125,13.9875,-8.016666666666667
-12.4125,14.024999999999999,-5.65
-12.4125,14.0625,-9.95
-12.4125,14.099999999999998,-10.716666666666667
-12.4125,14.1375,-8.533333333333333
-12.4125,14.175,-8.066666666666666
-12.4125,14.212499999999999,-8.983333333333333
-12.4125,14.25,-8.65
-12.4125,14.287499999999998,-10.716666666666667
-12.4125,14.325,-7.666666666666666
-12.4125,14.3625,-10.716666666666667
-12.4125,14.399999999999999,-10.716666666666667
-12.4125,14.4375,-9.716666666666667
-12.4125,14.474999999999998,-5.85
-12.4125,14.5125,-5.7666666666666675
-12.4125,14.55,-7.783333333333335
-12.4125,14.587499999999999,-9.600000000000001
-12.4125,14.625,-8.633333333333333
-12.4125,14.662499999999998,-7.15
-12.4125,14.7,-7.883333333333333
-12.4125,14.7375,-7.216666666666667
-12.4125,14.774999999999999,-6.683333333333334
-12.4125,14.8125,-6.7666666666666675
-12.4125,14.849999999999998,-4.183333333333334
-12.4125,14.8875,
-12.4125,14.925,
-12.4125,14.962499999999999,
-12.4125,15.0,
-12.4125,15.037499999999998,
-12.4125,15.075,
-12.375,12.45,
-12.375,12.4875,
-12.375,12.524999999999999,
-12.375,12.5625,
-12.375,12.599999999999998,
-12.375,12.6375,
-12.375,12.675,
-12.375,12.712499999999999,
-12.375,12.75,
-12.375,12.787499999999998,
-12.375,12.825,
-12.375,12.8625,
-12.375,12.899999999999999,
-12.375,12.9375,
-12.375,12.974999999999998,
-12.375,13.0125,
-12.375,13.05,
-12.375,13.087499999999999,
-12.375,13.125,
-12.375,13.162499999999998,
-12.375,13.2,
-12.375,13.2375,
-12.375,13.274999999999999,
-12.375,13.3125,-5.733333333333333
-12.375,13.349999999999998,-5.599999999999999
-12.375,13.3875,-6.949999999999999
-12.375,13.425,-6.233333333333333
-12.375,13.462499999999999,-6.116666666666666
-12.375,13.5,-7.85
-12.375,13.537499999999998,-7.549999999999999
-12.375,13.575,-6.75
-12.375,13.6125,-4.9
-12.375,13.649999999999999,-5.383333333333332
-12.375,13.6875,-3.866666666666667
-12.375,13.724999999999998,-4.0
-12.375,13.7625,-5.466666666666667
-12.375,13.8,-3.383333333333333
-12.375,13.837499999999999,-4.55
-12.375,13.875,-1.6499999999999995
-12.375,13.912499999999998,-3.75
-12.375,13.95,-5.383333333333333
-12.375,13.9875,-13.283333333333333
-12.375,14.024999999999999,-3.333333333333334
-12.375,14.0625,-2.633333333333333
-12.375,14.099999999999998,-3.2666666666666657
-12.375,14.1375,-10.733333333333333
-12.375,14.175,-9.733333333333333
-12.375,14.212499999999999,-7.633333333333333
-12.375,14.25,-9.466666666666667
-12.375,14.287499999999998,-7.966666666666667
-12.375,14.325,-8.716666666666667
-12.375,14.3625,-10.499999999999998
-12.375,14.399999999999999,-8.016666666666667
-12.375,14.4375,-9.716666666666667
-12.375,14.474999999999998,-5.716666666666667
-12.375,14.5125,-7.35
-12.375,14.55,-7.583333333333334
-12.375,14.587499999999999,-9.433333333333334
-12.375,14.625,-7.199999999999999
-12.375,14.662499999999998,-8.1
-12.375,14.7,-6.866666666666667
-12.375,14.7375,-7.866666666666667
-12.375,14.774999999999999,-4.133333333333333
-12.375,14.8125,-4.7333333333333325
-12.375,14.849999999999998,
-12.375,14.8875,
-12.375,14.925,
-12.375,14.962499999999999,
-12.375,15.0,
-12.375,15.037499999999998,
-12.375,15.075,
-12.337499999999999,12.45,
-12.337499999999999,12.4875,
-12.337499999999999,12.524999999999999,
-12.337499999999999,12.5625,
-12.337499999999999,12.599999999999998,
-12.337499999999999,12.6375,
-12.337499999999999,12.675,
-12.337499999999999,12.712499999999999,
-12.337499999999999,12.75,
-12.337499999999999,12.787499999999998,
-12.337499999999999,12.825,
-12.337499999999999,12.8625,
-12.337499999999999,12.899999999999999,
-12.337499999999999,12.9375,
-12.337499999999999,12.974999999999998,
-12.337499999999999,13.0125,
-12.337499999999999,13.05,
-12.337499999999999,13.087499999999999,
-12.337499999999999,13.125,
-12.337499999999999,13.162499999999998,
-12.337499999999999,13.2,
-12.337499999999999,13.2375,
-12.337499999999999,13.274999999999999,-9.75
-12.337499999999999,13.3125,-8.216666666666667
-12.337499999999999,13.349999999999998,-6.866666666666666
-12.337499999999999,13.3875,-6.949999999999999
-12.337499999999999,13.425,-8.25
-12.337499999999999,13.462499999999999,-7.683333333333334
-12.337499999999999,13.5,-7.55
-12.337499999999999,13.537499999999998,-4.466666666666667
-12.337499999999999,13.575,-7.199999999999999
-12.337499999999999,13.6125,-5.049999999999999
-12.337499999999999,13.649999999999999,-4.183333333333334
-12.337499999999999,13.6875,-2.633333333333333
-12.337499999999999,13.724999999999998,-7.366666666666667
-12.337499999999999,13.7625,-3.0999999999999996
-12.337499999999999,13.8,-5.166666666666666
-12.337499999999999,13.837499999999999,-3.783333333333333
-12.337499999999999,13.875,-5.35
-12.337499999999999,13.912499999999998,-7.1
-12.337499999999999,13.95,-2.416666666666666
-12.337499999999999,13.9875,-3.3499999999999996
-12.337499999999999,14.024999999999999,-4.016666666666667
-12.337499999999999,14.0625,-1.2833333333333332
-12.337499999999999,14.099999999999998,-1.4499999999999993
-12.337499999999999,14.1375,-1.0499999999999998
-12.337499999999999,14.175,0.016666666666667496
-12.337499999999999,14.212499999999999,-2.1500000000000004
-12.337499999999999,14.25,0.33333333333333304
-12.337499999999999,14.287499999999998,-4.333333333333333
-12.337499999999999,14.325,-9.3
-12.337499999999999,14.3625,-6.283333333333333
-12.337499999999999,14.399999999999999,-5.416666666666666
-12.337499999999999,14.4375,-4.699999999999999
-12.337499999999999,14.474999999999998,-8.3
-12.337499999999999,14.5125,-8.433333333333334
-12.337499999999999,14.55,-7.35
-12.337499999999999,14.587499999999999,-7.25
-12.337499999999999,14.625,-7.0166666666666675
-12.337499999999999,14.662499999999998,-6.583333333333334
-12.337499999999999,14.7,-8.366666666666667
-12.337499999999999,14.7375,-3.533333333333333
-12.337499999999999,14.774999999999999,-0.7833333333333332
-12.337499999999999,14.8125,-1.1166666666666671
-12.337499999999999,14.849999999999998,
-12.337499999999999,14.8875,
-12.337499999999999,14.925,
-12.337499999999999,14.962499999999999,
-12.337499999999999,15.0,
-12.337499999999999,15.037499999999998,
-12.337499999999999,15.075,
-12.3,12.45,
-12.3,12.4875,
-12.3,12.524999999999999,
-12.3,12.5625,
-12.3,12.599999999999998,
-12.3,12.6375,
-12.3,12.675,
-12.3,12.712499999999999,
-12.3,12.75,
-12.3,12.787499999999998,
-12.3,12.825,
-12.3,12.8625,
-12.3,12.899999999999999,
-12.3,12.9375,
-12.3,12.974999999999998,
-12.3,13.0125,
-12.3,13.05,
-12.3,13.087499999999999,
-12.3,13.125,
-12.3,13.162499999999998,
-12.3,13.2,
-12.3,13.2375,
-12.3,13.274999999999999,
-12.3,13.3125,
-12.3,13.349999999999998,-8.783333333333333
-12.3,13.3875,-8.416666666666666
-12.3,13.425,-8.416666666666666
-12.3,13.462499999999999,-8.7
-12.3,13.5,-7.133333333333333
-12.3,13.537499999999998,-4.4833333333333325
-12.3,13.575,-7.833333333333333
-12.3,13.6125,-6.816666666666666
-12.3,13.649999999999999,-6.433333333333333
-12.3,13.6875,-6.65
-12.3,13.724999999999998,-6.8
-12.3,13.7625,-3.533333333333333
-12.3,13.8,-5.133333333333334
-12.3,13.837499999999999,-3.3833333333333337
-12.3,13.875,-3.1833333333333336
-12.3,13.912499999999998,-4.666666666666667
-12.3,13.95,-5.3
-12.3,13.9875,-3.1833333333333336
-12.3,14.024999999999999,-8.25
-12.3,14.0625,-10.2
-12.3,14.099999999999998,-9.566666666666666
-12.3,14.1375,-9.766666666666667
-12.3,14.175,-9.816666666666666
-12.3,14.212499999999999,-10.116666666666667
-12.3,14.25,-0.09999999999999964
-12.3,14.287499999999998,-0.033333333333333215
-12.3,14.325,-8.6
-12.3,14.3625,-1.333333333333333
-12.3,14.399999999999999,-0.5
-12.3,14.4375,-5.2666666666666675
-12.3,14.474999999999998,-0.3000000000000007
-12.3,14.5125,-8.266666666666667
-12.3,14.55,-7.783333333333333
-12.3,14.587499999999999,-6.2666666666666675
-12.3,14.625,-6.050000000000001
-12.3,14.662499999999998,-7.183333333333334
-12.3,14.7,-8.55
-12.3,14.7375,-1.3666666666666671
-12.3,14.774999999999999,-1.8000000000000007
-12.3,14.8125,
-12.3,14.849999999999998,
-12.3,14.8875,
-12.3,14.925,
-12.3,14.962499999999999,
-12.3,15.0,
-12.3,15.037499999999998,
-12.3,15.075,
-12.2625,12.45,
-12.2625,12.4875,
-12.2625,12.524999999999999,
-12.2625,12.5625,
-12.2625,12.599999999999998,
-12.2625,12.6375,
-12.2625,12.675,
-12.2625,12.712499999999999,
-12.2625,12.75,
-12.2625,12.787499999999998,
-12.2625,12.825,
-12.2625,12.8625,
-12.2625,12.899999999999999,
-12.2625,12.9375,
-12.2625,12.974999999999998,
-12.2625,13.0125,
-12.2625,13.05,
-12.2625,13.087499999999999,
-12.2625,13.125,
-12.2625,13.162499999999998,
-12.2625,13.2,
-12.2625,13.2375,
-12.2625,13.274999999999999,
-12.2625,13.3125,
-12.2625,13.349999999999998,-7.449999999999999
-12.2625,13.3875,-8.9
-12.2625,13.425,-8.35
-12.2625,13.462499999999999,-5.566666666666666
-12.2625,13.5,-5.1
-12.2625,13.537499999999998,-5.35
-12.2625,13.575,-5.133333333333333
-12.2625,13.6125,-4.816666666666666
-12.2625,13.649999999999999,-4.566666666666666
-12.2625,13.6875,-4.066666666666666
-12.2625,13.724999999999998,-3.8
-12.2625,13.7625,-4.35
-12.2625,13.8,-5.183333333333333
-12.2625,13.837499999999999,-5.366666666666667
-12.2625,13.875,-5.383333333333333
-12.2625,13.912499999999998,-4.366666666666666
-12.2625,13.95,-4.366666666666667
-12.2625,13.9875,-1.8999999999999995
-12.2625,14.024999999999999,-2.533333333333333
-12.2625,14.0625,-2.216666666666667
-12.2625,14.099999999999998,-2.3499999999999996
-12.2625,14.1375,-2.8666666666666663
-12.2625,14.175,-2.216666666666667
-12.2625,14.212499999999999,-1.7999999999999998
-12.2625,14.25,-1.25
-12.2625,14.287499999999998,-1.2333333333333334
-12.2625,14.325,-0.75
-12.2625,14.3625,-1.4500000000000002
-12.2625,14.399999999999999,-1.6833333333333336
-12.2625,14.4375,-1.0
-12.2625,14.474999999999998,-1.4000000000000004
-12.2625,14.5125,-0.6833333333333336
-12.2625,14.55,0.8833333333333329
-12.2625,14.587499999999999,-7.516666666666664
-12.2625,14.625,-4.466666666666667
-12.2625,14.662499999999998,-7.816666666666666
-12.2625,14.7,-1.5999999999999996
-12.2625,14.7375,-1.9666666666666668
-12.2625,14.774999999999999,
-12.2625,14.8125,
-12.2625,14.849999999999998,
-12.2625,14.8875,
-12.2625,14.925,
-12.2625,14.962499999999999,
-12.2625,15.0,
-12.2625,15.037499999999998,
-12.2625,15.075,
-12.225,12.45,
-12.225,12.4875,
-12.225,12.524999999999999,
-12.225,12.5625,
-12.225,12.599999999999998,
-12.225,12.6375,
-12.225,12.675,
-12.225,12.712499999999999,
-12.225,12.75,
-12.225,12.787499999999998,
-12.225,12.825,
-12.225,12.8625,
-12.225,12.899999999999999,
-12.225,12.9375,
-12.225,12.974999999999998,
-12.225,13.0125,
-12.225,13.05,
-12.225,13.087499999999999,
-12.225,13.125,
-12.225,13.162499999999998,
-12.225,13.2,
-12.225,13.2375,
-12.225,13.274999999999999,
-12.225,13.3125,
-12.225,13.349999999999998,
-12.225,13.3875,
-12.225,13.425,
-12.225,13.462499999999999,-5.716666666666666
-12.225,13.5,-5.85
-12.225,13.537499999999998,-5.983333333333333
-12.225,13.575,-6.1499999999999995
-12.225,13.6125,-6.0
-12.225,13.649999999999999,-5.666666666666666
-12.225,13.6875,-5.4833333333333325
-12.225,13.724999999999998,-4.966666666666667
-12.225,13.7625,-5.3999999999999995
-12.225,13.8,-2.5999999999999996
-12.225,13.837499999999999,-5.383333333333333
-12.225,13.875,-5.1
-12.225,13.912499999999998,-5.516666666666666
-12.225,13.95,-5.016666666666667
-12.225,13.9875,-4.633333333333333
-12.225,14.024999999999999,-3.8999999999999995
-12.225,14.0625,-3.7
-12.225,14.099999999999998,-3.816666666666667
-12.225,14.1375,-3.7
-12.225,14.175,-3.4166666666666665
-12.225,14.212499999999999,-2.966666666666666
-12.225,14.25,-2.6500000000000004
-12.225,14.287499999999998,-2.166666666666667
-12.225,14.325,-0.583333333333333
-12.225,14.3625,-1.1166666666666663
-12.225,14.399999999999999,-2.5
-12.225,14.4375,-1.916666666666667
-12.225,14.474999999999998,-2.0
-12.225,14.5125,-1.75
-12.225,14.55,-1.6166666666666663
-12.225,14.587499999999999,0.38333333333333286
-12.225,14.625,0.9000000000000004
-12.225,14.662499999999998,-1.666666666666666
-12.225,14.7,-2.2333333333333325
-12.225,14.7375,
-12.225,14.774999999999999,
-12.225,14.8125,
-12.225,14.849999999999998,
-12.225,14.8875,
-12.225,14.925,
-12.225,14.962499999999999,
-12.225,15.0,
-12.225,15.037499999999998,
-12.225,15.075,
-12.1875,12.45,
-12.1875,12.4875,
-12.1875,12.524999999999999,
-12.1875,12.5625,
-12.1875,12.599999999999998,
-12.1875,12.6375,
-12.1875,12.675,
-12.1875,12.712499999999999,
-12.1875,12.75,
-12.1875,12.787499999999998,
-12.1875,12.825,
-12.1875,12.8625,
-12.1875,12.899999999999999,
-12.1875,12.9375,
-12.1875,12.974999999999998,
-12.1875,13.0125,
-12.1875,13.05,
-12.1875,13.087499999999999,
-12.1875,13.125,
-12.1875,13.162499999999998,
-12.1875,13.2,
-12.1875,13.2375,
-12.1875,13.274999999999999,
-12.1875,13.3125,
-12.1875,13.349999999999998,
-12.1875,13.3875,
-12.1875,13.425,
-12.1875,13.462499999999999,-7.7333333333333325
-12.1875,13.5,-7.8999999999999995
-12.1875,13.537499999999998,-5.116666666666666
-12.1875,13.575,-5.916666666666666
-12.1875,13.6125,-6.216666666666667
-12.1875,13.649999999999999,-6.15
-12.1875,13.6875,-5.883333333333333
-12.1875,13.724999999999998,-5.633333333333333
-12.1875,13.7625,-5.683333333333334
-12.1875,13.8,-2.9833333333333334
-12.1875,13.837499999999999,-3.0
-12.1875,13.875,-5.55
-12.1875,13.912499999999998,-5.7333333333333325
-12.1875,13.95,-5.416666666666666
-12.1875,13.9875,-4.783333333333333
-12.1875,14.024999999999999,-4.733333333333333
-12.1875,14.0625,-4.583333333333333
-12.1875,14.099999999999998,-4.266666666666667
-12.1875,14.1375,-3.75
-12.1875,14.175,-3.033333333333333
-12.1875,14.212499999999999,-2.716666666666667
-12.1875,14.25,-1.8499999999999996
-12.1875,14.287499999999998,-1.6166666666666663
-12.1875,14.325,-0.40000000000000036
-12.1875,14.3625,-0.75
-12.1875,14.399999999999999,
-12.1875,14.4375,
-12.1875,14.474999999999998,
-12.1875,14.5125,
-12.1875,14.55,
-12.1875,14.587499999999999,-1.3166666666666664
-12.1875,14.625,-0.06666666666666643
-12.1875,14.662499999999998,-0.25
-12.1875,14.7,
-12.1875,14.7375,
-12.1875,14.774999999999999,
-12.1875,14.8125,
-12.1875,14.849999999999998,
-12.1875,14.8875,
-12.1875,14.925,
-12.1875,14.962499999999999,
-12.1875,15.0,
-12.1875,15.037499999999998,
-12.1875,15.075,
-12.149999999999999,12.45,
-12.149999999999999,12.4875,
-12.149999999999999,12.524999999999999,
-12.149999999999999,12.5625,
-12.149999999999999,12.599999999999998,
-12.149999999999999,12.6375,
-12.149999999999999,12.675,
-12.149999999999999,12.712499999999999,
-12.149999999999999,12.75,
-12.149999999999999,12.787499999999998,
-12.149999999999999,12.825,
-12.149999999999999,12.8625,
-12.149999999999999,12.899999999999999,
-12.149999999999999,12.9375,
-12.149999999999999,12.974999999999998,
-12.149999999999999,13.0125,
-12.149999999999999,13.05,
-12.149999999999999,13.087499999999999,
-12.149999999999999,13.125,
-12.149999999999999,13.162499999999998,
-12.149999999999999,13.2,
-12.149999999999999,13.2375,
-12.149999999999999,13.274999999999999,
-12.149999999999999,13.3125,
-12.149999999999999,13.349999999999998,
-12.149999999999999,13.3875,
-12.149999999999999,13.425,-7.316666666666666
-12.149999999999999,13.462499999999999,-7.283333333333333
-12.149999999999999,13.5,-7.666666666666666
-12.149999999999999,13.537499999999998,-4.7333333333333325
-12.149999999999999,13.575,-4.883333333333333
-12.149999999999999,13.6125,-4.433333333333333
-12.149999999999999,13.649999999999999,-5.816666666666666
-12.149999999999999,13.6875,-6.233333333333333
-12.149999999999999,13.724999999999998,-3.2666666666666666
-12.149999999999999,13.7625,-3.2166666666666663
-12.149999999999999,13.8,-3.1166666666666663
-12.149999999999999,13.837499999999999,-5.766666666666666
-12.149999999999999,13.875,-5.9
-12.149999999999999,13.912499999999998,-5.1
-12.149999999999999,13.95,-4.949999999999999
-12.149999999999999,13.9875,-4.183333333333334
-12.149999999999999,14.024999999999999,-4.049999999999999
-12.149999999999999,14.0625,-4.033333333333333
-12.149999999999999,14.099999999999998,-3.4499999999999997
-12.149999999999999,14.1375,-2.1166666666666663
-12.149999999999999,14.175,-0.6833333333333336
-12.149999999999999,14.212499999999999,-2.0
-12.149999999999999,14.25,-0.666666666666667
-12.149999999999999,14.287499999999998,-0.36666666666666536
-12.149999999999999,14.325,-1.583333333333333
-12.149999999999999,14.3625,-2.5666666666666655
-12.149999999999999,14.399999999999999,
-12.149999999999999,14.4375,
-12.149999999999999,14.474999999999998,
-12.149999999999999,14.5125,
-12.149999999999999,14.55,
-12.149999999999999,14.587499999999999,
-12.149999999999999,14.625,-1.3833333333333337
-12.149999999999999,14.662499999999998,
-12.149999999999999,14.7,
-12.149999999999999,14.7375,
-12.149999999999999,14.774999999999999,
-12.149999999999999,14.8125,
-12.149999999999999,14.849999999999998,
-12.149999999999999,14.8875,
-12.149999999999999,14.925,
-12.149999999999999,14.962499999999999,
-12.149999999999999,15.0,
-12.149999999999999,15.037499999999998,
-12.149999999999999,15.075,
-12.1125,12.45,
-12.1125,12.4875,
-12.1125,12.524999999999999,
-12.1125,12.5625,
-12.1125,12.599999999999998,
-12.1125,12.6375,
-12.1125,12.675,
-12.1125,12.712499999999999,
-12.1125,12.75,
-12.1125,12.787499999999998,
-12.1125,12.825,
-12.1125,12.8625,
-12.1125,12.899999999999999,
-12.1125,12.9375,
-12.1125,12.974999999999998,
-12.1125,13.0125,
-12.1125,13.05,
-12.1125,13.087499999999999,
-12.1125,13.125,
-12.1125,13.162499999999998,
-12.1125,13.2,
-12.1125,13.2375,
-12.1125,13.274999999999999,
-12.1125,13.3125,
-12.1125,13.349999999999998,
-12.1125,13.3875,-4.916666666666667
-12.1125,13.425,-5.516666666666666
-12.1125,13.462499999999999,-5.299999999999999
-12.1125,13.5,-5.550000000000001
-12.1125,13.537499999999998,-5.716666666666667
-12.1125,13.575,-7.866666666666666
-12.1125,13.6125,-6.2
-12.1125,13.649999999999999,-4.783333333333333
-12.1125,13.6875,-5.199999999999999
-12.1125,13.724999999999998,-6.683333333333334
-12.1125,13.7625,-3.1166666666666667
-12.1125,13.8,-6.083333333333333
-12.1125,13.837499999999999,-5.6
-12.1125,13.875,-5.949999999999999
-12.1125,13.912499999999998,-4.75
-12.1125,13.95,-4.933333333333334
-12.1125,13.9875,-4.1499999999999995
-12.1125,14.024999999999999,-3.883333333333333
-12.1125,14.0625,-3.0
-12.1125,14.099999999999998,-2.1833333333333336
-12.1125,14.1375,-2.216666666666667
-12.1125,14.175,-0.7000000000000002
-12.1125,14.212499999999999,-0.666666666666667
-12.1125,14.25,-6.133333333333334
-12.1125,14.287499999999998,-0.33333333333333215
-12.1125,14.325,-0.6999999999999993
-12.1125,14.3625,-1.1500000000000004
-12.1125,14.399999999999999,
-12.1125,14.4375,
-12.1125,14.474999999999998,
-12.1125,14.5125,
-12.1125,14.55,
-12.1125,14.587499999999999,
-12.1125,14.625,
-12.1125,14.662499999999998,
-12.1125,14.7,
-12.1125,14.7375,
-12.1125,14.774999999999999,
-12.1125,14.8125,
-12.1125,14.849999999999998,
-12.1125,14.8875,
-12.1125,14.925,
-12.1125,14.962499999999999,
-12.1125,15.0,
-12.1125,15.037499999999998,
-12.1125,15.075,
-12.075,12.45,
-12.075,12.4875,
-12.075,12.524999999999999,
-12.075,12.5625,
-12.075,12.599999999999998,
-12.075,12.6375,
-12.075,12.675,
-12.075,12.712499999999999,
-12.075,12.75,
-12.075,12.787499999999998,
-12.075,12.825,
-12.075,12.8625,
-12.075,12.899999999999999,
-12.075,12.9375,
-12.075,12.974999999999998,
-12.075,13.0125,
-12.075,13.05,
-12.075,13.087499999999999,
-12.075,13.125,
-12.075,13.162499999999998,
-12.075,13.2,
-12.075,13.2375,
-12.075,13.274999999999999,
-12.075,13.3125,
-12.075,13.349999999999998,
-12.075,13.3875,-6.516666666666666
-12.075,13.425,-6.283333333333333
-12.075,13.462499999999999,-5.3
-12.075,13.5,-5.550000000000001
-12.075,13.537499999999998,-6.533333333333332
-12.075,13.575,-5.2
-12.075,13.6125,-5.3
-12.075,13.649999999999999,-3.916666666666667
-12.075,13.6875,-5.916666666666666
-12.075,13.724999999999998,-6.183333333333334
-12.075,13.7625,-6.783333333333333
-12.075,13.8,-6.733333333333333
-12.075,13.837499999999999,-6.6
-12.075,13.875,-5.166666666666666
-12.075,13.912499999999998,-5.05
-12.075,13.95,-4.15
-12.075,13.9875,-3.4333333333333336
-12.075,14.024999999999999,-3.533333333333333
-12.075,14.0625,-3.0999999999999988
-12.075,14.099999999999998,-2.333333333333332
-12.075,14.1375,-7.2666666666666675
-12.075,14.175,-4.7
-12.075,14.212499999999999,-0.38333333333333375
-12.075,14.25,-6.85
-12.075,14.287499999999998,-0.4666666666666668
-12.075,14.325,
-12.075,14.3625,
-12.075,14.399999999999999,
-12.075,14.4375,
-12.075,14.474999999999998,
-12.075,14.5125,
-12.075,14.55,
-12.075,14.587499999999999,
-12.075,14.625,
-12.075,14.662499999999998,
-12.075,14.7,
-12.075,14.7375,
-12.075,14.774999999999999,
-12.075,14.8125,
-12.075,14.849999999999998,
-12.075,14.8875,
-12.075,14.925,
-12.075,14.962499999999999,
-12.075,15.0,
-12.075,15.037499999999998,
-12.075,15.075,
-12.0375,12.45,
-12.0375,12.4875,
-12.0375,12.524999999999999,
-12.0375,12.5625,
-12.0375,12.599999999999998,
-12.0375,12.6375,
-12.0375,12.675,
-12.0375,12.712499999999999,
-12.0375,12.75,
-12.0375,12.787499999999998,
-12.0375,12.825,
-12.0375,12.8625,
-12.0375,12.899999999999999,
-12.0375,12.9375,
-12.0375,12.974999999999998,
-12.0375,13.0125,
-12.0375,13.05,
-12.0375,13.087499999999999,
-12.0375,13.125,
-12.0375,13.162499999999998,
-12.0375,13.2,
-12.0375,13.2375,
-12.0375,13.274999999999999,
-12.0375,13.3125,
-12.0375,13.349999999999998,
-12.0375,13.3875,-6.866666666666666
-12.0375,13.425,-7.2
-12.0375,13.462499999999999,-5.633333333333331
-12.0375,13.5,-7.683333333333334
-12.0375,13.537499999999998,-7.283333333333333
-12.0375,13.575,-7.016666666666667
-12.0375,13.6125,-5.766666666666666
-12.0375,13.649999999999999,-6.116666666666666
-12.0375,13.6875,
-12.0375,13.724999999999998,
-12.0375,13.7625,-6.15
-12.0375,13.8,-5.566666666666666
-12.0375,13.837499999999999,-5.016666666666666
-12.0375,13.875,-5.183333333333333
-12.0375,13.912499999999998,-5.5
-12.0375,13.95,-4.1
-12.0375,13.9875,-5.616666666666666
-12.0375,14.024999999999999,-4.933333333333334
-12.0375,14.0625,-4.45
-12.0375,14.099999999999998,-3.716666666666667
-12.0375,14.1375,-6.816666666666666
-12.0375,14.175,-6.583333333333333
-12.0375,14.212499999999999,-7.15
-12.0375,14.25,-6.65
-12.0375,14.287499999999998,-1.5666666666666664
-12.0375,14.325,
-12.0375,14.3625,
-12.0375,14.399999999999999,
-12.0375,14.4375,
-12.0375,14.474999999999998,
-12.0375,14.5125,
-12.0375,14.55,
-12.0375,14.587499999999999,
-12.0375,14.625,
-12.0375,14.662499999999998,
-12.0375,14.7,
-12.0375,14.7375,
-12.0375,14.774999999999999,
-12.0375,14.8125,
-12.0375,14.849999999999998,
-12.0375,14.8875,
-12.0375,14.925,
-12.0375,14.962499999999999,
-12.0375,15.0,
-12.0375,15.037499999999998,
-12.0375,15.075,
-12.0,12.45,
-12.0,12.4875,
-12.0,12.524999999999999,
-12.0,12.5625,
-12.0,12.599999999999998,
-12.0,12.6375,
-12.0,12.675,
-12.0,12.712499999999999,
-12.0,12.75,
-12.0,12.787499999999998,
-12.0,12.825,
-12.0,12.8625,
-12.0,12.899999999999999,
-12.0,12.9375,
-12.0,12.974999999999998,
-12.0,13.0125,
-12.0,13.05,
-12.0,13.087499999999999,
-12.0,13.125,
-12.0,13.162499999999998,
-12.0,13.2,
-12.0,13.2375,
-12.0,13.274999999999999,
-12.0,13.3125,
-12.0,13.349999999999998,-6.216666666666667
-12.0,13.3875,-7.333333333333333
-12.0,13.425,-6.583333333333333
-12.0,13.462499999999999,-6.6
-12.0,13.5,-7.933333333333333
-12.0,13.537499999999998,-7.3999999999999995
-12.0,13.575,-5.75
-12.0,13.6125,
-12.0,13.649999999999999,
-12.0,13.6875,
-12.0,13.724999999999998,
-12.0,13.7625,
-12.0,13.8,-4.066666666666666
-12.0,13.837499999999999,-6.0
-12.0,13.875,-4.183333333333334
-12.0,13.912499999999998,-4.966666666666667
-12.0,13.95,-3.9833333333333334
-12.0,13.9875,-6.166666666666666
-12.0,14.024999999999999,
-12.0,14.0625,-6.15
-12.0,14.099999999999998,-6.6
-12.0,14.1375,-6.116666666666667
-12.0,14.175,-6.666666666666666
-12.0,14.212499999999999,-5.566666666666666
-12.0,14.25,
-12.0,14.287499999999998,
-12.0,14.325,
-12.0,14.3625,
-12.0,14.399999999999999,
-12.0,14.4375,
-12.0,14.474999999999998,
-12.0,14.5125,
-12.0,14.55,
-12.0,14.587499999999999,
-12.0,14.625,
-12.0,14.662499999999998,
-12.0,14.7,
-12.0,14.7375,
-12.0,14.774999999999999,
-12.0,14.8125,
-12.0,14.849999999999998,
-12.0,14.8875,
-12.0,14.925,
-12.0,14.962499999999999,
-12.0,15.0,
-12.0,15.037499999999998,
-12.0,15.075,
-11.962499999999999,12.45,
-11.962499999999999,12.4875,
-11.962499999999999,12.524999999999999,
-11.962499999999999,12.5625,
-11.962499999999999,12.599999999999998,
-11.962499999999999,12.6375,
-11.962499999999999,12.675,
-11.962499999999999,12.712499999999999,
-11.962499999999999,12.75,
-11.962499999999999,12.787499999999998,
-11.962499999999999,12.825,
-11.962499999999999,12.8625,
-11.962499999999999,12.899999999999999,
-11.962499999999999,12.9375,
-11.962499999999999,12.974999999999998,
-11.962499999999999,13.0125,
-11.962499999999999,13.05,
-11.962499999999999,13.087499999999999,
-11.962499999999999,13.125,
-11.962499999999999,13.162499999999998,
-11.962499999999999,13.2,
-11.962499999999999,13.2375,
-11.962499999999999,13.274999999999999,
-11.962499999999999,13.3125,
-11.962499999999999,13.349999999999998,
-11.962499999999999,13.3875,-7.033333333333333
-11.962499999999999,13.425,-7.583333333333333
-11.962499999999999,13.462499999999999,-4.633333333333333
-11.962499999999999,13.5,-4.616666666666666
-11.962499999999999,13.537499999999998,
-11.962499999999999,13.575,
-11.962499999999999,13.6125,
-11.962499999999999,13.649999999999999,
-11.962499999999999,13.6875,
-11.962499999999999,13.724999999999998,
-11.962499999999999,13.7625,
-11.962499999999999,13.8,-5.066666666666666
-11.962499999999999,13.837499999999999,-5.7
-11.962499999999999,13.875,-3.916666666666666
-11.962499999999999,13.912499999999998,-4.933333333333333
-11.962499999999999,13.95,-4.35
-11.962499999999999,13.9875,-5.716666666666666
-11.962499999999999,14.024999999999999,
-11.962499999999999,14.0625,
-11.962499999999999,14.099999999999998,
-11.962499999999999,14.1375,
-11.962499999999999,14.175,
-11.962499999999999,14.212499999999999,
-11.962499999999999,14.25,
-11.962499999999999,14.287499999999998,
-11.962499999999999,14.325,
-11.962499999999999,14.3625,
-11.962499999999999,14.399999999999999,
-11.962499999999999,14.4375,
-11.962499999999999,14.474999999999998,
-11.962499999999999,14.5125,
-11.962499999999999,14.55,
-11.962499999999999,14.587499999999999,
-11.962499999999999,14.625,
-11.962499999999999,14.662499999999998,
-11.962499999999999,14.7,
-11.962499999999999,14.7375,
-11.962499999999999,14.774999999999999,
-11.962499999999999,14.8125,
-11.962499999999999,14.849999999999998,
-11.962499999999999,14.8875,
-11.962499999999999,14.925,
-11.962499999999999,14.962499999999999,
-11.962499999999999,15.0,
-11.962499999999999,15.037499999999998,
-11.962499999999999,15.075,
-11.925,12.45,
-11.925,12.4875,
-11.925,12.524999999999999,
-11.925,12.5625,
-11.925,12.599999999999998,
-11.925,12.6375,
-11.925,12.675,
-11.925,12.712499999999999,
-11.925,12.75,
-11.925,12.787499999999998,
-11.925,12.825,
-11.925,12.8625,
-11.925,12.899999999999999,
-11.925,12.9375,
-11.925,12.974999999999998,
-11.925,13.0125,
-11.925,13.05,
-11.925,13.087499999999999,
-11.925,13.125,
-11.925,13.162499999999998,
-11.925,13.2,
-11.925,13.2375,
-11.925,13.274999999999999,
-11.925,13.3125,
-11.925,13.349999999999998,
-11.925,13.3875,-7.699999999999999
-11.925,13.425,-8.299999999999999
-11.925,13.462499999999999,-4.716666666666667
-11.925,13.5,-5.616666666666666
-11.925,13.537499999999998,
-11.925,13.575,
-11.925,13.6125,
-11.925,13.649999999999999,
-11.925,13.6875,
-11.925,13.724999999999998,
-11.925,13.7625,
-11.925,13.8,
-11.925,13.837499999999999,
-11.925,13.875,
-11.925,13.912499999999998,
-11.925,13.95,
-11.925,13.9875,
-11.925,14.024999999999999,
-11.925,14.0625,
-11.925,14.099999999999998,
-11.925,14.1375,
-11.925,14.175,
-11.925,14.212499999999999,
-11.925,14.25,
-11.925,14.287499999999998,
-11.925,14.325,
-11.925,14.3625,
-11.925,14.399999999999999,
-11.925,14.4375,
-11.925,14.474999999999998,
-11.925,14.5125,
-11.925,14.55,
-11.925,14.587499999999999,
-11.925,14.625,
-11.925,14.662499999999998,
-11.925,14.7,
-11.925,14.7375,
-11.925,14.774999999999999,
-11.925,14.8125,
-11.925,14.849999999999998,
-11.925,14.8875,
-11.925,14.925,
-11.925,14.962499999999999,
-11.925,15.0,
-11.925,15.037499999999998,
-11.925,15.075,
-11.8875,12.45,
-11.8875,12.4875,
-11.8875,12.524999999999999,
-11.8875,12.5625,
-11.8875,12.599999999999998,
-11.8875,12.6375,
-11.8875,12.675,
-11.8875,12.712499999999999,
-11.8875,12.75,
-11.8875,12.787499999999998,
-11.8875,12.825,
-11.8875,12.8625,
-11.8875,12.899999999999999,
-11.8875,12.9375,
-11.8875,12.974999999999998,
-11.8875,13.0125,
-11.8875,13.05,
-11.8875,13.087499999999999,
-11.8875,13.125,
-11.8875,13.162499999999998,
-11.8875,13.2,
-11.8875,13.2375,
-11.8875,13.274999999999999,
-11.8875,13.3125,
-11.8875,13.349999999999998,
-11.8875,13.3875,
-11.8875,13.425,-5.033333333333333
-11.8875,13.462499999999999,-4.85
-11.8875,13.5,
-11.8875,13.537499999999998,
-11.8875,13.575,
-11.8875,13.6125,
-11.8875,13.649999999999999,
-11.8875,13.6875,
-11.8875,13.724999999999998,
-11.8875,13.7625,
-11.8875,13.8,
-11.8875,13.837499999999999,
-11.8875,13.875,
-11.8875,13.912499999999998,
-11.8875,13.95,
-11.8875,13.9875,
-11.8875,14.024999999999999,
-11.8875,14.0625,
-11.8875,14.099999999999998,
-11.8875,14.1375,
-11.8875,14.175,
-11.8875,14.212499999999999,
-11.8875,14.25,
-11.8875,14.287499999999998,
-11.8875,14.325,
-11.8875,14.3625,
-11.8875,14.399999999999999,
-11.8875,14.4375,
-11.8875,14.474999999999998,
-11.8875,14.5125,
-11.8875,14.55,
-11.8875,14.587499999999999,
-11.8875,14.625,
-11.8875,14.662499999999998,
-11.8875,14.7,
-11.8875,14.7375,
-11.8875,14.774999999999999,
-11.8875,14.8125,
-11.8875,14.849999999999998,
-11.8875,14.8875,
-11.8875,14.925,
-11.8875,14.962499999999999,
-11.8875,15.0,
-11.8875,15.037499999999998,
-11.8875,15.075,
