longitude,latitude,val
-16.0125,12.45,
-16.0125,12.4875,
-16.0125,12.524999999999999,
-16.0125,12.5625,
-16.0125,12.599999999999998,
-16.0125,12.6375,
-16.0125,12.675,38.79268298708972
-16.0125,12.712499999999999,
-16.0125,12.75,38.75820347825268
-16.0125,12.787499999999998,
-16.0125,12.825,
-16.0125,12.8625,
-16.0125,12.899999999999999,
-16.0125,12.9375,
-16.0125,12.974999999999998,
-16.0125,13.0125,
-16.0125,13.05,
-16.0125,13.087499999999999,
-16.0125,13.125,
-16.0125,13.162499999999998,
-16.0125,13.2,
-16.0125,13.2375,
-16.0125,13.274999999999999,
-16.0125,13.3125,
-16.0125,13.349999999999998,
-16.0125,13.3875,
-16.0125,13.425,
-16.0125,13.462499999999999,
-16.0125,13.5,
-16.0125,13.537499999999998,
-16.0125,13.575,
-16.0125,13.6125,
-16.0125,13.649999999999999,
-16.0125,13.6875,
-16.0125,13.724999999999998,
-16.0125,13.7625,
-16.0125,13.8,
-16.0125,13.837499999999999,
-16.0125,13.875,
-16.0125,13.912499999999998,
-16.0125,13.95,
-16.0125,13.9875,
-16.0125,14.024999999999999,
-16.0125,14.0625,
-16.0125,14.099999999999998,
-16.0125,14.1375,
-16.0125,14.175,
-16.0125,14.212499999999999,
-16.0125,14.25,
-16.0125,14.287499999999998,
-16.0125,14.325,
-16.0125,14.3625,
-16.0125,14.399999999999999,
-16.0125,14.4375,
-16.0125,14.474999999999998,
-16.0125,14.5125,
-16.0125,14.55,
-16.0125,14.587499999999999,
-16.0125,14.625,
-16.0125,14.662499999999998,
-16.0125,14.7,
-16.0125,14.7375,
-16.0125,14.774999999999999,
-16.0125,14.8125,
-16.0125,14.849999999999998,
-16.0125,14.8875,
-16.0125,14.925,
-16.0125,14.962499999999999,
-16.0125,15.0,
-16.0125,15.037499999999998,
-16.0125,15.075,
-15.975,12.45,
-15.975,12.4875,
-15.975,12.524999999999999,
-15.975,12.5625,
-15.975,12.599999999999998,
-15.975,12.6375,38.85994970613309
-15.975,12.675,38.851150982086914
-15.975,12.712499999999999,38.85180065661396
-15.975,12.75,38.827883095131924
-15.975,12.787499999999998,38.828150105287136
-15.975,12.825,38.81772521745068
-15.975,12.8625,
-15.975,12.899999999999999,38.797505822635564
-15.975,12.9375,38.806551566531844
-15.975,12.974999999999998,
-15.975,13.0125,
-15.975,13.05,
-15.975,13.087499999999999,
-15.975,13.125,
-15.975,13.162499999999998,
-15.975,13.2,
-15.975,13.2375,
-15.975,13.274999999999999,
-15.975,13.3125,
-15.975,13.349999999999998,
-15.975,13.3875,
-15.975,13.425,
-15.975,13.462499999999999,
-15.975,13.5,
-15.975,13.537499999999998,
-15.975,13.575,
-15.975,13.6125,
-15.975,13.649999999999999,
-15.975,13.6875,
-15.975,13.724999999999998,
-15.975,13.7625,
-15.975,13.8,
-15.975,13.837499999999999,
-15.975,13.875,
-15.975,13.912499999999998,
-15.975,13.95,
-15.975,13.9875,
-15.975,14.024999999999999,
-15.975,14.0625,
-15.975,14.099999999999998,
-15.975,14.1375,
-15.975,14.175,
-15.975,14.212499999999999,
-15.975,14.25,
-15.975,14.287499999999998,
-15.975,14.325,
-15.975,14.3625,
-15.975,14.399999999999999,
-15.975,14.4375,
-15.975,14.474999999999998,
-15.975,14.5125,
-15.975,14.55,
-15.975,14.587499999999999,
-15.975,14.625,
-15.975,14.662499999999998,
-15.975,14.7,
-15.975,14.7375,
-15.975,14.774999999999999,
-15.975,14.8125,
-15.975,14.849999999999998,
-15.975,14.8875,
-15.975,14.925,
-15.975,14.962499999999999,
-15.975,15.0,
-15.975,15.037499999999998,
-15.975,15.075,
-15.9375,12.45,
-15.9375,12.4875,
-15.9375,12.524999999999999,
-15.9375,12.5625,38.835517476815355
-15.9375,12.599999999999998,38.870508136508924
-15.9375,12.6375,38.9154097735825
-15.9375,12.675,38.91191354490338
-15.9375,12.712499999999999,38.90925314909433
-15.9375,12.75,38.903114959597964
-15.9375,12.787499999999998,38.88649402111615
-15.9375,12.825,38.89499978911942
-15.9375,12.8625,38.87934665589659
-15.9375,12.899999999999999,38.8666341045908
-15.9375,12.9375,38.873500039675086
-15.9375,12.974999999999998,38.88795432232159
-15.9375,13.0125,
-15.9375,13.05,
-15.9375,13.087499999999999,
-15.9375,13.125,
-15.9375,13.162499999999998,
-15.9375,13.2,
-15.9375,13.2375,
-15.9375,13.274999999999999,
-15.9375,13.3125,
-15.9375,13.349999999999998,
-15.9375,13.3875,
-15.9375,13.425,
-15.9375,13.462499999999999,
-15.9375,13.5,
-15.9375,13.537499999999998,
-15.9375,13.575,
-15.9375,13.6125,
-15.9375,13.649999999999999,
-15.9375,13.6875,
-15.9375,13.724999999999998,
-15.9375,13.7625,
-15.9375,13.8,
-15.9375,13.837499999999999,
-15.9375,13.875,
-15.9375,13.912499999999998,
-15.9375,13.95,
-15.9375,13.9875,
-15.9375,14.024999999999999,
-15.9375,14.0625,
-15.9375,14.099999999999998,
-15.9375,14.1375,
-15.9375,14.175,
-15.9375,14.212499999999999,
-15.9375,14.25,
-15.9375,14.287499999999998,
-15.9375,14.325,
-15.9375,14.3625,
-15.9375,14.399999999999999,
-15.9375,14.4375,
-15.9375,14.474999999999998,
-15.9375,14.5125,
-15.9375,14.55,
-15.9375,14.587499999999999,
-15.9375,14.625,
-15.9375,14.662499999999998,
-15.9375,14.7,
-15.9375,14.7375,
-15.9375,14.774999999999999,
-15.9375,14.8125,
-15.9375,14.849999999999998,
-15.9375,14.8875,
-15.9375,14.925,
-15.9375,14.962499999999999,
-15.9375,15.0,
-15.9375,15.037499999999998,
-15.9375,15.075,
-15.899999999999999,12.45,
-15.899999999999999,12.4875,38.786307263571665
-15.899999999999999,12.524999999999999,38.8389936052052
-15.899999999999999,12.5625,38.882356236816264
-15.899999999999999,12.599999999999998,38.923794666281694
-15.899999999999999,12.6375,38.984361319306394
-15.899999999999999,12.675,38.98334809739349
-15.899999999999999,12.712499999999999,38.96677241786123
-15.899999999999999,12.75,38.962736292330305
-15.899999999999999,12.787499999999998,38.96003290777856
-15.899999999999999,12.825,38.95163923474527
-15.899999999999999,12.8625,38.93596268068398
-15.899999999999999,12.899999999999999,38.948687341775
-15.899999999999999,12.9375,38.93941763234532
-15.899999999999999,12.974999999999998,38.97422070912672
-15.899999999999999,13.0125,38.98697828185805
-15.899999999999999,13.05,38.99275827690177
-15.899999999999999,13.087499999999999,
-15.899999999999999,13.125,39.00665137043386
-15.899999999999999,13.162499999999998,
-15.899999999999999,13.2,
-15.899999999999999,13.2375,
-15.899999999999999,13.274999999999999,
-15.899999999999999,13.3125,
-15.899999999999999,13.349999999999998,
-15.899999999999999,13.3875,
-15.899999999999999,13.425,
-15.899999999999999,13.462499999999999,
-15.899999999999999,13.5,
-15.899999999999999,13.537499999999998,
-15.899999999999999,13.575,
-15.899999999999999,13.6125,
-15.899999999999999,13.649999999999999,
-15.899999999999999,13.6875,
-15.899999999999999,13.724999999999998,
-15.899999999999999,13.7625,
-15.899999999999999,13.8,
-15.899999999999999,13.837499999999999,
-15.899999999999999,13.875,
-15.899999999999999,13.912499999999998,
-15.899999999999999,13.95,
-15.899999999999999,13.9875,
-15.899999999999999,14.024999999999999,
-15.899999999999999,14.0625,
-15.899999999999999,14.099999999999998,
-15.899999999999999,14.1375,
-15.899999999999999,14.175,
-15.899999999999999,14.212499999999999,
-15.899999999999999,14.25,
-15.899999999999999,14.287499999999998,
-15.899999999999999,14.325,
-15.899999999999999,14.3625,
-15.899999999999999,14.399999999999999,
-15.899999999999999,14.4375,
-15.899999999999999,14.474999999999998,
-15.899999999999999,14.5125,
-15.899999999999999,14.55,
-15.899999999999999,14.587499999999999,
-15.899999999999999,14.625,
-15.899999999999999,14.662499999999998,
-15.899999999999999,14.7,
-15.899999999999999,14.7375,
-15.899999999999999,14.774999999999999,
-15.899999999999999,14.8125,
-15.899999999999999,14.849999999999998,
-15.899999999999999,14.8875,
-15.899999999999999,14.925,
-15.899999999999999,14.962499999999999,
-15.899999999999999,15.0,
-15.899999999999999,15.037499999999998,
-15.899999999999999,15.075,
-15.862499999999999,12.45,38.78130200690876
-15.862499999999999,12.4875,38.84105190110888
-15.862499999999999,12.524999999999999,38.889179896400925
-15.862499999999999,12.5625,38.92885432626053
-15.862499999999999,12.599999999999998,38.976389925809556
-15.862499999999999,12.6375,39.041289403533
-15.862499999999999,12.675,39.049378041500795
-15.862499999999999,12.712499999999999,39.03319922779443
-15.862499999999999,12.75,39.03328135769903
-15.862499999999999,12.787499999999998,39.02791367170861
-15.862499999999999,12.825,39.01854261200638
-15.862499999999999,12.8625,39.00485712094273
-15.862499999999999,12.899999999999999,39.00261382379397
-15.862499999999999,12.9375,39.009389836051284
-15.862499999999999,12.974999999999998,39.03500215676005
-15.862499999999999,13.0125,39.05218952689718
-15.862499999999999,13.05,39.06592799814169
-15.862499999999999,13.087499999999999,39.068137754833245
-15.862499999999999,13.125,39.081326469355936
-15.862499999999999,13.162499999999998,39.09045185108322
-15.862499999999999,13.2,
-15.862499999999999,13.2375,
-15.862499999999999,13.274999999999999,
-15.862499999999999,13.3125,
-15.862499999999999,13.349999999999998,
-15.862499999999999,13.3875,
-15.862499999999999,13.425,
-15.862499999999999,13.462499999999999,
-15.862499999999999,13.5,
-15.862499999999999,13.537499999999998,
-15.862499999999999,13.575,
-15.862499999999999,13.6125,
-15.862499999999999,13.649999999999999,
-15.862499999999999,13.6875,
-15.862499999999999,13.724999999999998,
-15.862499999999999,13.7625,
-15.862499999999999,13.8,
-15.862499999999999,13.837499999999999,
-15.862499999999999,13.875,
-15.862499999999999,13.912499999999998,
-15.862499999999999,13.95,
-15.862499999999999,13.9875,
-15.862499999999999,14.024999999999999,
-15.862499999999999,14.0625,
-15.862499999999999,14.099999999999998,
-15.862499999999999,14.1375,
-15.862499999999999,14.175,
-15.862499999999999,14.212499999999999,
-15.862499999999999,14.25,
-15.862499999999999,14.287499999999998,
-15.862499999999999,14.325,
-15.862499999999999,14.3625,
-15.862499999999999,14.399999999999999,
-15.862499999999999,14.4375,
-15.862499999999999,14.474999999999998,
-15.862499999999999,14.5125,
-15.862499999999999,14.55,
-15.862499999999999,14.587499999999999,
-15.862499999999999,14.625,
-15.862499999999999,14.662499999999998,
-15.862499999999999,14.7,
-15.862499999999999,14.7375,
-15.862499999999999,14.774999999999999,
-15.862499999999999,14.8125,
-15.862499999999999,14.849999999999998,
-15.862499999999999,14.8875,
-15.862499999999999,14.925,
-15.862499999999999,14.962499999999999,
-15.862499999999999,15.0,
-15.862499999999999,15.037499999999998,
-15.862499999999999,15.075,
-15.825,12.45,38.82145943873709
-15.825,12.4875,38.885605450449205
-15.825,12.524999999999999,38.92048601570106
-15.825,12.5625,38.9640998969998
-15.825,12.599999999999998,39.0205107967252
-15.825,12.6375,39.08659626545851
-15.825,12.675,39.09500852373504
-15.825,12.712499999999999,39.07952463119997
-15.825,12.75,39.077269531080105
-15.825,12.787499999999998,39.07888569386536
-15.825,12.825,39.07906795503049
-15.825,12.8625,39.06900183556818
-15.825,12.899999999999999,39.06233917434328
-15.825,12.9375,39.04578127453824
-15.825,12.974999999999998,39.08623994530872
-15.825,13.0125,39.11405090485054
-15.825,13.05,39.12760443447863
-15.825,13.087499999999999,39.142789800389565
-15.825,13.125,39.14606215748627
-15.825,13.162499999999998,39.15464512439037
-15.825,13.2,
-15.825,13.2375,
-15.825,13.274999999999999,
-15.825,13.3125,
-15.825,13.349999999999998,
-15.825,13.3875,
-15.825,13.425,
-15.825,13.462499999999999,
-15.825,13.5,
-15.825,13.537499999999998,
-15.825,13.575,
-15.825,13.6125,
-15.825,13.649999999999999,
-15.825,13.6875,
-15.825,13.724999999999998,
-15.825,13.7625,
-15.825,13.8,
-15.825,13.837499999999999,
-15.825,13.875,
-15.825,13.912499999999998,
-15.825,13.95,
-15.825,13.9875,
-15.825,14.024999999999999,
-15.825,14.0625,
-15.825,14.099999999999998,
-15.825,14.1375,
-15.825,14.175,
-15.825,14.212499999999999,
-15.825,14.25,
-15.825,14.287499999999998,
-15.825,14.325,
-15.825,14.3625,
-15.825,14.399999999999999,
-15.825,14.4375,
-15.825,14.474999999999998,
-15.825,14.5125,
-15.825,14.55,
-15.825,14.587499999999999,
-15.825,14.625,
-15.825,14.662499999999998,
-15.825,14.7,
-15.825,14.7375,
-15.825,14.774999999999999,
-15.825,14.8125,
-15.825,14.849999999999998,
-15.825,14.8875,
-15.825,14.925,
-15.825,14.962499999999999,
-15.825,15.0,
-15.825,15.037499999999998,
-15.825,15.075,
-15.7875,12.45,38.87224987190215
-15.7875,12.4875,38.91579750757713
-15.7875,12.524999999999999,38.96174670672865
-15.7875,12.5625,39.00976488748564
-15.7875,12.599999999999998,39.06897189586755
-15.7875,12.6375,39.13403382522282
-15.7875,12.675,39.14654051342413
-15.7875,12.712499999999999,39.146842992613884
-15.7875,12.75,39.13396821197794
-15.7875,12.787499999999998,39.138603125052114
-15.7875,12.825,39.14057349177278
-15.7875,12.8625,39.13314898965568
-15.7875,12.899999999999999,39.12366235119793
-15.7875,12.9375,39.107920727298094
-15.7875,12.974999999999998,39.12206237207798
-15.7875,13.0125,39.132824282761796
-15.7875,13.05,39.171694315652466
-15.7875,13.087499999999999,39.20596706878078
-15.7875,13.125,39.218682833842784
-15.7875,13.162499999999998,39.218481668999644
-15.7875,13.2,39.22322839237899
-15.7875,13.2375,39.23835017099119
-15.7875,13.274999999999999,39.26491800902242
-15.7875,13.3125,39.28441188338466
-15.7875,13.349999999999998,
-15.7875,13.3875,
-15.7875,13.425,
-15.7875,13.462499999999999,
-15.7875,13.5,
-15.7875,13.537499999999998,
-15.7875,13.575,
-15.7875,13.6125,
-15.7875,13.649999999999999,
-15.7875,13.6875,
-15.7875,13.724999999999998,
-15.7875,13.7625,
-15.7875,13.8,
-15.7875,13.837499999999999,
-15.7875,13.875,
-15.7875,13.912499999999998,
-15.7875,13.95,
-15.7875,13.9875,
-15.7875,14.024999999999999,
-15.7875,14.0625,
-15.7875,14.099999999999998,
-15.7875,14.1375,
-15.7875,14.175,
-15.7875,14.212499999999999,
-15.7875,14.25,
-15.7875,14.287499999999998,
-15.7875,14.325,
-15.7875,14.3625,
-15.7875,14.399999999999999,
-15.7875,14.4375,
-15.7875,14.474999999999998,
-15.7875,14.5125,
-15.7875,14.55,
-15.7875,14.587499999999999,
-15.7875,14.625,
-15.7875,14.662499999999998,
-15.7875,14.7,
-15.7875,14.7375,
-15.7875,14.774999999999999,
-15.7875,14.8125,
-15.7875,14.849999999999998,
-15.7875,14.8875,
-15.7875,14.925,
-15.7875,14.962499999999999,
-15.7875,15.0,
-15.7875,15.037499999999998,
-15.7875,15.075,
-15.75,12.45,38.895428854936384
-15.75,12.4875,38.95446537254672
-15.75,12.524999999999999,39.008846695538814
-15.75,12.5625,39.06485187505377
-15.75,12.599999999999998,39.11353262969957
-15.75,12.6375,39.185826059960455
-15.75,12.675,39.20058853498266
-15.75,12.712499999999999,39.2022409318022
-15.75,12.75,39.18634203256335
-15.75,12.787499999999998,39.19279134335728
-15.75,12.825,39.1958159703505
-15.75,12.8625,39.17751925231892
-15.75,12.899999999999999,39.169403654782656
-15.75,12.9375,39.170745414324024
-15.75,12.974999999999998,39.165173697480135
-15.75,13.0125,39.18710719724347
-15.75,13.05,39.1952844617821
-15.75,13.087499999999999,39.24516179954123
-15.75,13.125,39.28239735549377
-15.75,13.162499999999998,39.29278645555639
-15.75,13.2,39.301897829458895
-15.75,13.2375,39.304064103354904
-15.75,13.274999999999999,39.327340519457614
-15.75,13.3125,39.345781704969994
-15.75,13.349999999999998,
-15.75,13.3875,
-15.75,13.425,
-15.75,13.462499999999999,
-15.75,13.5,
-15.75,13.537499999999998,
-15.75,13.575,
-15.75,13.6125,
-15.75,13.649999999999999,
-15.75,13.6875,
-15.75,13.724999999999998,
-15.75,13.7625,
-15.75,13.8,
-15.75,13.837499999999999,
-15.75,13.875,
-15.75,13.912499999999998,
-15.75,13.95,
-15.75,13.9875,
-15.75,14.024999999999999,
-15.75,14.0625,
-15.75,14.099999999999998,
-15.75,14.1375,
-15.75,14.175,
-15.75,14.212499999999999,
-15.75,14.25,
-15.75,14.287499999999998,
-15.75,14.325,
-15.75,14.3625,
-15.75,14.399999999999999,
-15.75,14.4375,
-15.75,14.474999999999998,
-15.75,14.5125,
-15.75,14.55,
-15.75,14.587499999999999,
-15.75,14.625,
-15.75,14.662499999999998,
-15.75,14.7,
-15.75,14.7375,
-15.75,14.774999999999999,
-15.75,14.8125,
-15.75,14.849999999999998,
-15.75,14.8875,
-15.75,14.925,
-15.75,14.962499999999999,
-15.75,15.0,
-15.75,15.037499999999998,
-15.75,15.075,
-15.712499999999999,12.45,38.882737257375176
-15.712499999999999,12.4875,38.93255913997724
-15.712499999999999,12.524999999999999,38.9923278054082
-15.712499999999999,12.5625,39.043819214689954
-15.712499999999999,12.599999999999998,39.09283680615184
-15.712499999999999,12.6375,39.161653299661324
-15.712499999999999,12.675,39.17036989182584
-15.712499999999999,12.712499999999999,39.17958406877893
-15.712499999999999,12.75,39.17613816161973
-15.712499999999999,12.787499999999998,39.174586912206806
-15.712499999999999,12.825,39.17441315592533
-15.712499999999999,12.8625,39.160409742899354
-15.712499999999999,12.899999999999999,39.160515770395854
-15.712499999999999,12.9375,39.16604494534683
-15.712499999999999,12.974999999999998,39.153556558075906
-15.712499999999999,13.0125,39.175636051955266
-15.712499999999999,13.05,39.18454209536891
-15.712499999999999,13.087499999999999,39.20511552180083
-15.712499999999999,13.125,39.2709433891658
-15.712499999999999,13.162499999999998,39.29240565634883
-15.712499999999999,13.2,39.30456583199396
-15.712499999999999,13.2375,39.308365656133105
-15.712499999999999,13.274999999999999,39.32936114916127
-15.712499999999999,13.3125,39.349196683329815
-15.712499999999999,13.349999999999998,39.35735344156361
-15.712499999999999,13.3875,
-15.712499999999999,13.425,
-15.712499999999999,13.462499999999999,
-15.712499999999999,13.5,
-15.712499999999999,13.537499999999998,
-15.712499999999999,13.575,
-15.712499999999999,13.6125,
-15.712499999999999,13.649999999999999,
-15.712499999999999,13.6875,
-15.712499999999999,13.724999999999998,
-15.712499999999999,13.7625,
-15.712499999999999,13.8,
-15.712499999999999,13.837499999999999,
-15.712499999999999,13.875,
-15.712499999999999,13.912499999999998,
-15.712499999999999,13.95,
-15.712499999999999,13.9875,
-15.712499999999999,14.024999999999999,
-15.712499999999999,14.0625,
-15.712499999999999,14.099999999999998,
-15.712499999999999,14.1375,
-15.712499999999999,14.175,
-15.712499999999999,14.212499999999999,
-15.712499999999999,14.25,
-15.712499999999999,14.287499999999998,
-15.712499999999999,14.325,
-15.712499999999999,14.3625,
-15.712499999999999,14.399999999999999,
-15.712499999999999,14.4375,
-15.712499999999999,14.474999999999998,
-15.712499999999999,14.5125,
-15.712499999999999,14.55,
-15.712499999999999,14.587499999999999,
-15.712499999999999,14.625,
-15.712499999999999,14.662499999999998,
-15.712499999999999,14.7,
-15.712499999999999,14.7375,
-15.712499999999999,14.774999999999999,
-15.712499999999999,14.8125,
-15.712499999999999,14.849999999999998,
-15.712499999999999,14.8875,
-15.712499999999999,14.925,
-15.712499999999999,14.962499999999999,
-15.712499999999999,15.0,
-15.712499999999999,15.037499999999998,
-15.712499999999999,15.075,
-15.674999999999999,12.45,38.86459085169957
-15.674999999999999,12.4875,38.919596081334745
-15.674999999999999,12.524999999999999,38.974826186552676
-15.674999999999999,12.5625,39.01833338239003
-15.674999999999999,12.599999999999998,39.07058573150692
-15.674999999999999,12.6375,39.13047224858141
-15.674999999999999,12.675,39.14725590290448
-15.674999999999999,12.712499999999999,39.15346577969137
-15.674999999999999,12.75,39.15044881506943
-15.674999999999999,12.787499999999998,39.148859816726635
-15.674999999999999,12.825,39.143677693401145
-15.674999999999999,12.8625,39.133596429295
-15.674999999999999,12.899999999999999,39.145732608249745
-15.674999999999999,12.9375,39.14897339177525
-15.674999999999999,12.974999999999998,39.14624780898479
-15.674999999999999,13.0125,39.15643364242483
-15.674999999999999,13.05,39.185962171843
-15.674999999999999,13.087499999999999,39.20728830367936
-15.674999999999999,13.125,39.22029913742425
-15.674999999999999,13.162499999999998,39.26184494594671
-15.674999999999999,13.2,39.29778702122314
-15.674999999999999,13.2375,39.30343245847533
-15.674999999999999,13.274999999999999,39.33214734720969
-15.674999999999999,13.3125,39.346401863397794
-15.674999999999999,13.349999999999998,39.3570067543862
-15.674999999999999,13.3875,
-15.674999999999999,13.425,
-15.674999999999999,13.462499999999999,
-15.674999999999999,13.5,
-15.674999999999999,13.537499999999998,
-15.674999999999999,13.575,
-15.674999999999999,13.6125,
-15.674999999999999,13.649999999999999,
-15.674999999999999,13.6875,
-15.674999999999999,13.724999999999998,
-15.674999999999999,13.7625,
-15.674999999999999,13.8,
-15.674999999999999,13.837499999999999,
-15.674999999999999,13.875,
-15.674999999999999,13.912499999999998,
-15.674999999999999,13.95,
-15.674999999999999,13.9875,
-15.674999999999999,14.024999999999999,
-15.674999999999999,14.0625,
-15.674999999999999,14.099999999999998,
-15.674999999999999,14.1375,
-15.674999999999999,14.175,
-15.674999999999999,14.212499999999999,
-15.674999999999999,14.25,
-15.674999999999999,14.287499999999998,
-15.674999999999999,14.325,
-15.674999999999999,14.3625,
-15.674999999999999,14.399999999999999,
-15.674999999999999,14.4375,
-15.674999999999999,14.474999999999998,
-15.674999999999999,14.5125,
-15.674999999999999,14.55,
-15.674999999999999,14.587499999999999,
-15.674999999999999,14.625,
-15.674999999999999,14.662499999999998,
-15.674999999999999,14.7,
-15.674999999999999,14.7375,
-15.674999999999999,14.774999999999999,
-15.674999999999999,14.8125,
-15.674999999999999,14.849999999999998,
-15.674999999999999,14.8875,
-15.674999999999999,14.925,
-15.674999999999999,14.962499999999999,
-15.674999999999999,15.0,
-15.674999999999999,15.037499999999998,
-15.674999999999999,15.075,
-15.6375,12.45,38.83807808290116
-15.6375,12.4875,38.88707652896119
-15.6375,12.524999999999999,38.93793735897222
-15.6375,12.5625,38.98986833475862
-15.6375,12.599999999999998,39.05573744466302
-15.6375,12.6375,39.10921424147643
-15.6375,12.675,39.121685533727764
-15.6375,12.712499999999999,39.124695559963946
-15.6375,12.75,39.114441729457695
-15.6375,12.787499999999998,39.114744220903354
-15.6375,12.825,39.113035902285645
-15.6375,12.8625,39.11252089205881
-15.6375,12.899999999999999,39.1217939365844
-15.6375,12.9375,39.126681064645965
-15.6375,12.974999999999998,39.12868304826422
-15.6375,13.0125,39.15230720719805
-15.6375,13.05,39.17875775633255
-15.6375,13.087499999999999,39.20048192388945
-15.6375,13.125,39.220936726692536
-15.6375,13.162499999999998,39.25196932943134
-15.6375,13.2,39.262325587571155
-15.6375,13.2375,39.29676165609103
-15.6375,13.274999999999999,39.31995763532004
-15.6375,13.3125,39.33707380294662
-15.6375,13.349999999999998,39.35598470341429
-15.6375,13.3875,
-15.6375,13.425,
-15.6375,13.462499999999999,
-15.6375,13.5,
-15.6375,13.537499999999998,
-15.6375,13.575,
-15.6375,13.6125,
-15.6375,13.649999999999999,
-15.6375,13.6875,
-15.6375,13.724999999999998,
-15.6375,13.7625,
-15.6375,13.8,
-15.6375,13.837499999999999,
-15.6375,13.875,
-15.6375,13.912499999999998,
-15.6375,13.95,
-15.6375,13.9875,
-15.6375,14.024999999999999,
-15.6375,14.0625,
-15.6375,14.099999999999998,
-15.6375,14.1375,
-15.6375,14.175,
-15.6375,14.212499999999999,
-15.6375,14.25,
-15.6375,14.287499999999998,
-15.6375,14.325,
-15.6375,14.3625,
-15.6375,14.399999999999999,
-15.6375,14.4375,
-15.6375,14.474999999999998,
-15.6375,14.5125,
-15.6375,14.55,
-15.6375,14.587499999999999,
-15.6375,14.625,
-15.6375,14.662499999999998,
-15.6375,14.7,
-15.6375,14.7375,
-15.6375,14.774999999999999,
-15.6375,14.8125,
-15.6375,14.849999999999998,
-15.6375,14.8875,
-15.6375,14.925,
-15.6375,14.962499999999999,
-15.6375,15.0,
-15.6375,15.037499999999998,
-15.6375,15.075,
-15.6,12.45,
-15.6,12.4875,38.88185430793661
-15.6,12.524999999999999,38.928661968513715
-15.6,12.5625,38.96849027117204
-15.6,12.599999999999998,39.02608705469679
-15.6,12.6375,39.08577841933121
-15.6,12.675,39.09002100832554
-15.6,12.712499999999999,39.0846651686065
-15.6,12.75,39.082640352021876
-15.6,12.787499999999998,39.06996265286624
-15.6,12.825,39.08309510470835
-15.6,12.8625,39.09149234759196
-15.6,12.899999999999999,39.09007792346071
-15.6,12.9375,39.09568523576814
-15.6,12.974999999999998,39.10981237121498
-15.6,13.0125,39.1266293392979
-15.6,13.05,39.15713053782472
-15.6,13.087499999999999,39.1902683079218
-15.6,13.125,39.21338990789424
-15.6,13.162499999999998,39.23111271063535
-15.6,13.2,39.26234064941541
-15.6,13.2375,39.266337181150895
-15.6,13.274999999999999,39.2962113115491
-15.6,13.3125,39.33712923712134
-15.6,13.349999999999998,39.35194814915115
-15.6,13.3875,
-15.6,13.425,
-15.6,13.462499999999999,
-15.6,13.5,
-15.6,13.537499999999998,
-15.6,13.575,
-15.6,13.6125,
-15.6,13.649999999999999,
-15.6,13.6875,
-15.6,13.724999999999998,
-15.6,13.7625,
-15.6,13.8,
-15.6,13.837499999999999,
-15.6,13.875,
-15.6,13.912499999999998,
-15.6,13.95,
-15.6,13.9875,
-15.6,14.024999999999999,
-15.6,14.0625,
-15.6,14.099999999999998,
-15.6,14.1375,
-15.6,14.175,
-15.6,14.212499999999999,
-15.6,14.25,
-15.6,14.287499999999998,
-15.6,14.325,
-15.6,14.3625,
-15.6,14.399999999999999,
-15.6,14.4375,
-15.6,14.474999999999998,
-15.6,14.5125,
-15.6,14.55,
-15.6,14.587499999999999,
-15.6,14.625,
-15.6,14.662499999999998,
-15.6,14.7,
-15.6,14.7375,
-15.6,14.774999999999999,
-15.6,14.8125,
-15.6,14.849999999999998,
-15.6,14.8875,
-15.6,14.925,
-15.6,14.962499999999999,
-15.6,15.0,
-15.6,15.037499999999998,
-15.6,15.075,
-15.5625,12.45,
-15.5625,12.4875,38.87247080675349
-15.5625,12.524999999999999,38.91635049838363
-15.5625,12.5625,38.95005347904989
-15.5625,12.599999999999998,38.99193790456501
-15.5625,12.6375,39.0442405126803
-15.5625,12.675,39.04979892477541
-15.5625,12.712499999999999,39.04671177718684
-15.5625,12.75,39.03937902751483
-15.5625,12.787499999999998,39.038461130965665
-15.5625,12.825,39.05573317887114
-15.5625,12.8625,39.05929021173106
-15.5625,12.899999999999999,39.079201464785584
-15.5625,12.9375,39.09287868702123
-15.5625,12.974999999999998,39.110757559492654
-15.5625,13.0125,39.13033715814628
-15.5625,13.05,39.14242388732646
-15.5625,13.087499999999999,39.17542903377789
-15.5625,13.125,39.20647670053481
-15.5625,13.162499999999998,39.22651765401137
-15.5625,13.2,39.2538581486567
-15.5625,13.2375,39.26443637831271
-15.5625,13.274999999999999,39.28927714879378
-15.5625,13.3125,39.284125313672966
-15.5625,13.349999999999998,39.30039010336817
-15.5625,13.3875,
-15.5625,13.425,
-15.5625,13.462499999999999,
-15.5625,13.5,
-15.5625,13.537499999999998,
-15.5625,13.575,
-15.5625,13.6125,
-15.5625,13.649999999999999,
-15.5625,13.6875,
-15.5625,13.724999999999998,
-15.5625,13.7625,
-15.5625,13.8,
-15.5625,13.837499999999999,
-15.5625,13.875,
-15.5625,13.912499999999998,
-15.5625,13.95,
-15.5625,13.9875,
-15.5625,14.024999999999999,
-15.5625,14.0625,
-15.5625,14.099999999999998,
-15.5625,14.1375,
-15.5625,14.175,
-15.5625,14.212499999999999,
-15.5625,14.25,
-15.5625,14.287499999999998,
-15.5625,14.325,
-15.5625,14.3625,
-15.5625,14.399999999999999,
-15.5625,14.4375,
-15.5625,14.474999999999998,
-15.5625,14.5125,
-15.5625,14.55,
-15.5625,14.587499999999999,
-15.5625,14.625,
-15.5625,14.662499999999998,
-15.5625,14.7,
-15.5625,14.7375,
-15.5625,14.774999999999999,
-15.5625,14.8125,
-15.5625,14.849999999999998,
-15.5625,14.8875,
-15.5625,14.925,
-15.5625,14.962499999999999,
-15.5625,15.0,
-15.5625,15.037499999999998,
-15.5625,15.075,
-15.524999999999999,12.45,
-15.524999999999999,12.4875,
-15.524999999999999,12.524999999999999,38.89580455625672
-15.524999999999999,12.5625,38.947815567822744
-15.524999999999999,12.599999999999998,38.98205788473683
-15.524999999999999,12.6375,39.01572680272734
-15.524999999999999,12.675,39.01760780723495
-15.524999999999999,12.712499999999999,39.01566050086717
-15.524999999999999,12.75,39.01712016400267
-15.524999999999999,12.787499999999998,39.011202249045226
-15.524999999999999,12.825,39.02239992736972
-15.524999999999999,12.8625,39.05048567532837
-15.524999999999999,12.899999999999999,39.06784398205379
-15.524999999999999,12.9375,39.084760882194466
-15.524999999999999,12.974999999999998,39.109155910502494
-15.524999999999999,13.0125,39.122853610192145
-15.524999999999999,13.05,39.138861353630986
-15.524999999999999,13.087499999999999,39.18144803402156
-15.524999999999999,13.125,39.20649113256483
-15.524999999999999,13.162499999999998,39.22725910920108
-15.524999999999999,13.2,39.23787071086575
-15.524999999999999,13.2375,39.267452621996185
-15.524999999999999,13.274999999999999,39.294630117554384
-15.524999999999999,13.3125,39.290887822870644
-15.524999999999999,13.349999999999998,39.306151692289845
-15.524999999999999,13.3875,39.31596115044901
-15.524999999999999,13.425,
-15.524999999999999,13.462499999999999,
-15.524999999999999,13.5,
-15.524999999999999,13.537499999999998,
-15.524999999999999,13.575,
-15.524999999999999,13.6125,
-15.524999999999999,13.649999999999999,
-15.524999999999999,13.6875,
-15.524999999999999,13.724999999999998,
-15.524999999999999,13.7625,
-15.524999999999999,13.8,
-15.524999999999999,13.837499999999999,
-15.524999999999999,13.875,
-15.524999999999999,13.912499999999998,
-15.524999999999999,13.95,
-15.524999999999999,13.9875,
-15.524999999999999,14.024999999999999,
-15.524999999999999,14.0625,
-15.524999999999999,14.099999999999998,
-15.524999999999999,14.1375,
-15.524999999999999,14.175,
-15.524999999999999,14.212499999999999,
-15.524999999999999,14.25,
-15.524999999999999,14.287499999999998,
-15.524999999999999,14.325,
-15.524999999999999,14.3625,
-15.524999999999999,14.399999999999999,
-15.524999999999999,14.4375,
-15.524999999999999,14.474999999999998,
-15.524999999999999,14.5125,
-15.524999999999999,14.55,
-15.524999999999999,14.587499999999999,
-15.524999999999999,14.625,
-15.524999999999999,14.662499999999998,
-15.524999999999999,14.7,
-15.524999999999999,14.7375,
-15.524999999999999,14.774999999999999,
-15.524999999999999,14.8125,
-15.524999999999999,14.849999999999998,
-15.524999999999999,14.8875,
-15.524999999999999,14.925,
-15.524999999999999,14.962499999999999,
-15.524999999999999,15.0,
-15.524999999999999,15.037499999999998,
-15.524999999999999,15.075,
-15.487499999999999,12.45,
-15.487499999999999,12.4875,
-15.487499999999999,12.524999999999999,38.907783831996746
-15.487499999999999,12.5625,38.942362648727254
-15.487499999999999,12.599999999999998,38.97309417860815
-15.487499999999999,12.6375,39.01227526763426
-15.487499999999999,12.675,39.007964293044616
-15.487499999999999,12.712499999999999,39.0122466832717
-15.487499999999999,12.75,39.019372659611726
-15.487499999999999,12.787499999999998,39.00046387401963
-15.487499999999999,12.825,39.005341940184216
-15.487499999999999,12.8625,39.02550134916729
-15.487499999999999,12.899999999999999,39.054086931329216
-15.487499999999999,12.9375,39.083818330424116
-15.487499999999999,12.974999999999998,39.10471992466834
-15.487499999999999,13.0125,39.118517400279025
-15.487499999999999,13.05,39.13164918626187
-15.487499999999999,13.087499999999999,39.17390322283514
-15.487499999999999,13.125,39.19952871377754
-15.487499999999999,13.162499999999998,39.232373338268324
-15.487499999999999,13.2,39.24847513235155
-15.487499999999999,13.2375,39.276743240346974
-15.487499999999999,13.274999999999999,39.29209496672261
-15.487499999999999,13.3125,39.295894603958125
-15.487499999999999,13.349999999999998,39.318145181823
-15.487499999999999,13.3875,39.33536871008208
-15.487499999999999,13.425,
-15.487499999999999,13.462499999999999,
-15.487499999999999,13.5,
-15.487499999999999,13.537499999999998,
-15.487499999999999,13.575,
-15.487499999999999,13.6125,
-15.487499999999999,13.649999999999999,
-15.487499999999999,13.6875,
-15.487499999999999,13.724999999999998,
-15.487499999999999,13.7625,
-15.487499999999999,13.8,
-15.487499999999999,13.837499999999999,
-15.487499999999999,13.875,
-15.487499999999999,13.912499999999998,
-15.487499999999999,13.95,
-15.487499999999999,13.9875,
-15.487499999999999,14.024999999999999,
-15.487499999999999,14.0625,
-15.487499999999999,14.099999999999998,
-15.487499999999999,14.1375,
-15.487499999999999,14.175,
-15.487499999999999,14.212499999999999,
-15.487499999999999,14.25,
-15.487499999999999,14.287499999999998,
-15.487499999999999,14.325,
-15.487499999999999,14.3625,
-15.487499999999999,14.399999999999999,
-15.487499999999999,14.4375,
-15.487499999999999,14.474999999999998,
-15.487499999999999,14.5125,
-15.487499999999999,14.55,
-15.487499999999999,14.587499999999999,
-15.487499999999999,14.625,
-15.487499999999999,14.662499999999998,
-15.487499999999999,14.7,
-15.487499999999999,14.7375,
-15.487499999999999,14.774999999999999,
-15.487499999999999,14.8125,
-15.487499999999999,14.849999999999998,
-15.487499999999999,14.8875,
-15.487499999999999,14.925,
-15.487499999999999,14.962499999999999,
-15.487499999999999,15.0,
-15.487499999999999,15.037499999999998,
-15.487499999999999,15.075,
-15.45,12.45,
-15.45,12.4875,
-15.45,12.524999999999999,
-15.45,12.5625,38.92875040519745
-15.45,12.599999999999998,38.98001638221617
-15.45,12.6375,38.99803110991497
-15.45,12.675,38.99496701228101
-15.45,12.712499999999999,39.008818235195946
-15.45,12.75,38.9986821836656
-15.45,12.787499999999998,38.992872156955265
-15.45,12.825,38.99778262398032
-15.45,12.8625,39.02248995841708
-15.45,12.899999999999999,39.03910772829574
-15.45,12.9375,39.0711168347148
-15.45,12.974999999999998,39.10355018797985
-15.45,13.0125,39.12741820126142
-15.45,13.05,39.13326641335665
-15.45,13.087499999999999,39.17696113657278
-15.45,13.125,39.205856625773684
-15.45,13.162499999999998,39.22904313082916
-15.45,13.2,39.25511279601222
-15.45,13.2375,39.26895021607918
-15.45,13.274999999999999,39.30800296178124
-15.45,13.3125,39.308517418006105
-15.45,13.349999999999998,39.33431692655141
-15.45,13.3875,
-15.45,13.425,
-15.45,13.462499999999999,
-15.45,13.5,
-15.45,13.537499999999998,
-15.45,13.575,
-15.45,13.6125,
-15.45,13.649999999999999,
-15.45,13.6875,
-15.45,13.724999999999998,
-15.45,13.7625,
-15.45,13.8,
-15.45,13.837499999999999,
-15.45,13.875,
-15.45,13.912499999999998,
-15.45,13.95,
-15.45,13.9875,
-15.45,14.024999999999999,
-15.45,14.0625,
-15.45,14.099999999999998,
-15.45,14.1375,
-15.45,14.175,
-15.45,14.212499999999999,
-15.45,14.25,
-15.45,14.287499999999998,
-15.45,14.325,
-15.45,14.3625,
-15.45,14.399999999999999,
-15.45,14.4375,
-15.45,14.474999999999998,
-15.45,14.5125,
-15.45,14.55,
-15.45,14.587499999999999,
-15.45,14.625,
-15.45,14.662499999999998,
-15.45,14.7,
-15.45,14.7375,
-15.45,14.774999999999999,
-15.45,14.8125,
-15.45,14.849999999999998,
-15.45,14.8875,
-15.45,14.925,
-15.45,14.962499999999999,
-15.45,15.0,
-15.45,15.037499999999998,
-15.45,15.075,
-15.4125,12.45,
-15.4125,12.4875,
-15.4125,12.524999999999999,
-15.4125,12.5625,38.930949037092596
-15.4125,12.599999999999998,38.9671554131643
-15.4125,12.6375,39.00274836299941
-15.4125,12.675,38.988451315413144
-15.4125,12.712499999999999,39.003047388637306
-15.4125,12.75,39.00734384808251
-15.4125,12.787499999999998,38.99525354730945
-15.4125,12.825,38.98879011010954
-15.4125,12.8625,39.025894844851784
-15.4125,12.899999999999999,39.049752619120575
-15.4125,12.9375,39.06933102864855
-15.4125,12.974999999999998,39.10653333094674
-15.4125,13.0125,39.12565185699255
-15.4125,13.05,39.13911415290408
-15.4125,13.087499999999999,39.18295973869882
-15.4125,13.125,39.21860876251399
-15.4125,13.162499999999998,39.252027290433794
-15.4125,13.2,39.272415201962005
-15.4125,13.2375,39.29574698215853
-15.4125,13.274999999999999,39.32223518951217
-15.4125,13.3125,39.32194516928413
-15.4125,13.349999999999998,39.34932494067509
-15.4125,13.3875,
-15.4125,13.425,
-15.4125,13.462499999999999,
-15.4125,13.5,
-15.4125,13.537499999999998,
-15.4125,13.575,
-15.4125,13.6125,
-15.4125,13.649999999999999,
-15.4125,13.6875,
-15.4125,13.724999999999998,
-15.4125,13.7625,
-15.4125,13.8,
-15.4125,13.837499999999999,
-15.4125,13.875,
-15.4125,13.912499999999998,
-15.4125,13.95,
-15.4125,13.9875,
-15.4125,14.024999999999999,
-15.4125,14.0625,
-15.4125,14.099999999999998,
-15.4125,14.1375,
-15.4125,14.175,
-15.4125,14.212499999999999,
-15.4125,14.25,
-15.4125,14.287499999999998,
-15.4125,14.325,
-15.4125,14.3625,
-15.4125,14.399999999999999,
-15.4125,14.4375,
-15.4125,14.474999999999998,
-15.4125,14.5125,
-15.4125,14.55,
-15.4125,14.587499999999999,
-15.4125,14.625,
-15.4125,14.662499999999998,
-15.4125,14.7,
-15.4125,14.7375,
-15.4125,14.774999999999999,
-15.4125,14.8125,
-15.4125,14.849999999999998,
-15.4125,14.8875,
-15.4125,14.925,
-15.4125,14.962499999999999,
-15.4125,15.0,
-15.4125,15.037499999999998,
-15.4125,15.075,
-15.375,12.45,
-15.375,12.4875,
-15.375,12.524999999999999,
-15.375,12.5625,
-15.375,12.599999999999998,38.956171301674175
-15.375,12.6375,38.988166181371255
-15.375,12.675,38.99541554896374
-15.375,12.712499999999999,39.01029474100243
-15.375,12.75,39.0050770264038
-15.375,12.787499999999998,38.99247451609385
-15.375,12.825,38.98780939591418
-15.375,12.8625,39.012534250885714
-15.375,12.899999999999999,39.04535756250829
-15.375,12.9375,39.07724828883888
-15.375,12.974999999999998,39.11109718114388
-15.375,13.0125,39.14496121390998
-15.375,13.05,39.162804788152286
-15.375,13.087499999999999,39.19065619856186
-15.375,13.125,39.22983104292786
-15.375,13.162499999999998,39.2635803813189
-15.375,13.2,39.285944075163414
-15.375,13.2375,39.30083321581206
-15.375,13.274999999999999,39.32199532844108
-15.375,13.3125,39.344382932802546
-15.375,13.349999999999998,39.36162983167031
-15.375,13.3875,
-15.375,13.425,
-15.375,13.462499999999999,
-15.375,13.5,
-15.375,13.537499999999998,
-15.375,13.575,
-15.375,13.6125,
-15.375,13.649999999999999,
-15.375,13.6875,
-15.375,13.724999999999998,
-15.375,13.7625,
-15.375,13.8,
-15.375,13.837499999999999,
-15.375,13.875,
-15.375,13.912499999999998,
-15.375,13.95,
-15.375,13.9875,
-15.375,14.024999999999999,
-15.375,14.0625,
-15.375,14.099999999999998,
-15.375,14.1375,
-15.375,14.175,
-15.375,14.212499999999999,
-15.375,14.25,
-15.375,14.287499999999998,
-15.375,14.325,
-15.375,14.3625,
-15.375,14.399999999999999,
-15.375,14.4375,
-15.375,14.474999999999998,
-15.375,14.5125,
-15.375,14.55,
-15.375,14.587499999999999,
-15.375,14.625,
-15.375,14.662499999999998,
-15.375,14.7,
-15.375,14.7375,
-15.375,14.774999999999999,
-15.375,14.8125,
-15.375,14.849999999999998,
-15.375,14.8875,
-15.375,14.925,
-15.375,14.962499999999999,
-15.375,15.0,
-15.375,15.037499999999998,
-15.375,15.075,
-15.337499999999999,12.45,
-15.337499999999999,12.4875,
-15.337499999999999,12.524999999999999,
-15.337499999999999,12.5625,
-15.337499999999999,12.599999999999998,
-15.337499999999999,12.6375,38.99824820662224
-15.337499999999999,12.675,38.98744293929169
-15.337499999999999,12.712499999999999,39.009585333279546
-15.337499999999999,12.75,39.015543761434756
-15.337499999999999,12.787499999999998,38.99542433316299
-15.337499999999999,12.825,39.00528499523251
-15.337499999999999,12.8625,39.00885707116107
-15.337499999999999,12.899999999999999,39.05771106609632
-15.337499999999999,12.9375,39.08947540817287
-15.337499999999999,12.974999999999998,39.12856159492278
-15.337499999999999,13.0125,39.15784169107962
-15.337499999999999,13.05,39.173791886340034
-15.337499999999999,13.087499999999999,39.19755947830907
-15.337499999999999,13.125,39.24511751060805
-15.337499999999999,13.162499999999998,39.267625108047746
-15.337499999999999,13.2,39.28665361987682
-15.337499999999999,13.2375,39.328999122539024
-15.337499999999999,13.274999999999999,39.33876853510618
-15.337499999999999,13.3125,39.36256168376029
-15.337499999999999,13.349999999999998,39.38055845901296
-15.337499999999999,13.3875,
-15.337499999999999,13.425,
-15.337499999999999,13.462499999999999,
-15.337499999999999,13.5,
-15.337499999999999,13.537499999999998,
-15.337499999999999,13.575,
-15.337499999999999,13.6125,
-15.337499999999999,13.649999999999999,
-15.337499999999999,13.6875,
-15.337499999999999,13.724999999999998,
-15.337499999999999,13.7625,
-15.337499999999999,13.8,
-15.337499999999999,13.837499999999999,
-15.337499999999999,13.875,
-15.337499999999999,13.912499999999998,
-15.337499999999999,13.95,
-15.337499999999999,13.9875,
-15.337499999999999,14.024999999999999,
-15.337499999999999,14.0625,
-15.337499999999999,14.099999999999998,
-15.337499999999999,14.1375,
-15.337499999999999,14.175,
-15.337499999999999,14.212499999999999,
-15.337499999999999,14.25,
-15.337499999999999,14.287499999999998,
-15.337499999999999,14.325,
-15.337499999999999,14.3625,
-15.337499999999999,14.399999999999999,
-15.337499999999999,14.4375,
-15.337499999999999,14.474999999999998,
-15.337499999999999,14.5125,
-15.337499999999999,14.55,
-15.337499999999999,14.587499999999999,
-15.337499999999999,14.625,
-15.337499999999999,14.662499999999998,
-15.337499999999999,14.7,
-15.337499999999999,14.7375,
-15.337499999999999,14.774999999999999,
-15.337499999999999,14.8125,
-15.337499999999999,14.849999999999998,
-15.337499999999999,14.8875,
-15.337499999999999,14.925,
-15.337499999999999,14.962499999999999,
-15.337499999999999,15.0,
-15.337499999999999,15.037499999999998,
-15.337499999999999,15.075,
-15.299999999999999,12.45,
-15.299999999999999,12.4875,
-15.299999999999999,12.524999999999999,
-15.299999999999999,12.5625,
-15.299999999999999,12.599999999999998,
-15.299999999999999,12.6375,38.99344234193463
-15.299999999999999,12.675,38.98363695297683
-15.299999999999999,12.712499999999999,39.00495170845126
-15.299999999999999,12.75,39.01627039851276
-15.299999999999999,12.787499999999998,39.033503444197805
-15.299999999999999,12.825,39.03965521877955
-15.299999999999999,12.8625,39.02015204587151
-15.299999999999999,12.899999999999999,39.062655210786254
-15.299999999999999,12.9375,39.089234445511885
-15.299999999999999,12.974999999999998,39.132378555015784
-15.299999999999999,13.0125,39.15932813176474
-15.299999999999999,13.05,39.18929260241807
-15.299999999999999,13.087499999999999,39.20886235281087
-15.299999999999999,13.125,39.238178071378364
-15.299999999999999,13.162499999999998,39.26782526650133
-15.299999999999999,13.2,39.295426459451875
-15.299999999999999,13.2375,39.34021678094658
-15.299999999999999,13.274999999999999,39.35025833020301
-15.299999999999999,13.3125,39.37522597032045
-15.299999999999999,13.349999999999998,39.39310504117979
-15.299999999999999,13.3875,
-15.299999999999999,13.425,
-15.299999999999999,13.462499999999999,
-15.299999999999999,13.5,
-15.299999999999999,13.537499999999998,
-15.299999999999999,13.575,
-15.299999999999999,13.6125,
-15.299999999999999,13.649999999999999,
-15.299999999999999,13.6875,
-15.299999999999999,13.724999999999998,
-15.299999999999999,13.7625,
-15.299999999999999,13.8,
-15.299999999999999,13.837499999999999,
-15.299999999999999,13.875,
-15.299999999999999,13.912499999999998,
-15.299999999999999,13.95,
-15.299999999999999,13.9875,
-15.299999999999999,14.024999999999999,
-15.299999999999999,14.0625,
-15.299999999999999,14.099999999999998,
-15.299999999999999,14.1375,
-15.299999999999999,14.175,
-15.299999999999999,14.212499999999999,
-15.299999999999999,14.25,
-15.299999999999999,14.287499999999998,
-15.299999999999999,14.325,
-15.299999999999999,14.3625,
-15.299999999999999,14.399999999999999,
-15.299999999999999,14.4375,
-15.299999999999999,14.474999999999998,
-15.299999999999999,14.5125,
-15.299999999999999,14.55,
-15.299999999999999,14.587499999999999,
-15.299999999999999,14.625,
-15.299999999999999,14.662499999999998,
-15.299999999999999,14.7,
-15.299999999999999,14.7375,
-15.299999999999999,14.774999999999999,
-15.299999999999999,14.8125,
-15.299999999999999,14.849999999999998,
-15.299999999999999,14.8875,
-15.299999999999999,14.925,
-15.299999999999999,14.962499999999999,
-15.299999999999999,15.0,
-15.299999999999999,15.037499999999998,
-15.299999999999999,15.075,
-15.2625,12.45,
-15.2625,12.4875,
-15.2625,12.524999999999999,
-15.2625,12.5625,
-15.2625,12.599999999999998,
-15.2625,12.6375,
-15.2625,12.675,38.99733723233113
-15.2625,12.712499999999999,39.006992698261975
-15.2625,12.75,39.01793915386118
-15.2625,12.787499999999998,39.02022475810959
-15.2625,12.825,39.02457551411875
-15.2625,12.8625,39.051017851231215
-15.2625,12.899999999999999,39.09013459756188
-15.2625,12.9375,39.125596504273055
-15.2625,12.974999999999998,39.139133367237946
-15.2625,13.0125,39.17047736178013
-15.2625,13.05,39.18900608825847
-15.2625,13.087499999999999,39.23350582844369
-15.2625,13.125,39.25096957392027
-15.2625,13.162499999999998,39.286851393914915
-15.2625,13.2,39.3013852809488
-15.2625,13.2375,39.32583293220907
-15.2625,13.274999999999999,39.354203931377235
-15.2625,13.3125,39.38083943662151
-15.2625,13.349999999999998,39.408948525810125
-15.2625,13.3875,39.413821715259346
-15.2625,13.425,
-15.2625,13.462499999999999,
-15.2625,13.5,
-15.2625,13.537499999999998,
-15.2625,13.575,
-15.2625,13.6125,
-15.2625,13.649999999999999,
-15.2625,13.6875,
-15.2625,13.724999999999998,
-15.2625,13.7625,
-15.2625,13.8,
-15.2625,13.837499999999999,
-15.2625,13.875,
-15.2625,13.912499999999998,
-15.2625,13.95,
-15.2625,13.9875,
-15.2625,14.024999999999999,
-15.2625,14.0625,
-15.2625,14.099999999999998,
-15.2625,14.1375,
-15.2625,14.175,
-15.2625,14.212499999999999,
-15.2625,14.25,
-15.2625,14.287499999999998,
-15.2625,14.325,
-15.2625,14.3625,
-15.2625,14.399999999999999,
-15.2625,14.4375,
-15.2625,14.474999999999998,
-15.2625,14.5125,
-15.2625,14.55,
-15.2625,14.587499999999999,
-15.2625,14.625,
-15.2625,14.662499999999998,
-15.2625,14.7,
-15.2625,14.7375,
-15.2625,14.774999999999999,
-15.2625,14.8125,
-15.2625,14.849999999999998,
-15.2625,14.8875,
-15.2625,14.925,
-15.2625,14.962499999999999,
-15.2625,15.0,
-15.2625,15.037499999999998,
-15.2625,15.075,
-15.225,12.45,
-15.225,12.4875,
-15.225,12.524999999999999,
-15.225,12.5625,
-15.225,12.599999999999998,
-15.225,12.6375,
-15.225,12.675,38.996681238379324
-15.225,12.712499999999999,39.006195859824565
-15.225,12.75,39.01728177556458
-15.225,12.787499999999998,39.01598778262442
-15.225,12.825,39.02362352255738
-15.225,12.8625,39.06264915331588
-15.225,12.899999999999999,39.0922573327994
-15.225,12.9375,39.12295203079715
-15.225,12.974999999999998,39.16527860044248
-15.225,13.0125,39.190001407273506
-15.225,13.05,39.21392499270262
-15.225,13.087499999999999,39.26055937302083
-15.225,13.125,39.242074306997196
-15.225,13.162499999999998,39.27376540418426
-15.225,13.2,39.32589269614978
-15.225,13.2375,39.34252418683089
-15.225,13.274999999999999,39.36521172574833
-15.225,13.3125,39.38936389590499
-15.225,13.349999999999998,39.412751644007855
-15.225,13.3875,39.4270642002942
-15.225,13.425,
-15.225,13.462499999999999,
-15.225,13.5,
-15.225,13.537499999999998,
-15.225,13.575,
-15.225,13.6125,
-15.225,13.649999999999999,
-15.225,13.6875,
-15.225,13.724999999999998,
-15.225,13.7625,
-15.225,13.8,
-15.225,13.837499999999999,
-15.225,13.875,
-15.225,13.912499999999998,
-15.225,13.95,
-15.225,13.9875,
-15.225,14.024999999999999,
-15.225,14.0625,
-15.225,14.099999999999998,
-15.225,14.1375,
-15.225,14.175,
-15.225,14.212499999999999,
-15.225,14.25,
-15.225,14.287499999999998,
-15.225,14.325,
-15.225,14.3625,
-15.225,14.399999999999999,
-15.225,14.4375,
-15.225,14.474999999999998,
-15.225,14.5125,
-15.225,14.55,
-15.225,14.587499999999999,
-15.225,14.625,
-15.225,14.662499999999998,
-15.225,14.7,
-15.225,14.7375,
-15.225,14.774999999999999,
-15.225,14.8125,
-15.225,14.849999999999998,
-15.225,14.8875,
-15.225,14.925,
-15.225,14.962499999999999,
-15.225,15.0,
-15.225,15.037499999999998,
-15.225,15.075,
-15.1875,12.45,
-15.1875,12.4875,
-15.1875,12.524999999999999,
-15.1875,12.5625,
-15.1875,12.599999999999998,
-15.1875,12.6375,
-15.1875,12.675,
-15.1875,12.712499999999999,38.99529397433891
-15.1875,12.75,39.01666153055212
-15.1875,12.787499999999998,39.015016544269564
-15.1875,12.825,39.02356296248522
-15.1875,12.8625,39.07033762353796
-15.1875,12.899999999999999,39.10828333796676
-15.1875,12.9375,39.13458552571527
-15.1875,12.974999999999998,39.16892532010387
-15.1875,13.0125,39.19278197926101
-15.1875,13.05,39.228106926441555
-15.1875,13.087499999999999,39.26987599317975
-15.1875,13.125,39.25338531777267
-15.1875,13.162499999999998,39.2793018696485
-15.1875,13.2,39.33227556710696
-15.1875,13.2375,39.35583058881084
-15.1875,13.274999999999999,39.378245768380765
-15.1875,13.3125,39.39445115122877
-15.1875,13.349999999999998,39.424991612331425
-15.1875,13.3875,39.43688917205028
-15.1875,13.425,39.45851807376906
-15.1875,13.462499999999999,39.478617838372266
-15.1875,13.5,39.50030591777124
-15.1875,13.537499999999998,
-15.1875,13.575,
-15.1875,13.6125,
-15.1875,13.649999999999999,
-15.1875,13.6875,
-15.1875,13.724999999999998,
-15.1875,13.7625,
-15.1875,13.8,
-15.1875,13.837499999999999,
-15.1875,13.875,
-15.1875,13.912499999999998,
-15.1875,13.95,
-15.1875,13.9875,
-15.1875,14.024999999999999,
-15.1875,14.0625,
-15.1875,14.099999999999998,
-15.1875,14.1375,
-15.1875,14.175,
-15.1875,14.212499999999999,
-15.1875,14.25,
-15.1875,14.287499999999998,
-15.1875,14.325,
-15.1875,14.3625,
-15.1875,14.399999999999999,
-15.1875,14.4375,
-15.1875,14.474999999999998,
-15.1875,14.5125,
-15.1875,14.55,
-15.1875,14.587499999999999,
-15.1875,14.625,
-15.1875,14.662499999999998,
-15.1875,14.7,
-15.1875,14.7375,
-15.1875,14.774999999999999,
-15.1875,14.8125,
-15.1875,14.849999999999998,
-15.1875,14.8875,
-15.1875,14.925,
-15.1875,14.962499999999999,
-15.1875,15.0,
-15.1875,15.037499999999998,
-15.1875,15.075,
-15.149999999999999,12.45,
-15.149999999999999,12.4875,
-15.149999999999999,12.524999999999999,
-15.149999999999999,12.5625,
-15.149999999999999,12.599999999999998,
-15.149999999999999,12.6375,
-15.149999999999999,12.675,
-15.149999999999999,12.712499999999999,38.98511924819713
-15.149999999999999,12.75,38.99516512255841
-15.149999999999999,12.787499999999998,39.007875971635485
-15.149999999999999,12.825,39.03794369592626
-15.149999999999999,12.8625,39.081695823008104
-15.149999999999999,12.899999999999999,39.1087420350644
-15.149999999999999,12.9375,39.141991779424416
-15.149999999999999,12.974999999999998,39.16752643327488
-15.149999999999999,13.0125,39.19219315017669
-15.149999999999999,13.05,39.23892464108301
-15.149999999999999,13.087499999999999,39.275618400970615
-15.149999999999999,13.125,39.26226585515704
-15.149999999999999,13.162499999999998,39.28492271525711
-15.149999999999999,13.2,39.33369247704829
-15.149999999999999,13.2375,39.36146639209206
-15.149999999999999,13.274999999999999,39.38900977058024
-15.149999999999999,13.3125,39.41327492015606
-15.149999999999999,13.349999999999998,39.42997905140825
-15.149999999999999,13.3875,39.445504055651426
-15.149999999999999,13.425,39.46301211292019
-15.149999999999999,13.462499999999999,39.47259832359581
-15.149999999999999,13.5,39.49287759913368
-15.149999999999999,13.537499999999998,39.50450789806009
-15.149999999999999,13.575,
-15.149999999999999,13.6125,
-15.149999999999999,13.649999999999999,
-15.149999999999999,13.6875,
-15.149999999999999,13.724999999999998,
-15.149999999999999,13.7625,
-15.149999999999999,13.8,
-15.149999999999999,13.837499999999999,
-15.149999999999999,13.875,
-15.149999999999999,13.912499999999998,
-15.149999999999999,13.95,
-15.149999999999999,13.9875,
-15.149999999999999,14.024999999999999,
-15.149999999999999,14.0625,
-15.149999999999999,14.099999999999998,
-15.149999999999999,14.1375,
-15.149999999999999,14.175,
-15.149999999999999,14.212499999999999,
-15.149999999999999,14.25,
-15.149999999999999,14.287499999999998,
-15.149999999999999,14.325,
-15.149999999999999,14.3625,
-15.149999999999999,14.399999999999999,
-15.149999999999999,14.4375,
-15.149999999999999,14.474999999999998,
-15.149999999999999,14.5125,
-15.149999999999999,14.55,
-15.149999999999999,14.587499999999999,
-15.149999999999999,14.625,
-15.149999999999999,14.662499999999998,
-15.149999999999999,14.7,
-15.149999999999999,14.7375,
-15.149999999999999,14.774999999999999,
-15.149999999999999,14.8125,
-15.149999999999999,14.849999999999998,
-15.149999999999999,14.8875,
-15.149999999999999,14.925,
-15.149999999999999,14.962499999999999,
-15.149999999999999,15.0,
-15.149999999999999,15.037499999999998,
-15.149999999999999,15.075,
-15.112499999999999,12.45,
-15.112499999999999,12.4875,
-15.112499999999999,12.524999999999999,
-15.112499999999999,12.5625,
-15.112499999999999,12.599999999999998,
-15.112499999999999,12.6375,
-15.112499999999999,12.675,
-15.112499999999999,12.712499999999999,38.99899614679672
-15.112499999999999,12.75,39.00233351335263
-15.112499999999999,12.787499999999998,39.00462215291533
-15.112499999999999,12.825,39.04665843670252
-15.112499999999999,12.8625,39.08314992375703
-15.112499999999999,12.899999999999999,39.118156572706056
-15.112499999999999,12.9375,39.146593210816974
-15.112499999999999,12.974999999999998,39.17428759637892
-15.112499999999999,13.0125,39.212645461586526
-15.112499999999999,13.05,39.24590283264926
-15.112499999999999,13.087499999999999,39.2853925152217
-15.112499999999999,13.125,39.28227756261258
-15.112499999999999,13.162499999999998,39.310729821617905
-15.112499999999999,13.2,39.3461630210469
-15.112499999999999,13.2375,39.374733187284576
-15.112499999999999,13.274999999999999,39.391252332204594
-15.112499999999999,13.3125,39.41389282407593
-15.112499999999999,13.349999999999998,39.43677162870738
-15.112499999999999,13.3875,39.4507687393531
-15.112499999999999,13.425,39.466334282836065
-15.112499999999999,13.462499999999999,39.48681341985783
-15.112499999999999,13.5,39.49836732982356
-15.112499999999999,13.537499999999998,39.506085348539045
-15.112499999999999,13.575,39.538127480220716
-15.112499999999999,13.6125,
-15.112499999999999,13.649999999999999,
-15.112499999999999,13.6875,
-15.112499999999999,13.724999999999998,
-15.112499999999999,13.7625,
-15.112499999999999,13.8,
-15.112499999999999,13.837499999999999,
-15.112499999999999,13.875,
-15.112499999999999,13.912499999999998,
-15.112499999999999,13.95,
-15.112499999999999,13.9875,
-15.112499999999999,14.024999999999999,
-15.112499999999999,14.0625,
-15.112499999999999,14.099999999999998,
-15.112499999999999,14.1375,
-15.112499999999999,14.175,
-15.112499999999999,14.212499999999999,
-15.112499999999999,14.25,
-15.112499999999999,14.287499999999998,
-15.112499999999999,14.325,
-15.112499999999999,14.3625,
-15.112499999999999,14.399999999999999,
-15.112499999999999,14.4375,
-15.112499999999999,14.474999999999998,
-15.112499999999999,14.5125,
-15.112499999999999,14.55,
-15.112499999999999,14.587499999999999,
-15.112499999999999,14.625,
-15.112499999999999,14.662499999999998,
-15.112499999999999,14.7,
-15.112499999999999,14.7375,
-15.112499999999999,14.774999999999999,
-15.112499999999999,14.8125,
-15.112499999999999,14.849999999999998,
-15.112499999999999,14.8875,
-15.112499999999999,14.925,
-15.112499999999999,14.962499999999999,
-15.112499999999999,15.0,
-15.112499999999999,15.037499999999998,
-15.112499999999999,15.075,
-15.075,12.45,
-15.075,12.4875,
-15.075,12.524999999999999,
-15.075,12.5625,
-15.075,12.599999999999998,
-15.075,12.6375,
-15.075,12.675,
-15.075,12.712499999999999,38.99859271797069
-15.075,12.75,39.00665720002951
-15.075,12.787499999999998,38.99731828901994
-15.075,12.825,39.01481972453684
-15.075,12.8625,39.05334980309658
-15.075,12.899999999999999,39.095178343777505
-15.075,12.9375,39.125919490032324
-15.075,12.974999999999998,39.16042901546564
-15.075,13.0125,39.18800520440019
-15.075,13.05,39.224277495245055
-15.075,13.087499999999999,39.27065994658562
-15.075,13.125,39.308713530049495
-15.075,13.162499999999998,39.31260045086967
-15.075,13.2,39.33783972678014
-15.075,13.2375,39.36511684329104
-15.075,13.274999999999999,39.39543000869436
-15.075,13.3125,39.4173821265259
-15.075,13.349999999999998,39.43706535701992
-15.075,13.3875,39.44920823967202
-15.075,13.425,39.46598516240541
-15.075,13.462499999999999,39.4876260606274
-15.075,13.5,39.50046261583163
-15.075,13.537499999999998,39.50646813133946
-15.075,13.575,
-15.075,13.6125,
-15.075,13.649999999999999,
-15.075,13.6875,
-15.075,13.724999999999998,
-15.075,13.7625,
-15.075,13.8,
-15.075,13.837499999999999,
-15.075,13.875,
-15.075,13.912499999999998,
-15.075,13.95,
-15.075,13.9875,
-15.075,14.024999999999999,
-15.075,14.0625,
-15.075,14.099999999999998,
-15.075,14.1375,
-15.075,14.175,
-15.075,14.212499999999999,
-15.075,14.25,
-15.075,14.287499999999998,
-15.075,14.325,
-15.075,14.3625,
-15.075,14.399999999999999,
-15.075,14.4375,
-15.075,14.474999999999998,
-15.075,14.5125,
-15.075,14.55,
-15.075,14.587499999999999,
-15.075,14.625,
-15.075,14.662499999999998,
-15.075,14.7,
-15.075,14.7375,
-15.075,14.774999999999999,
-15.075,14.8125,
-15.075,14.849999999999998,
-15.075,14.8875,
-15.075,14.925,
-15.075,14.962499999999999,
-15.075,15.0,
-15.075,15.037499999999998,
-15.075,15.075,
-15.0375,12.45,
-15.0375,12.4875,
-15.0375,12.524999999999999,
-15.0375,12.5625,
-15.0375,12.599999999999998,
-15.0375,12.6375,
-15.0375,12.675,
-15.0375,12.712499999999999,39.01813809477291
-15.0375,12.75,39.00812720844121
-15.0375,12.787499999999998,39.015945621963205
-15.0375,12.825,39.02346615201785
-15.0375,12.8625,39.0522671924126
-15.0375,12.899999999999999,39.09718900296825
-15.0375,12.9375,39.1240318709524
-15.0375,12.974999999999998,39.166479440203396
-15.0375,13.0125,39.19924057989808
-15.0375,13.05,39.235896721628116
-15.0375,13.087499999999999,39.27486467002906
-15.0375,13.125,39.30536957831505
-15.0375,13.162499999999998,39.33046249652389
-15.0375,13.2,39.350092153246685
-15.0375,13.2375,39.36422974455219
-15.0375,13.274999999999999,39.393097866614426
-15.0375,13.3125,39.41763335757844
-15.0375,13.349999999999998,39.43943314319196
-15.0375,13.3875,39.45607577667033
-15.0375,13.425,39.462295299168844
-15.0375,13.462499999999999,39.47387061154523
-15.0375,13.5,39.484913779753654
-15.0375,13.537499999999998,
-15.0375,13.575,
-15.0375,13.6125,
-15.0375,13.649999999999999,
-15.0375,13.6875,
-15.0375,13.724999999999998,
-15.0375,13.7625,
-15.0375,13.8,
-15.0375,13.837499999999999,
-15.0375,13.875,
-15.0375,13.912499999999998,
-15.0375,13.95,
-15.0375,13.9875,
-15.0375,14.024999999999999,
-15.0375,14.0625,
-15.0375,14.099999999999998,
-15.0375,14.1375,
-15.0375,14.175,
-15.0375,14.212499999999999,
-15.0375,14.25,
-15.0375,14.287499999999998,
-15.0375,14.325,
-15.0375,14.3625,
-15.0375,14.399999999999999,
-15.0375,14.4375,
-15.0375,14.474999999999998,
-15.0375,14.5125,
-15.0375,14.55,
-15.0375,14.587499999999999,
-15.0375,14.625,
-15.0375,14.662499999999998,
-15.0375,14.7,
-15.0375,14.7375,
-15.0375,14.774999999999999,
-15.0375,14.8125,
-15.0375,14.849999999999998,
-15.0375,14.8875,
-15.0375,14.925,
-15.0375,14.962499999999999,
-15.0375,15.0,
-15.0375,15.037499999999998,
-15.0375,15.075,
-15.0,12.45,
-15.0,12.4875,
-15.0,12.524999999999999,
-15.0,12.5625,
-15.0,12.599999999999998,
-15.0,12.6375,
-15.0,12.675,
-15.0,12.712499999999999,39.020247913541304
-15.0,12.75,39.00937965620499
-15.0,12.787499999999998,39.025326426087574
-15.0,12.825,39.03624321715225
-15.0,12.8625,39.056937255756324
-15.0,12.899999999999999,39.08711833779443
-15.0,12.9375,39.14329532513913
-15.0,12.974999999999998,39.17754101713163
-15.0,13.0125,39.21575561301718
-15.0,13.05,39.2526149360142
-15.0,13.087499999999999,39.286690336516706
-15.0,13.125,39.32474177257085
-15.0,13.162499999999998,39.35392267956254
-15.0,13.2,39.379312019417405
-15.0,13.2375,39.38900957782737
-15.0,13.274999999999999,39.41404967751728
-15.0,13.3125,39.43073967336008
-15.0,13.349999999999998,39.451907214985255
-15.0,13.3875,39.45706937384621
-15.0,13.425,39.468386335499375
-15.0,13.462499999999999,39.46843162213268
-15.0,13.5,
-15.0,13.537499999999998,
-15.0,13.575,
-15.0,13.6125,
-15.0,13.649999999999999,
-15.0,13.6875,
-15.0,13.724999999999998,
-15.0,13.7625,
-15.0,13.8,
-15.0,13.837499999999999,
-15.0,13.875,
-15.0,13.912499999999998,
-15.0,13.95,
-15.0,13.9875,
-15.0,14.024999999999999,
-15.0,14.0625,
-15.0,14.099999999999998,
-15.0,14.1375,
-15.0,14.175,
-15.0,14.212499999999999,
-15.0,14.25,
-15.0,14.287499999999998,
-15.0,14.325,
-15.0,14.3625,
-15.0,14.399999999999999,
-15.0,14.4375,
-15.0,14.474999999999998,
-15.0,14.5125,
-15.0,14.55,
-15.0,14.587499999999999,
-15.0,14.625,
-15.0,14.662499999999998,
-15.0,14.7,
-15.0,14.7375,
-15.0,14.774999999999999,
-15.0,14.8125,
-15.0,14.849999999999998,
-15.0,14.8875,
-15.0,14.925,
-15.0,14.962499999999999,
-15.0,15.0,
-15.0,15.037499999999998,
-15.0,15.075,
-14.962499999999999,12.45,
-14.962499999999999,12.4875,
-14.962499999999999,12.524999999999999,
-14.962499999999999,12.5625,
-14.962499999999999,12.599999999999998,
-14.962499999999999,12.6375,
-14.962499999999999,12.675,
-14.962499999999999,12.712499999999999,38.994353724441225
-14.962499999999999,12.75,39.00618619190535
-14.962499999999999,12.787499999999998,39.02809370035541
-14.962499999999999,12.825,39.04811129766096
-14.962499999999999,12.8625,39.05891449473873
-14.962499999999999,12.899999999999999,39.10675852616749
-14.962499999999999,12.9375,39.13871940003587
-14.962499999999999,12.974999999999998,39.17787256582551
-14.962499999999999,13.0125,39.21438485417736
-14.962499999999999,13.05,39.24945350802825
-14.962499999999999,13.087499999999999,39.2925489896354
-14.962499999999999,13.125,39.32848656572394
-14.962499999999999,13.162499999999998,39.357634229706086
-14.962499999999999,13.2,39.387348546746956
-14.962499999999999,13.2375,39.4005534245441
-14.962499999999999,13.274999999999999,39.42709701203612
-14.962499999999999,13.3125,39.4311981839694
-14.962499999999999,13.349999999999998,39.45110219272197
-14.962499999999999,13.3875,39.45757908063401
-14.962499999999999,13.425,39.465468503038394
-14.962499999999999,13.462499999999999,39.48527567498343
-14.962499999999999,13.5,
-14.962499999999999,13.537499999999998,
-14.962499999999999,13.575,
-14.962499999999999,13.6125,
-14.962499999999999,13.649999999999999,
-14.962499999999999,13.6875,
-14.962499999999999,13.724999999999998,
-14.962499999999999,13.7625,
-14.962499999999999,13.8,
-14.962499999999999,13.837499999999999,
-14.962499999999999,13.875,
-14.962499999999999,13.912499999999998,
-14.962499999999999,13.95,
-14.962499999999999,13.9875,
-14.962499999999999,14.024999999999999,
-14.962499999999999,14.0625,
-14.962499999999999,14.099999999999998,
-14.962499999999999,14.1375,
-14.962499999999999,14.175,
-14.962499999999999,14.212499999999999,
-14.962499999999999,14.25,
-14.962499999999999,14.287499999999998,
-14.962499999999999,14.325,
-14.962499999999999,14.3625,
-14.962499999999999,14.399999999999999,
-14.962499999999999,14.4375,
-14.962499999999999,14.474999999999998,
-14.962499999999999,14.5125,
-14.962499999999999,14.55,
-14.962499999999999,14.587499999999999,
-14.962499999999999,14.625,
-14.962499999999999,14.662499999999998,
-14.962499999999999,14.7,
-14.962499999999999,14.7375,
-14.962499999999999,14.774999999999999,
-14.962499999999999,14.8125,
-14.962499999999999,14.849999999999998,
-14.962499999999999,14.8875,
-14.962499999999999,14.925,
-14.962499999999999,14.962499999999999,
-14.962499999999999,15.0,
-14.962499999999999,15.037499999999998,
-14.962499999999999,15.075,
-14.925,12.45,
-14.925,12.4875,
-14.925,12.524999999999999,
-14.925,12.5625,
-14.925,12.599999999999998,
-14.925,12.6375,
-14.925,12.675,
-14.925,12.712499999999999,38.987283997469504
-14.925,12.75,39.00906113589666
-14.925,12.787499999999998,39.02262741713343
-14.925,12.825,39.042073649060804
-14.925,12.8625,39.074833380493416
-14.925,12.899999999999999,39.09483705394258
-14.925,12.9375,39.13176534970545
-14.925,12.974999999999998,39.17090212228732
-14.925,13.0125,39.21079892877518
-14.925,13.05,39.25533531627445
-14.925,13.087499999999999,39.28800568519021
-14.925,13.125,39.32754335514356
-14.925,13.162499999999998,39.36333659919342
-14.925,13.2,39.39265956988144
-14.925,13.2375,39.408380727941406
-14.925,13.274999999999999,39.430909070626136
-14.925,13.3125,39.44816482062585
-14.925,13.349999999999998,39.45030321014419
-14.925,13.3875,39.45580192943306
-14.925,13.425,39.46377195198141
-14.925,13.462499999999999,
-14.925,13.5,
-14.925,13.537499999999998,
-14.925,13.575,
-14.925,13.6125,
-14.925,13.649999999999999,
-14.925,13.6875,
-14.925,13.724999999999998,
-14.925,13.7625,
-14.925,13.8,
-14.925,13.837499999999999,
-14.925,13.875,
-14.925,13.912499999999998,
-14.925,13.95,
-14.925,13.9875,
-14.925,14.024999999999999,
-14.925,14.0625,
-14.925,14.099999999999998,
-14.925,14.1375,
-14.925,14.175,
-14.925,14.212499999999999,
-14.925,14.25,
-14.925,14.287499999999998,
-14.925,14.325,
-14.925,14.3625,
-14.925,14.399999999999999,
-14.925,14.4375,
-14.925,14.474999999999998,
-14.925,14.5125,
-14.925,14.55,
-14.925,14.587499999999999,
-14.925,14.625,
-14.925,14.662499999999998,
-14.925,14.7,
-14.925,14.7375,
-14.925,14.774999999999999,
-14.925,14.8125,
-14.925,14.849999999999998,
-14.925,14.8875,
-14.925,14.925,
-14.925,14.962499999999999,
-14.925,15.0,
-14.925,15.037499999999998,
-14.925,15.075,
-14.8875,12.45,
-14.8875,12.4875,
-14.8875,12.524999999999999,
-14.8875,12.5625,
-14.8875,12.599999999999998,
-14.8875,12.6375,
-14.8875,12.675,
-14.8875,12.712499999999999,39.02219129599882
-14.8875,12.75,39.04180336785103
-14.8875,12.787499999999998,39.05638634077513
-14.8875,12.825,39.06533609957345
-14.8875,12.8625,39.10837591095556
-14.8875,12.899999999999999,39.11470797906095
-14.8875,12.9375,39.15101717746903
-14.8875,12.974999999999998,39.1771449460573
-14.8875,13.0125,39.21365236364379
-14.8875,13.05,39.248754927505814
-14.8875,13.087499999999999,39.279999245611755
-14.8875,13.125,39.321934533480054
-14.8875,13.162499999999998,39.36266726619427
-14.8875,13.2,39.39489550000987
-14.8875,13.2375,39.41288661118819
-14.8875,13.274999999999999,39.43318860865278
-14.8875,13.3125,39.447331395777056
-14.8875,13.349999999999998,39.46105860546947
-14.8875,13.3875,39.4681397472388
-14.8875,13.425,39.47108085123209
-14.8875,13.462499999999999,
-14.8875,13.5,
-14.8875,13.537499999999998,
-14.8875,13.575,
-14.8875,13.6125,
-14.8875,13.649999999999999,
-14.8875,13.6875,
-14.8875,13.724999999999998,
-14.8875,13.7625,
-14.8875,13.8,
-14.8875,13.837499999999999,
-14.8875,13.875,
-14.8875,13.912499999999998,
-14.8875,13.95,
-14.8875,13.9875,
-14.8875,14.024999999999999,
-14.8875,14.0625,
-14.8875,14.099999999999998,
-14.8875,14.1375,
-14.8875,14.175,
-14.8875,14.212499999999999,
-14.8875,14.25,
-14.8875,14.287499999999998,
-14.8875,14.325,
-14.8875,14.3625,
-14.8875,14.399999999999999,
-14.8875,14.4375,
-14.8875,14.474999999999998,
-14.8875,14.5125,
-14.8875,14.55,
-14.8875,14.587499999999999,
-14.8875,14.625,
-14.8875,14.662499999999998,
-14.8875,14.7,
-14.8875,14.7375,
-14.8875,14.774999999999999,
-14.8875,14.8125,
-14.8875,14.849999999999998,
-14.8875,14.8875,
-14.8875,14.925,
-14.8875,14.962499999999999,
-14.8875,15.0,
-14.8875,15.037499999999998,
-14.8875,15.075,
-14.85,12.45,
-14.85,12.4875,
-14.85,12.524999999999999,
-14.85,12.5625,
-14.85,12.599999999999998,
-14.85,12.6375,
-14.85,12.675,
-14.85,12.712499999999999,39.01455530348512
-14.85,12.75,39.04180215068956
-14.85,12.787499999999998,39.05459572550912
-14.85,12.825,39.078652110313854
-14.85,12.8625,39.11036443077185
-14.85,12.899999999999999,39.116992344200284
-14.85,12.9375,39.1538465170084
-14.85,12.974999999999998,39.18930162769819
-14.85,13.0125,39.225547470323
-14.85,13.05,39.26026057968797
-14.85,13.087499999999999,39.295919244135504
-14.85,13.125,39.32680346564994
-14.85,13.162499999999998,39.36080025928186
-14.85,13.2,39.39729712566175
-14.85,13.2375,39.41732648182973
-14.85,13.274999999999999,39.43669572154455
-14.85,13.3125,39.44375687863212
-14.85,13.349999999999998,39.461736819898405
-14.85,13.3875,39.466794290578235
-14.85,13.425,39.48599044288726
-14.85,13.462499999999999,
-14.85,13.5,
-14.85,13.537499999999998,
-14.85,13.575,
-14.85,13.6125,
-14.85,13.649999999999999,
-14.85,13.6875,
-14.85,13.724999999999998,
-14.85,13.7625,
-14.85,13.8,
-14.85,13.837499999999999,
-14.85,13.875,
-14.85,13.912499999999998,
-14.85,13.95,
-14.85,13.9875,
-14.85,14.024999999999999,
-14.85,14.0625,
-14.85,14.099999999999998,
-14.85,14.1375,
-14.85,14.175,
-14.85,14.212499999999999,
-14.85,14.25,
-14.85,14.287499999999998,
-14.85,14.325,
-14.85,14.3625,
-14.85,14.399999999999999,
-14.85,14.4375,
-14.85,14.474999999999998,
-14.85,14.5125,
-14.85,14.55,
-14.85,14.587499999999999,
-14.85,14.625,
-14.85,14.662499999999998,
-14.85,14.7,
-14.85,14.7375,
-14.85,14.774999999999999,
-14.85,14.8125,
-14.85,14.849999999999998,
-14.85,14.8875,
-14.85,14.925,
-14.85,14.962499999999999,
-14.85,15.0,
-14.85,15.037499999999998,
-14.85,15.075,
-14.8125,12.45,
-14.8125,12.4875,
-14.8125,12.524999999999999,
-14.8125,12.5625,
-14.8125,12.599999999999998,
-14.8125,12.6375,
-14.8125,12.675,
-14.8125,12.712499999999999,39.01844353466024
-14.8125,12.75,39.04047590199247
-14.8125,12.787499999999998,39.06273043442447
-14.8125,12.825,39.08857094991519
-14.8125,12.8625,39.09980138328477
-14.8125,12.899999999999999,39.1259849966318
-14.8125,12.9375,39.170067491567366
-14.8125,12.974999999999998,39.19471363417001
-14.8125,13.0125,39.23014382093463
-14.8125,13.05,39.27255994364263
-14.8125,13.087499999999999,39.303026311666116
-14.8125,13.125,39.34484484725158
-14.8125,13.162499999999998,39.38263953841972
-14.8125,13.2,39.40544454287342
-14.8125,13.2375,39.421996955344945
-14.8125,13.274999999999999,39.44103469043427
-14.8125,13.3125,39.44999168457772
-14.8125,13.349999999999998,39.46040957445575
-14.8125,13.3875,39.46386709016744
-14.8125,13.425,
-14.8125,13.462499999999999,
-14.8125,13.5,
-14.8125,13.537499999999998,
-14.8125,13.575,
-14.8125,13.6125,
-14.8125,13.649999999999999,
-14.8125,13.6875,
-14.8125,13.724999999999998,
-14.8125,13.7625,39.628295743376725
-14.8125,13.8,
-14.8125,13.837499999999999,
-14.8125,13.875,
-14.8125,13.912499999999998,
-14.8125,13.95,
-14.8125,13.9875,
-14.8125,14.024999999999999,
-14.8125,14.0625,
-14.8125,14.099999999999998,
-14.8125,14.1375,
-14.8125,14.175,
-14.8125,14.212499999999999,
-14.8125,14.25,
-14.8125,14.287499999999998,
-14.8125,14.325,
-14.8125,14.3625,
-14.8125,14.399999999999999,
-14.8125,14.4375,
-14.8125,14.474999999999998,
-14.8125,14.5125,
-14.8125,14.55,
-14.8125,14.587499999999999,
-14.8125,14.625,
-14.8125,14.662499999999998,
-14.8125,14.7,
-14.8125,14.7375,
-14.8125,14.774999999999999,
-14.8125,14.8125,
-14.8125,14.849999999999998,
-14.8125,14.8875,
-14.8125,14.925,
-14.8125,14.962499999999999,
-14.8125,15.0,
-14.8125,15.037499999999998,
-14.8125,15.075,
-14.774999999999999,12.45,
-14.774999999999999,12.4875,
-14.774999999999999,12.524999999999999,
-14.774999999999999,12.5625,
-14.774999999999999,12.599999999999998,
-14.774999999999999,12.6375,
-14.774999999999999,12.675,
-14.774999999999999,12.712499999999999,39.009029013668524
-14.774999999999999,12.75,39.028129696925156
-14.774999999999999,12.787499999999998,39.05987599479278
-14.774999999999999,12.825,39.07442381089666
-14.774999999999999,12.8625,39.09491165111602
-14.774999999999999,12.899999999999999,39.13593950209277
-14.774999999999999,12.9375,39.18413338667254
-14.774999999999999,12.974999999999998,39.2209826572201
-14.774999999999999,13.0125,39.24898602717126
-14.774999999999999,13.05,39.271138952468455
-14.774999999999999,13.087499999999999,39.317136763502724
-14.774999999999999,13.125,39.35102223656835
-14.774999999999999,13.162499999999998,39.38856140168098
-14.774999999999999,13.2,39.42373323973825
-14.774999999999999,13.2375,39.438564822395925
-14.774999999999999,13.274999999999999,39.44006821770409
-14.774999999999999,13.3125,39.440878365924014
-14.774999999999999,13.349999999999998,39.463132135958126
-14.774999999999999,13.3875,39.47561306048024
-14.774999999999999,13.425,
-14.774999999999999,13.462499999999999,
-14.774999999999999,13.5,
-14.774999999999999,13.537499999999998,
-14.774999999999999,13.575,
-14.774999999999999,13.6125,
-14.774999999999999,13.649999999999999,39.570939582069805
-14.774999999999999,13.6875,39.600171897634645
-14.774999999999999,13.724999999999998,39.62157855749126
-14.774999999999999,13.7625,39.628386751178006
-14.774999999999999,13.8,39.65137444083344
-14.774999999999999,13.837499999999999,
-14.774999999999999,13.875,
-14.774999999999999,13.912499999999998,
-14.774999999999999,13.95,
-14.774999999999999,13.9875,
-14.774999999999999,14.024999999999999,
-14.774999999999999,14.0625,
-14.774999999999999,14.099999999999998,
-14.774999999999999,14.1375,
-14.774999999999999,14.175,
-14.774999999999999,14.212499999999999,
-14.774999999999999,14.25,
-14.774999999999999,14.287499999999998,
-14.774999999999999,14.325,
-14.774999999999999,14.3625,
-14.774999999999999,14.399999999999999,
-14.774999999999999,14.4375,
-14.774999999999999,14.474999999999998,
-14.774999999999999,14.5125,
-14.774999999999999,14.55,
-14.774999999999999,14.587499999999999,
-14.774999999999999,14.625,
-14.774999999999999,14.662499999999998,
-14.774999999999999,14.7,
-14.774999999999999,14.7375,
-14.774999999999999,14.774999999999999,
-14.774999999999999,14.8125,
-14.774999999999999,14.849999999999998,
-14.774999999999999,14.8875,
-14.774999999999999,14.925,
-14.774999999999999,14.962499999999999,
-14.774999999999999,15.0,
-14.774999999999999,15.037499999999998,
-14.774999999999999,15.075,
-14.7375,12.45,
-14.7375,12.4875,
-14.7375,12.524999999999999,
-14.7375,12.5625,
-14.7375,12.599999999999998,
-14.7375,12.6375,
-14.7375,12.675,
-14.7375,12.712499999999999,38.99632045908498
-14.7375,12.75,39.02988537870449
-14.7375,12.787499999999998,39.042627404420884
-14.7375,12.825,39.06667615979539
-14.7375,12.8625,39.10532175300599
-14.7375,12.899999999999999,39.133861710867556
-14.7375,12.9375,39.172812929014846
-14.7375,12.974999999999998,39.212379341490184
-14.7375,13.0125,39.25608566285641
-14.7375,13.05,39.29548140961167
-14.7375,13.087499999999999,39.326485426803806
-14.7375,13.125,39.35945138307009
-14.7375,13.162499999999998,39.395914295439844
-14.7375,13.2,39.43123324537066
-14.7375,13.2375,39.44413090985034
-14.7375,13.274999999999999,39.45179225313044
-14.7375,13.3125,39.464887270099446
-14.7375,13.349999999999998,39.4774426110668
-14.7375,13.3875,
-14.7375,13.425,
-14.7375,13.462499999999999,
-14.7375,13.5,
-14.7375,13.537499999999998,
-14.7375,13.575,
-14.7375,13.6125,
-14.7375,13.649999999999999,39.565449987293846
-14.7375,13.6875,39.60742741742011
-14.7375,13.724999999999998,39.588760751790794
-14.7375,13.7625,39.60629521740064
-14.7375,13.8,39.6247516821556
-14.7375,13.837499999999999,
-14.7375,13.875,
-14.7375,13.912499999999998,
-14.7375,13.95,
-14.7375,13.9875,
-14.7375,14.024999999999999,
-14.7375,14.0625,
-14.7375,14.099999999999998,
-14.7375,14.1375,
-14.7375,14.175,
-14.7375,14.212499999999999,
-14.7375,14.25,
-14.7375,14.287499999999998,
-14.7375,14.325,
-14.7375,14.3625,
-14.7375,14.399999999999999,
-14.7375,14.4375,
-14.7375,14.474999999999998,
-14.7375,14.5125,
-14.7375,14.55,
-14.7375,14.587499999999999,
-14.7375,14.625,
-14.7375,14.662499999999998,
-14.7375,14.7,
-14.7375,14.7375,
-14.7375,14.774999999999999,
-14.7375,14.8125,
-14.7375,14.849999999999998,
-14.7375,14.8875,
-14.7375,14.925,
-14.7375,14.962499999999999,
-14.7375,15.0,
-14.7375,15.037499999999998,
-14.7375,15.075,
-14.7,12.45,
-14.7,12.4875,
-14.7,12.524999999999999,
-14.7,12.5625,
-14.7,12.599999999999998,
-14.7,12.6375,
-14.7,12.675,
-14.7,12.712499999999999,38.98381204419552
-14.7,12.75,39.013307905629304
-14.7,12.787499999999998,39.033489916069904
-14.7,12.825,39.08023543708065
-14.7,12.8625,39.10093035223631
-14.7,12.899999999999999,39.14680305057741
-14.7,12.9375,39.17534445571743
-14.7,12.974999999999998,39.22746579918681
-14.7,13.0125,39.270053514326044
-14.7,13.05,39.30387436544836
-14.7,13.087499999999999,39.342920213068716
-14.7,13.125,39.37907460689954
-14.7,13.162499999999998,39.41225914847345
-14.7,13.2,39.4381016704589
-14.7,13.2375,39.448578440178984
-14.7,13.274999999999999,39.45632326234587
-14.7,13.3125,39.47486263486463
-14.7,13.349999999999998,39.49077657138134
-14.7,13.3875,
-14.7,13.425,
-14.7,13.462499999999999,
-14.7,13.5,
-14.7,13.537499999999998,
-14.7,13.575,
-14.7,13.6125,
-14.7,13.649999999999999,39.57471136662009
-14.7,13.6875,39.60265504732579
-14.7,13.724999999999998,39.61343053555405
-14.7,13.7625,39.620627566212534
-14.7,13.8,39.62985049496988
-14.7,13.837499999999999,39.64025132745028
-14.7,13.875,
-14.7,13.912499999999998,
-14.7,13.95,
-14.7,13.9875,
-14.7,14.024999999999999,
-14.7,14.0625,
-14.7,14.099999999999998,
-14.7,14.1375,
-14.7,14.175,
-14.7,14.212499999999999,
-14.7,14.25,
-14.7,14.287499999999998,
-14.7,14.325,
-14.7,14.3625,
-14.7,14.399999999999999,
-14.7,14.4375,
-14.7,14.474999999999998,
-14.7,14.5125,
-14.7,14.55,
-14.7,14.587499999999999,
-14.7,14.625,
-14.7,14.662499999999998,
-14.7,14.7,
-14.7,14.7375,
-14.7,14.774999999999999,
-14.7,14.8125,
-14.7,14.849999999999998,
-14.7,14.8875,
-14.7,14.925,
-14.7,14.962499999999999,
-14.7,15.0,
-14.7,15.037499999999998,
-14.7,15.075,
-14.6625,12.45,
-14.6625,12.4875,
-14.6625,12.524999999999999,
-14.6625,12.5625,
-14.6625,12.599999999999998,
-14.6625,12.6375,
-14.6625,12.675,
-14.6625,12.712499999999999,38.99642609893296
-14.6625,12.75,39.01995880460152
-14.6625,12.787499999999998,39.03935982486294
-14.6625,12.825,39.080545134892766
-14.6625,12.8625,39.0996256059639
-14.6625,12.899999999999999,39.15466899912591
-14.6625,12.9375,39.17566055684136
-14.6625,12.974999999999998,39.217593696861385
-14.6625,13.0125,39.26603492701644
-14.6625,13.05,39.31091678935601
-14.6625,13.087499999999999,39.3417233380185
-14.6625,13.125,39.38468312806681
-14.6625,13.162499999999998,39.42365094251286
-14.6625,13.2,39.44853487062433
-14.6625,13.2375,39.46185106451887
-14.6625,13.274999999999999,39.48357833551396
-14.6625,13.3125,39.486684200273295
-14.6625,13.349999999999998,
-14.6625,13.3875,
-14.6625,13.425,
-14.6625,13.462499999999999,
-14.6625,13.5,
-14.6625,13.537499999999998,
-14.6625,13.575,
-14.6625,13.6125,
-14.6625,13.649999999999999,39.57782876285175
-14.6625,13.6875,39.606865797673336
-14.6625,13.724999999999998,39.61732280251088
-14.6625,13.7625,39.624698776059994
-14.6625,13.8,39.63654173922247
-14.6625,13.837499999999999,39.643624326064085
-14.6625,13.875,39.65192716270674
-14.6625,13.912499999999998,
-14.6625,13.95,
-14.6625,13.9875,
-14.6625,14.024999999999999,
-14.6625,14.0625,
-14.6625,14.099999999999998,
-14.6625,14.1375,
-14.6625,14.175,
-14.6625,14.212499999999999,
-14.6625,14.25,
-14.6625,14.287499999999998,
-14.6625,14.325,
-14.6625,14.3625,
-14.6625,14.399999999999999,
-14.6625,14.4375,
-14.6625,14.474999999999998,
-14.6625,14.5125,
-14.6625,14.55,
-14.6625,14.587499999999999,
-14.6625,14.625,
-14.6625,14.662499999999998,
-14.6625,14.7,
-14.6625,14.7375,
-14.6625,14.774999999999999,
-14.6625,14.8125,
-14.6625,14.849999999999998,
-14.6625,14.8875,
-14.6625,14.925,
-14.6625,14.962499999999999,
-14.6625,15.0,
-14.6625,15.037499999999998,
-14.6625,15.075,
-14.625,12.45,
-14.625,12.4875,
-14.625,12.524999999999999,
-14.625,12.5625,
-14.625,12.599999999999998,
-14.625,12.6375,
-14.625,12.675,
-14.625,12.712499999999999,38.986362529031595
-14.625,12.75,39.00428839375281
-14.625,12.787499999999998,39.04698269316286
-14.625,12.825,39.077401554042765
-14.625,12.8625,39.101324174672285
-14.625,12.899999999999999,39.1592039917265
-14.625,12.9375,39.19642026704687
-14.625,12.974999999999998,39.23046363203286
-14.625,13.0125,39.27061981494044
-14.625,13.05,39.31747270191676
-14.625,13.087499999999999,39.35945441927243
-14.625,13.125,39.400195068160194
-14.625,13.162499999999998,39.43669196430316
-14.625,13.2,39.46359901175869
-14.625,13.2375,39.47894857715141
-14.625,13.274999999999999,39.49453337293459
-14.625,13.3125,39.509306470214284
-14.625,13.349999999999998,
-14.625,13.3875,
-14.625,13.425,
-14.625,13.462499999999999,
-14.625,13.5,
-14.625,13.537499999999998,
-14.625,13.575,
-14.625,13.6125,
-14.625,13.649999999999999,
-14.625,13.6875,39.61412799287489
-14.625,13.724999999999998,39.623639204073804
-14.625,13.7625,39.631154073827744
-14.625,13.8,39.658933157676344
-14.625,13.837499999999999,39.66003475258775
-14.625,13.875,39.667812836311015
-14.625,13.912499999999998,39.67744420544562
-14.625,13.95,
-14.625,13.9875,
-14.625,14.024999999999999,
-14.625,14.0625,
-14.625,14.099999999999998,
-14.625,14.1375,
-14.625,14.175,
-14.625,14.212499999999999,
-14.625,14.25,
-14.625,14.287499999999998,39.89293632147317
-14.625,14.325,39.941476388061226
-14.625,14.3625,39.956855858249725
-14.625,14.399999999999999,39.96498340566306
-14.625,14.4375,39.97256891700848
-14.625,14.474999999999998,39.986696927284115
-14.625,14.5125,39.99407405863894
-14.625,14.55,39.99682880614083
-14.625,14.587499999999999,
-14.625,14.625,
-14.625,14.662499999999998,
-14.625,14.7,
-14.625,14.7375,
-14.625,14.774999999999999,
-14.625,14.8125,
-14.625,14.849999999999998,
-14.625,14.8875,
-14.625,14.925,
-14.625,14.962499999999999,
-14.625,15.0,
-14.625,15.037499999999998,
-14.625,15.075,
-14.587499999999999,12.45,
-14.587499999999999,12.4875,
-14.587499999999999,12.524999999999999,
-14.587499999999999,12.5625,
-14.587499999999999,12.599999999999998,
-14.587499999999999,12.6375,
-14.587499999999999,12.675,
-14.587499999999999,12.712499999999999,38.98394921034184
-14.587499999999999,12.75,38.99007528354901
-14.587499999999999,12.787499999999998,39.02981574285797
-14.587499999999999,12.825,39.058474151349074
-14.587499999999999,12.8625,39.085457482484266
-14.587499999999999,12.899999999999999,39.1405736920177
-14.587499999999999,12.9375,39.183756170968685
-14.587499999999999,12.974999999999998,39.21610278026834
-14.587499999999999,13.0125,39.25183331590168
-14.587499999999999,13.05,39.306356465026965
-14.587499999999999,13.087499999999999,39.34409889744209
-14.587499999999999,13.125,39.38527109375098
-14.587499999999999,13.162499999999998,39.42390785390412
-14.587499999999999,13.2,39.45394735119456
-14.587499999999999,13.2375,39.46809466720615
-14.587499999999999,13.274999999999999,39.48770494278772
-14.587499999999999,13.3125,39.50228747540608
-14.587499999999999,13.349999999999998,
-14.587499999999999,13.3875,
-14.587499999999999,13.425,
-14.587499999999999,13.462499999999999,
-14.587499999999999,13.5,
-14.587499999999999,13.537499999999998,
-14.587499999999999,13.575,
-14.587499999999999,13.6125,
-14.587499999999999,13.649999999999999,
-14.587499999999999,13.6875,39.621099083090265
-14.587499999999999,13.724999999999998,39.63502385962239
-14.587499999999999,13.7625,39.64536995001877
-14.587499999999999,13.8,39.660491512035314
-14.587499999999999,13.837499999999999,39.669581290824475
-14.587499999999999,13.875,39.67388729690929
-14.587499999999999,13.912499999999998,39.686099541524484
-14.587499999999999,13.95,39.696673262686
-14.587499999999999,13.9875,39.69287827539286
-14.587499999999999,14.024999999999999,
-14.587499999999999,14.0625,39.72034134601941
-14.587499999999999,14.099999999999998,39.75604840212022
-14.587499999999999,14.1375,
-14.587499999999999,14.175,39.807965247195916
-14.587499999999999,14.212499999999999,39.837505732692016
-14.587499999999999,14.25,39.86467603000506
-14.587499999999999,14.287499999999998,39.89410511825997
-14.587499999999999,14.325,39.92774275451632
-14.587499999999999,14.3625,39.95695116957802
-14.587499999999999,14.399999999999999,39.96225440204967
-14.587499999999999,14.4375,39.980456793784846
-14.587499999999999,14.474999999999998,39.98211838929959
-14.587499999999999,14.5125,39.996146720637945
-14.587499999999999,14.55,40.00285266549672
-14.587499999999999,14.587499999999999,
-14.587499999999999,14.625,
-14.587499999999999,14.662499999999998,
-14.587499999999999,14.7,
-14.587499999999999,14.7375,
-14.587499999999999,14.774999999999999,
-14.587499999999999,14.8125,
-14.587499999999999,14.849999999999998,
-14.587499999999999,14.8875,
-14.587499999999999,14.925,
-14.587499999999999,14.962499999999999,
-14.587499999999999,15.0,
-14.587499999999999,15.037499999999998,
-14.587499999999999,15.075,
-14.55,12.45,
-14.55,12.4875,
-14.55,12.524999999999999,
-14.55,12.5625,
-14.55,12.599999999999998,
-14.55,12.6375,
-14.55,12.675,
-14.55,12.712499999999999,38.96987098871107
-14.55,12.75,38.9820621433033
-14.55,12.787499999999998,39.01274062227039
-14.55,12.825,39.04702053105464
-14.55,12.8625,39.06926350165769
-14.55,12.899999999999999,39.12279327418692
-14.55,12.9375,39.16568685710053
-14.55,12.974999999999998,39.19755540462808
-14.55,13.0125,39.247337824512535
-14.55,13.05,39.27626102472733
-14.55,13.087499999999999,39.347007003905894
-14.55,13.125,39.38171360416068
-14.55,13.162499999999998,39.417277293189564
-14.55,13.2,39.454148000303576
-14.55,13.2375,39.47241896925346
-14.55,13.274999999999999,39.48598290834696
-14.55,13.3125,39.498398289622486
-14.55,13.349999999999998,
-14.55,13.3875,
-14.55,13.425,
-14.55,13.462499999999999,
-14.55,13.5,
-14.55,13.537499999999998,
-14.55,13.575,
-14.55,13.6125,
-14.55,13.649999999999999,39.63501954296243
-14.55,13.6875,39.634035323105124
-14.55,13.724999999999998,39.62874860894596
-14.55,13.7625,39.649364925650545
-14.55,13.8,39.659215325431624
-14.55,13.837499999999999,39.67159709669097
-14.55,13.875,39.67673877618257
-14.55,13.912499999999998,39.678658749658034
-14.55,13.95,39.683914099542626
-14.55,13.9875,39.690447006721676
-14.55,14.024999999999999,39.70889757773022
-14.55,14.0625,39.732638917395626
-14.55,14.099999999999998,39.75451057525437
-14.55,14.1375,39.781971690902886
-14.55,14.175,39.80980986113103
-14.55,14.212499999999999,39.838492362663054
-14.55,14.25,39.86740538445675
-14.55,14.287499999999998,39.9064194949053
-14.55,14.325,39.935271772392824
-14.55,14.3625,39.96104081144709
-14.55,14.399999999999999,39.9626362988136
-14.55,14.4375,39.96991717436731
-14.55,14.474999999999998,39.98307538438767
-14.55,14.5125,39.99043000246932
-14.55,14.55,40.00241054457688
-14.55,14.587499999999999,
-14.55,14.625,
-14.55,14.662499999999998,
-14.55,14.7,
-14.55,14.7375,
-14.55,14.774999999999999,
-14.55,14.8125,
-14.55,14.849999999999998,
-14.55,14.8875,
-14.55,14.925,
-14.55,14.962499999999999,
-14.55,15.0,
-14.55,15.037499999999998,
-14.55,15.075,
-14.5125,12.45,
-14.5125,12.4875,
-14.5125,12.524999999999999,
-14.5125,12.5625,
-14.5125,12.599999999999998,
-14.5125,12.6375,
-14.5125,12.675,
-14.5125,12.712499999999999,38.95396739420387
-14.5125,12.75,38.97964222544512
-14.5125,12.787499999999998,39.006692490932245
-14.5125,12.825,39.04168365262362
-14.5125,12.8625,39.06437423765116
-14.5125,12.899999999999999,39.11531078048529
-14.5125,12.9375,39.16073973368261
-14.5125,12.974999999999998,39.20416658512822
-14.5125,13.0125,39.24831554127365
-14.5125,13.05,39.273609309947126
-14.5125,13.087499999999999,39.32604698037585
-14.5125,13.125,39.37290726400515
-14.5125,13.162499999999998,39.410049974201925
-14.5125,13.2,39.44348971434651
-14.5125,13.2375,39.45985467925023
-14.5125,13.274999999999999,39.467804784040204
-14.5125,13.3125,
-14.5125,13.349999999999998,
-14.5125,13.3875,
-14.5125,13.425,
-14.5125,13.462499999999999,
-14.5125,13.5,
-14.5125,13.537499999999998,
-14.5125,13.575,
-14.5125,13.6125,
-14.5125,13.649999999999999,39.63766443297752
-14.5125,13.6875,39.64045279107223
-14.5125,13.724999999999998,39.64801516652055
-14.5125,13.7625,39.64948207221137
-14.5125,13.8,39.65693608385052
-14.5125,13.837499999999999,39.66947402088833
-14.5125,13.875,39.67988438087801
-14.5125,13.912499999999998,39.687792476192804
-14.5125,13.95,39.69748605524456
-14.5125,13.9875,39.69456233169112
-14.5125,14.024999999999999,39.72061104420542
-14.5125,14.0625,39.72663422276142
-14.5125,14.099999999999998,39.749570245754995
-14.5125,14.1375,39.77588009581167
-14.5125,14.175,39.807635358095375
-14.5125,14.212499999999999,39.839582178235304
-14.5125,14.25,39.882559467000036
-14.5125,14.287499999999998,39.90753246695662
-14.5125,14.325,39.930996211010985
-14.5125,14.3625,39.95963276422711
-14.5125,14.399999999999999,39.96790611100823
-14.5125,14.4375,39.9633949113959
-14.5125,14.474999999999998,39.97769585505689
-14.5125,14.5125,39.991971764773794
-14.5125,14.55,40.030470615239345
-14.5125,14.587499999999999,
-14.5125,14.625,
-14.5125,14.662499999999998,
-14.5125,14.7,
-14.5125,14.7375,
-14.5125,14.774999999999999,
-14.5125,14.8125,
-14.5125,14.849999999999998,
-14.5125,14.8875,
-14.5125,14.925,
-14.5125,14.962499999999999,
-14.5125,15.0,
-14.5125,15.037499999999998,
-14.5125,15.075,
-14.475,12.45,
-14.475,12.4875,
-14.475,12.524999999999999,
-14.475,12.5625,
-14.475,12.599999999999998,
-14.475,12.6375,
-14.475,12.675,
-14.475,12.712499999999999,38.94261102280416
-14.475,12.75,38.97469145246544
-14.475,12.787499999999998,38.99666603465982
-14.475,12.825,39.02674063268542
-14.475,12.8625,39.06174587933995
-14.475,12.899999999999999,39.09802888173483
-14.475,12.9375,39.14767429605947
-14.475,12.974999999999998,39.18234591108277
-14.475,13.0125,39.22429731063578
-14.475,13.05,39.27043824259337
-14.475,13.087499999999999,39.31465508497352
-14.475,13.125,39.35184738333291
-14.475,13.162499999999998,39.3929551594633
-14.475,13.2,39.42881514547667
-14.475,13.2375,39.44314042176168
-14.475,13.274999999999999,39.45352604844378
-14.475,13.3125,
-14.475,13.349999999999998,
-14.475,13.3875,
-14.475,13.425,
-14.475,13.462499999999999,
-14.475,13.5,
-14.475,13.537499999999998,
-14.475,13.575,
-14.475,13.6125,39.608833290985075
-14.475,13.649999999999999,39.63145162175682
-14.475,13.6875,39.64953451688067
-14.475,13.724999999999998,39.66219907132518
-14.475,13.7625,39.65689564656182
-14.475,13.8,39.66628979989956
-14.475,13.837499999999999,39.669608178960864
-14.475,13.875,39.68067417533928
-14.475,13.912499999999998,39.69171879672491
-14.475,13.95,39.70130281916609
-14.475,13.9875,39.70167964469883
-14.475,14.024999999999999,39.72891698736117
-14.475,14.0625,39.73937973740912
-14.475,14.099999999999998,39.76008224352959
-14.475,14.1375,39.78589328440744
-14.475,14.175,39.80995118397521
-14.475,14.212499999999999,39.84481958539812
-14.475,14.25,39.88568016413729
-14.475,14.287499999999998,39.91046507915774
-14.475,14.325,39.93321709543188
-14.475,14.3625,39.94648523523124
-14.475,14.399999999999999,39.96455989384587
-14.475,14.4375,39.96523300523562
-14.475,14.474999999999998,39.98016875963474
-14.475,14.5125,40.017745679803234
-14.475,14.55,40.02853954961733
-14.475,14.587499999999999,40.033370202843564
-14.475,14.625,
-14.475,14.662499999999998,
-14.475,14.7,
-14.475,14.7375,
-14.475,14.774999999999999,
-14.475,14.8125,
-14.475,14.849999999999998,
-14.475,14.8875,
-14.475,14.925,
-14.475,14.962499999999999,
-14.475,15.0,
-14.475,15.037499999999998,
-14.475,15.075,
-14.4375,12.45,
-14.4375,12.4875,
-14.4375,12.524999999999999,
-14.4375,12.5625,
-14.4375,12.599999999999998,
-14.4375,12.6375,
-14.4375,12.675,
-14.4375,12.712499999999999,38.92782178350533
-14.4375,12.75,38.959790808134194
-14.4375,12.787499999999998,38.991675627140474
-14.4375,12.825,39.020134654772214
-14.4375,12.8625,39.05815033965511
-14.4375,12.899999999999999,39.089543776303294
-14.4375,12.9375,39.1345451343877
-14.4375,12.974999999999998,39.17015613539004
-14.4375,13.0125,39.22071990663478
-14.4375,13.05,39.252781053997275
-14.4375,13.087499999999999,39.30538370514276
-14.4375,13.125,39.33977762741585
-14.4375,13.162499999999998,39.37674944839171
-14.4375,13.2,39.410950824938304
-14.4375,13.2375,39.42476837523615
-14.4375,13.274999999999999,
-14.4375,13.3125,
-14.4375,13.349999999999998,
-14.4375,13.3875,
-14.4375,13.425,
-14.4375,13.462499999999999,
-14.4375,13.5,
-14.4375,13.537499999999998,39.54916456254943
-14.4375,13.575,39.58135482605291
-14.4375,13.6125,39.61687782384127
-14.4375,13.649999999999999,39.63388635560221
-14.4375,13.6875,39.6464681862531
-14.4375,13.724999999999998,39.66340215838447
-14.4375,13.7625,39.666469470157566
-14.4375,13.8,39.66934306406061
-14.4375,13.837499999999999,39.67632590669931
-14.4375,13.875,39.6855278002654
-14.4375,13.912499999999998,39.694464179050115
-14.4375,13.95,39.70395574138403
-14.4375,13.9875,39.70426825851318
-14.4375,14.024999999999999,39.73054579333544
-14.4375,14.0625,39.7441209793413
-14.4375,14.099999999999998,39.76124228749807
-14.4375,14.1375,39.79048798002736
-14.4375,14.175,39.818198449999265
-14.4375,14.212499999999999,39.8429984887607
-14.4375,14.25,39.88546807819586
-14.4375,14.287499999999998,39.910673518461756
-14.4375,14.325,39.93116378622944
-14.4375,14.3625,39.94594302322495
-14.4375,14.399999999999999,39.959926405905826
-14.4375,14.4375,39.96984004021109
-14.4375,14.474999999999998,40.017227005315185
-14.4375,14.5125,40.02210592802759
-14.4375,14.55,40.029909110444436
-14.4375,14.587499999999999,40.04095357090192
-14.4375,14.625,
-14.4375,14.662499999999998,
-14.4375,14.7,
-14.4375,14.7375,
-14.4375,14.774999999999999,
-14.4375,14.8125,
-14.4375,14.849999999999998,
-14.4375,14.8875,
-14.4375,14.925,
-14.4375,14.962499999999999,
-14.4375,15.0,
-14.4375,15.037499999999998,
-14.4375,15.075,
-14.399999999999999,12.45,
-14.399999999999999,12.4875,
-14.399999999999999,12.524999999999999,
-14.399999999999999,12.5625,
-14.399999999999999,12.599999999999998,
-14.399999999999999,12.6375,
-14.399999999999999,12.675,
-14.399999999999999,12.712499999999999,38.92748627707275
-14.399999999999999,12.75,38.95681282796921
-14.399999999999999,12.787499999999998,38.98199908636153
-14.399999999999999,12.825,39.01691499760721
-14.399999999999999,12.8625,39.05228246430538
-14.399999999999999,12.899999999999999,39.08866636844224
-14.399999999999999,12.9375,39.121718434835095
-14.399999999999999,12.974999999999998,39.16511650279984
-14.399999999999999,13.0125,39.19859164793775
-14.399999999999999,13.05,39.24030591369937
-14.399999999999999,13.087499999999999,39.277706543588664
-14.399999999999999,13.125,39.3252329691999
-14.399999999999999,13.162499999999998,39.382372749746004
-14.399999999999999,13.2,39.416533457956106
-14.399999999999999,13.2375,39.429379130352196
-14.399999999999999,13.274999999999999,
-14.399999999999999,13.3125,
-14.399999999999999,13.349999999999998,
-14.399999999999999,13.3875,
-14.399999999999999,13.425,
-14.399999999999999,13.462499999999999,
-14.399999999999999,13.5,39.57176730811508
-14.399999999999999,13.537499999999998,39.57018508607872
-14.399999999999999,13.575,39.58127841502654
-14.399999999999999,13.6125,39.60786612615481
-14.399999999999999,13.649999999999999,39.63352434215436
-14.399999999999999,13.6875,39.650662999804034
-14.399999999999999,13.724999999999998,39.66520049839116
-14.399999999999999,13.7625,39.69418542308854
-14.399999999999999,13.8,39.69440061262244
-14.399999999999999,13.837499999999999,39.68428550541675
-14.399999999999999,13.875,39.68843900048646
-14.399999999999999,13.912499999999998,39.69441528448205
-14.399999999999999,13.95,39.70652208007335
-14.399999999999999,13.9875,39.70793746007625
-14.399999999999999,14.024999999999999,39.72975591871419
-14.399999999999999,14.0625,39.74934408746127
-14.399999999999999,14.099999999999998,39.766148658653734
-14.399999999999999,14.1375,39.7944208790367
-14.399999999999999,14.175,39.82116725820573
-14.399999999999999,14.212499999999999,39.857651680392244
-14.399999999999999,14.25,39.88572988041255
-14.399999999999999,14.287499999999998,39.90823514405023
-14.399999999999999,14.325,39.92630577461316
-14.399999999999999,14.3625,39.93770232709176
-14.399999999999999,14.399999999999999,39.954667465912934
-14.399999999999999,14.4375,40.009712007867655
-14.399999999999999,14.474999999999998,40.02367098403275
-14.399999999999999,14.5125,40.04006506262281
-14.399999999999999,14.55,40.04917624835642
-14.399999999999999,14.587499999999999,40.06190997782507
-14.399999999999999,14.625,
-14.399999999999999,14.662499999999998,
-14.399999999999999,14.7,
-14.399999999999999,14.7375,
-14.399999999999999,14.774999999999999,
-14.399999999999999,14.8125,
-14.399999999999999,14.849999999999998,
-14.399999999999999,14.8875,
-14.399999999999999,14.925,
-14.399999999999999,14.962499999999999,
-14.399999999999999,15.0,
-14.399999999999999,15.037499999999998,
-14.399999999999999,15.075,
-14.3625,12.45,
-14.3625,12.4875,
-14.3625,12.524999999999999,
-14.3625,12.5625,
-14.3625,12.599999999999998,
-14.3625,12.6375,
-14.3625,12.675,
-14.3625,12.712499999999999,38.94798921994288
-14.3625,12.75,38.97428947761467
-14.3625,12.787499999999998,38.98704158371341
-14.3625,12.825,39.02360656079347
-14.3625,12.8625,39.05373147938163
-14.3625,12.899999999999999,39.09716171765063
-14.3625,12.9375,39.13400285542343
-14.3625,12.974999999999998,39.17526920310229
-14.3625,13.0125,39.21041383702265
-14.3625,13.05,39.25431922704269
-14.3625,13.087499999999999,39.28816528131096
-14.3625,13.125,39.33674228079671
-14.3625,13.162499999999998,39.37514906670204
-14.3625,13.2,39.40971540627963
-14.3625,13.2375,
-14.3625,13.274999999999999,
-14.3625,13.3125,
-14.3625,13.349999999999998,
-14.3625,13.3875,
-14.3625,13.425,
-14.3625,13.462499999999999,
-14.3625,13.5,39.57831768411902
-14.3625,13.537499999999998,39.57414123919886
-14.3625,13.575,39.586243951904684
-14.3625,13.6125,39.6128693054596
-14.3625,13.649999999999999,39.63885508864985
-14.3625,13.6875,39.66223317028669
-14.3625,13.724999999999998,39.67702008602341
-14.3625,13.7625,39.690548381651084
-14.3625,13.8,39.695673216839594
-14.3625,13.837499999999999,39.70292596629938
-14.3625,13.875,39.71335202589263
-14.3625,13.912499999999998,39.72074480854381
-14.3625,13.95,39.730376184711226
-14.3625,13.9875,39.73336042839541
-14.3625,14.024999999999999,39.74635882694093
-14.3625,14.0625,39.765121964875625
-14.3625,14.099999999999998,39.78770364626371
-14.3625,14.1375,39.81062949220392
-14.3625,14.175,39.838102715072864
-14.3625,14.212499999999999,39.87646003875063
-14.3625,14.25,39.90030760470895
-14.3625,14.287499999999998,39.92325798142945
-14.3625,14.325,39.93937960973863
-14.3625,14.3625,39.9776160111061
-14.3625,14.399999999999999,39.98252610018082
-14.3625,14.4375,40.01226763274064
-14.3625,14.474999999999998,40.03360035210696
-14.3625,14.5125,40.04400035270387
-14.3625,14.55,40.055227101896044
-14.3625,14.587499999999999,40.06710790436411
-14.3625,14.625,
-14.3625,14.662499999999998,
-14.3625,14.7,
-14.3625,14.7375,
-14.3625,14.774999999999999,
-14.3625,14.8125,
-14.3625,14.849999999999998,
-14.3625,14.8875,
-14.3625,14.925,
-14.3625,14.962499999999999,
-14.3625,15.0,
-14.3625,15.037499999999998,
-14.3625,15.075,
-14.325,12.45,
-14.325,12.4875,
-14.325,12.524999999999999,
-14.325,12.5625,
-14.325,12.599999999999998,
-14.325,12.6375,
-14.325,12.675,
-14.325,12.712499999999999,38.92789095671506
-14.325,12.75,38.96822211419076
-14.325,12.787499999999998,38.986135416349406
-14.325,12.825,39.02599637175942
-14.325,12.8625,39.05918912683414
-14.325,12.899999999999999,39.09419736523011
-14.325,12.9375,39.136398710986576
-14.325,12.974999999999998,39.17856722647871
-14.325,13.0125,39.21734476477873
-14.325,13.05,39.253204780323195
-14.325,13.087499999999999,39.29156984607037
-14.325,13.125,39.32674462271848
-14.325,13.162499999999998,39.35632327250492
-14.325,13.2,39.391349937475255
-14.325,13.2375,
-14.325,13.274999999999999,
-14.325,13.3125,
-14.325,13.349999999999998,
-14.325,13.3875,
-14.325,13.425,
-14.325,13.462499999999999,39.54759071485276
-14.325,13.5,39.56174410948083
-14.325,13.537499999999998,39.57045485103759
-14.325,13.575,39.59012255831059
-14.325,13.6125,39.601854620467655
-14.325,13.649999999999999,39.63946805521424
-14.325,13.6875,39.65137718059948
-14.325,13.724999999999998,39.66818034053105
-14.325,13.7625,39.684339596502255
-14.325,13.8,39.69493071980326
-14.325,13.837499999999999,39.70543905839392
-14.325,13.875,39.71472708965495
-14.325,13.912499999999998,39.728175844571055
-14.325,13.95,39.73246199886618
-14.325,13.9875,39.74298901983264
-14.325,14.024999999999999,39.75497173455976
-14.325,14.0625,39.7669464636209
-14.325,14.099999999999998,39.78915940177039
-14.325,14.1375,39.810968585973875
-14.325,14.175,39.83602625893119
-14.325,14.212499999999999,39.87682359641735
-14.325,14.25,39.89613034412479
-14.325,14.287499999999998,39.942774807206824
-14.325,14.325,39.96045399916734
-14.325,14.3625,39.973661579741794
-14.325,14.399999999999999,39.97798768679947
-14.325,14.4375,40.02080219477046
-14.325,14.474999999999998,40.03430907592633
-14.325,14.5125,40.048255653138646
-14.325,14.55,40.06134451233884
-14.325,14.587499999999999,40.07518015016446
-14.325,14.625,
-14.325,14.662499999999998,
-14.325,14.7,
-14.325,14.7375,
-14.325,14.774999999999999,
-14.325,14.8125,
-14.325,14.849999999999998,
-14.325,14.8875,
-14.325,14.925,
-14.325,14.962499999999999,
-14.325,15.0,
-14.325,15.037499999999998,
-14.325,15.075,
-14.2875,12.45,
-14.2875,12.4875,
-14.2875,12.524999999999999,
-14.2875,12.5625,
-14.2875,12.599999999999998,
-14.2875,12.6375,
-14.2875,12.675,
-14.2875,12.712499999999999,38.92494314984688
-14.2875,12.75,38.948369190703396
-14.2875,12.787499999999998,38.9744334010203
-14.2875,12.825,39.0109842447184
-14.2875,12.8625,39.06324917980545
-14.2875,12.899999999999999,39.10634301882684
-14.2875,12.9375,39.13171513078223
-14.2875,12.974999999999998,39.15052579919202
-14.2875,13.0125,39.19925463480892
-14.2875,13.05,39.22877541273662
-14.2875,13.087499999999999,39.27050847417362
-14.2875,13.125,39.32197659458455
-14.2875,13.162499999999998,39.35183306915895
-14.2875,13.2,39.37114828997578
-14.2875,13.2375,
-14.2875,13.274999999999999,
-14.2875,13.3125,
-14.2875,13.349999999999998,
-14.2875,13.3875,
-14.2875,13.425,
-14.2875,13.462499999999999,
-14.2875,13.5,39.55601882120187
-14.2875,13.537499999999998,39.56964611140406
-14.2875,13.575,39.596881046230074
-14.2875,13.6125,39.598108547807094
-14.2875,13.649999999999999,39.622874495389524
-14.2875,13.6875,39.64556106170566
-14.2875,13.724999999999998,39.68168130515421
-14.2875,13.7625,39.686451602471394
-14.2875,13.8,39.69705210434244
-14.2875,13.837499999999999,39.70183425669185
-14.2875,13.875,39.716284412313954
-14.2875,13.912499999999998,39.727810919235175
-14.2875,13.95,39.73647234408198
-14.2875,13.9875,39.750401433372886
-14.2875,14.024999999999999,39.75784403919494
-14.2875,14.0625,39.767344413859675
-14.2875,14.099999999999998,39.78794971542463
-14.2875,14.1375,39.80953226213722
-14.2875,14.175,39.832591612561245
-14.2875,14.212499999999999,39.89748335804732
-14.2875,14.25,39.91938732487612
-14.2875,14.287499999999998,39.93615461186775
-14.2875,14.325,39.95330748941394
-14.2875,14.3625,39.967226457764475
-14.2875,14.399999999999999,39.98294331569341
-14.2875,14.4375,40.016445023656736
-14.2875,14.474999999999998,40.033724150893796
-14.2875,14.5125,40.05004998550476
-14.2875,14.55,40.065942449702916
-14.2875,14.587499999999999,
-14.2875,14.625,
-14.2875,14.662499999999998,
-14.2875,14.7,
-14.2875,14.7375,
-14.2875,14.774999999999999,
-14.2875,14.8125,
-14.2875,14.849999999999998,
-14.2875,14.8875,
-14.2875,14.925,
-14.2875,14.962499999999999,
-14.2875,15.0,
-14.2875,15.037499999999998,
-14.2875,15.075,
-14.25,12.45,
-14.25,12.4875,
-14.25,12.524999999999999,
-14.25,12.5625,
-14.25,12.599999999999998,
-14.25,12.6375,
-14.25,12.675,
-14.25,12.712499999999999,38.9238020710535
-14.25,12.75,38.96428077739697
-14.25,12.787499999999998,38.969697185011455
-14.25,12.825,38.998715332909796
-14.25,12.8625,39.043571942178296
-14.25,12.899999999999999,39.092293156993726
-14.25,12.9375,39.11142852856046
-14.25,12.974999999999998,39.14564332029222
-14.25,13.0125,39.18097777061032
-14.25,13.05,39.218449938470165
-14.25,13.087499999999999,39.24145528586994
-14.25,13.125,39.3080323433958
-14.25,13.162499999999998,39.35008440309002
-14.25,13.2,39.37178623312979
-14.25,13.2375,
-14.25,13.274999999999999,
-14.25,13.3125,
-14.25,13.349999999999998,
-14.25,13.3875,
-14.25,13.425,
-14.25,13.462499999999999,
-14.25,13.5,39.546385147
-14.25,13.537499999999998,39.56991173254557
-14.25,13.575,39.59346574205423
-14.25,13.6125,39.60292491136151
-14.25,13.649999999999999,39.61319546199149
-14.25,13.6875,39.65253785344964
-14.25,13.724999999999998,39.66526923208923
-14.25,13.7625,39.689009893607455
-14.25,13.8,39.69987950593684
-14.25,13.837499999999999,39.70710828175626
-14.25,13.875,39.717013089952545
-14.25,13.912499999999998,39.730041272268316
-14.25,13.95,39.74006809792498
-14.25,13.9875,39.75036662935354
-14.25,14.024999999999999,39.75893691351538
-14.25,14.0625,39.767152432653695
-14.25,14.099999999999998,39.792037346693924
-14.25,14.1375,39.83398708608978
-14.25,14.175,39.86877561409453
-14.25,14.212499999999999,39.894383819019936
-14.25,14.25,39.91790233985002
-14.25,14.287499999999998,39.93209157573935
-14.25,14.325,39.95091921327629
-14.25,14.3625,39.98758526306507
-14.25,14.399999999999999,40.01116944978121
-14.25,14.4375,40.021114714860595
-14.25,14.474999999999998,40.038116929951
-14.25,14.5125,40.05567502274285
-14.25,14.55,40.07228880270452
-14.25,14.587499999999999,
-14.25,14.625,
-14.25,14.662499999999998,
-14.25,14.7,
-14.25,14.7375,
-14.25,14.774999999999999,
-14.25,14.8125,
-14.25,14.849999999999998,
-14.25,14.8875,
-14.25,14.925,
-14.25,14.962499999999999,
-14.25,15.0,
-14.25,15.037499999999998,
-14.25,15.075,
-14.212499999999999,12.45,
-14.212499999999999,12.4875,
-14.212499999999999,12.524999999999999,
-14.212499999999999,12.5625,
-14.212499999999999,12.599999999999998,
-14.212499999999999,12.6375,
-14.212499999999999,12.675,
-14.212499999999999,12.712499999999999,38.92419856506316
-14.212499999999999,12.75,38.971491542029604
-14.212499999999999,12.787499999999998,39.00290246998358
-14.212499999999999,12.825,39.009258581583154
-14.212499999999999,12.8625,39.04408310828197
-14.212499999999999,12.899999999999999,39.10010338193157
-14.212499999999999,12.9375,39.11935683823098
-14.212499999999999,12.974999999999998,39.15252405611023
-14.212499999999999,13.0125,39.18695628526032
-14.212499999999999,13.05,39.22420649320727
-14.212499999999999,13.087499999999999,39.263091839660646
-14.212499999999999,13.125,39.31015913907595
-14.212499999999999,13.162499999999998,39.343594880309794
-14.212499999999999,13.2,39.37856099088091
-14.212499999999999,13.2375,
-14.212499999999999,13.274999999999999,
-14.212499999999999,13.3125,
-14.212499999999999,13.349999999999998,
-14.212499999999999,13.3875,
-14.212499999999999,13.425,
-14.212499999999999,13.462499999999999,
-14.212499999999999,13.5,
-14.212499999999999,13.537499999999998,39.5636195723487
-14.212499999999999,13.575,39.57838095242586
-14.212499999999999,13.6125,39.587185161994775
-14.212499999999999,13.649999999999999,39.61523203561439
-14.212499999999999,13.6875,39.64456576845266
-14.212499999999999,13.724999999999998,39.6726067225053
-14.212499999999999,13.7625,39.692002239445706
-14.212499999999999,13.8,39.70834731109369
-14.212499999999999,13.837499999999999,39.71237806651065
-14.212499999999999,13.875,39.72816705110087
-14.212499999999999,13.912499999999998,39.7384352134015
-14.212499999999999,13.95,39.7512316745524
-14.212499999999999,13.9875,39.75766043107567
-14.212499999999999,14.024999999999999,39.773238728292114
-14.212499999999999,14.0625,39.81743320111321
-14.212499999999999,14.099999999999998,39.81978224301227
-14.212499999999999,14.1375,39.84007626780595
-14.212499999999999,14.175,39.8636809427395
-14.212499999999999,14.212499999999999,39.893992790559665
-14.212499999999999,14.25,39.91792613503707
-14.212499999999999,14.287499999999998,39.959589588453
-14.212499999999999,14.325,39.98038953715718
-14.212499999999999,14.3625,39.992068626409505
-14.212499999999999,14.399999999999999,40.01179717033987
-14.212499999999999,14.4375,40.02897614927515
-14.212499999999999,14.474999999999998,40.040723888979734
-14.212499999999999,14.5125,40.05943597065056
-14.212499999999999,14.55,
-14.212499999999999,14.587499999999999,
-14.212499999999999,14.625,
-14.212499999999999,14.662499999999998,
-14.212499999999999,14.7,
-14.212499999999999,14.7375,
-14.212499999999999,14.774999999999999,
-14.212499999999999,14.8125,
-14.212499999999999,14.849999999999998,
-14.212499999999999,14.8875,
-14.212499999999999,14.925,
-14.212499999999999,14.962499999999999,
-14.212499999999999,15.0,
-14.212499999999999,15.037499999999998,
-14.212499999999999,15.075,
-14.175,12.45,
-14.175,12.4875,
-14.175,12.524999999999999,
-14.175,12.5625,
-14.175,12.599999999999998,
-14.175,12.6375,
-14.175,12.675,
-14.175,12.712499999999999,38.93835651561581
-14.175,12.75,38.9577680191434
-14.175,12.787499999999998,38.98645734613903
-14.175,12.825,39.006477836143695
-14.175,12.8625,39.06447956630565
-14.175,12.899999999999999,39.090777973325565
-14.175,12.9375,39.11414662637809
-14.175,12.974999999999998,39.139279606379425
-14.175,13.0125,39.17119033915921
-14.175,13.05,39.20961258039747
-14.175,13.087499999999999,39.246674734773826
-14.175,13.125,39.289081656240775
-14.175,13.162499999999998,39.33481980143609
-14.175,13.2,39.37946981438442
-14.175,13.2375,
-14.175,13.274999999999999,
-14.175,13.3125,
-14.175,13.349999999999998,
-14.175,13.3875,
-14.175,13.425,
-14.175,13.462499999999999,
-14.175,13.5,
-14.175,13.537499999999998,39.55517723961204
-14.175,13.575,39.576178808234445
-14.175,13.6125,39.592790551524224
-14.175,13.649999999999999,39.606092867523905
-14.175,13.6875,39.625084564549546
-14.175,13.724999999999998,39.6647630335436
-14.175,13.7625,39.69562170550865
-14.175,13.8,39.70711135062262
-14.175,13.837499999999999,39.71636243094432
-14.175,13.875,39.72695849784864
-14.175,13.912499999999998,39.735179561682536
-14.175,13.95,39.74936162476485
-14.175,13.9875,39.76069660910507
-14.175,14.024999999999999,39.79566468352967
-14.175,14.0625,39.818358811576786
-14.175,14.099999999999998,39.83675967057357
-14.175,14.1375,39.850201389190836
-14.175,14.175,39.8641747568817
-14.175,14.212499999999999,39.89391649704597
-14.175,14.25,39.94127606838505
-14.175,14.287499999999998,39.9630366017227
-14.175,14.325,39.981382279087526
-14.175,14.3625,39.99607136752925
-14.175,14.399999999999999,40.012094127236104
-14.175,14.4375,40.04424218509086
-14.175,14.474999999999998,40.07233632308133
-14.175,14.5125,40.10206819282921
-14.175,14.55,
-14.175,14.587499999999999,
-14.175,14.625,
-14.175,14.662499999999998,
-14.175,14.7,
-14.175,14.7375,
-14.175,14.774999999999999,
-14.175,14.8125,
-14.175,14.849999999999998,
-14.175,14.8875,
-14.175,14.925,
-14.175,14.962499999999999,
-14.175,15.0,
-14.175,15.037499999999998,
-14.175,15.075,
-14.1375,12.45,
-14.1375,12.4875,
-14.1375,12.524999999999999,
-14.1375,12.5625,
-14.1375,12.599999999999998,
-14.1375,12.6375,
-14.1375,12.675,
-14.1375,12.712499999999999,38.93642691045246
-14.1375,12.75,38.94963423493676
-14.1375,12.787499999999998,38.975500544177216
-14.1375,12.825,38.98710902855334
-14.1375,12.8625,39.05690261814957
-14.1375,12.899999999999999,39.08447867447446
-14.1375,12.9375,39.09754412552716
-14.1375,12.974999999999998,39.123770158921374
-14.1375,13.0125,39.155724015959514
-14.1375,13.05,39.195119206545435
-14.1375,13.087499999999999,39.23309159194849
-14.1375,13.125,39.273086922046716
-14.1375,13.162499999999998,39.32077990190194
-14.1375,13.2,39.36311782477057
-14.1375,13.2375,
-14.1375,13.274999999999999,
-14.1375,13.3125,
-14.1375,13.349999999999998,
-14.1375,13.3875,
-14.1375,13.425,
-14.1375,13.462499999999999,
-14.1375,13.5,
-14.1375,13.537499999999998,39.54697433704781
-14.1375,13.575,39.57152281518343
-14.1375,13.6125,39.59493787942426
-14.1375,13.649999999999999,39.60828994163198
-14.1375,13.6875,39.623357734370856
-14.1375,13.724999999999998,39.657754456674034
-14.1375,13.7625,39.68821010186866
-14.1375,13.8,39.696311169607256
-14.1375,13.837499999999999,39.71280234473938
-14.1375,13.875,39.720333347060006
-14.1375,13.912499999999998,39.73149813430391
-14.1375,13.95,39.74729766220672
-14.1375,13.9875,39.759183370824985
-14.1375,14.024999999999999,39.797095874077876
-14.1375,14.0625,39.818657833334484
-14.1375,14.099999999999998,39.83687882816792
-14.1375,14.1375,39.85595915542104
-14.1375,14.175,39.8755344536008
-14.1375,14.212499999999999,39.91010363382506
-14.1375,14.25,39.94195011078362
-14.1375,14.287499999999998,39.96467945391634
-14.1375,14.325,39.983300471912436
-14.1375,14.3625,40.02226097195203
-14.1375,14.399999999999999,40.03579155283208
-14.1375,14.4375,40.058793354435586
-14.1375,14.474999999999998,40.07796219781759
-14.1375,14.5125,40.103177727759196
-14.1375,14.55,
-14.1375,14.587499999999999,
-14.1375,14.625,
-14.1375,14.662499999999998,
-14.1375,14.7,
-14.1375,14.7375,
-14.1375,14.774999999999999,
-14.1375,14.8125,
-14.1375,14.849999999999998,
-14.1375,14.8875,
-14.1375,14.925,
-14.1375,14.962499999999999,
-14.1375,15.0,
-14.1375,15.037499999999998,
-14.1375,15.075,
-14.1,12.45,
-14.1,12.4875,
-14.1,12.524999999999999,
-14.1,12.5625,
-14.1,12.599999999999998,
-14.1,12.6375,
-14.1,12.675,
-14.1,12.712499999999999,38.93139445510748
-14.1,12.75,38.95357476040598
-14.1,12.787499999999998,38.967906512483935
-14.1,12.825,38.98025948744126
-14.1,12.8625,39.03446037079405
-14.1,12.899999999999999,39.05769109369499
-14.1,12.9375,39.079080855965536
-14.1,12.974999999999998,39.111790917251014
-14.1,13.0125,39.14559932197297
-14.1,13.05,39.18282035246417
-14.1,13.087499999999999,39.22030755330245
-14.1,13.125,39.261735357743106
-14.1,13.162499999999998,39.29995202821659
-14.1,13.2,39.34066113229872
-14.1,13.2375,39.35934603503547
-14.1,13.274999999999999,39.36650231114255
-14.1,13.3125,
-14.1,13.349999999999998,
-14.1,13.3875,
-14.1,13.425,
-14.1,13.462499999999999,
-14.1,13.5,
-14.1,13.537499999999998,
-14.1,13.575,39.55990985099807
-14.1,13.6125,39.59439342198058
-14.1,13.649999999999999,39.607147633023075
-14.1,13.6875,39.62056045503828
-14.1,13.724999999999998,39.65374739085091
-14.1,13.7625,39.671173558588194
-14.1,13.8,39.683098113105686
-14.1,13.837499999999999,39.69840212802913
-14.1,13.875,39.708286748167936
-14.1,13.912499999999998,39.73282567027776
-14.1,13.95,39.74379905267669
-14.1,13.9875,39.75666269652556
-14.1,14.024999999999999,39.798350694245805
-14.1,14.0625,39.81944946745811
-14.1,14.099999999999998,39.838254748178976
-14.1,14.1375,39.858978146393504
-14.1,14.175,39.90097076074676
-14.1,14.212499999999999,39.921299342301204
-14.1,14.25,39.944343992195954
-14.1,14.287499999999998,39.976829364315726
-14.1,14.325,40.008722008768835
-14.1,14.3625,40.027541397861235
-14.1,14.399999999999999,40.043834060550374
-14.1,14.4375,40.06831505262124
-14.1,14.474999999999998,40.06861499339175
-14.1,14.5125,40.08918537382358
-14.1,14.55,
-14.1,14.587499999999999,
-14.1,14.625,
-14.1,14.662499999999998,
-14.1,14.7,
-14.1,14.7375,
-14.1,14.774999999999999,
-14.1,14.8125,
-14.1,14.849999999999998,
-14.1,14.8875,
-14.1,14.925,
-14.1,14.962499999999999,
-14.1,15.0,
-14.1,15.037499999999998,
-14.1,15.075,
-14.0625,12.45,
-14.0625,12.4875,
-14.0625,12.524999999999999,
-14.0625,12.5625,
-14.0625,12.599999999999998,
-14.0625,12.6375,
-14.0625,12.675,
-14.0625,12.712499999999999,38.90373082429165
-14.0625,12.75,38.946546784314506
-14.0625,12.787499999999998,38.96440689335036
-14.0625,12.825,38.96662146292083
-14.0625,12.8625,38.99985863995466
-14.0625,12.899999999999999,39.059642162253525
-14.0625,12.9375,39.079765721338404
-14.0625,12.974999999999998,39.11233319665666
-14.0625,13.0125,39.14306756209353
-14.0625,13.05,39.174316957068164
-14.0625,13.087499999999999,39.212870011042696
-14.0625,13.125,39.255107001040166
-14.0625,13.162499999999998,39.296671850286806
-14.0625,13.2,39.3138559060167
-14.0625,13.2375,39.34117687623334
-14.0625,13.274999999999999,39.36101256895408
-14.0625,13.3125,
-14.0625,13.349999999999998,
-14.0625,13.3875,
-14.0625,13.425,
-14.0625,13.462499999999999,
-14.0625,13.5,
-14.0625,13.537499999999998,
-14.0625,13.575,39.57197612166452
-14.0625,13.6125,39.604266600228065
-14.0625,13.649999999999999,39.63320274700084
-14.0625,13.6875,39.61958235875265
-14.0625,13.724999999999998,39.65193092635965
-14.0625,13.7625,39.686728343265514
-14.0625,13.8,39.69606274530111
-14.0625,13.837499999999999,39.70398299337856
-14.0625,13.875,39.70462364260624
-14.0625,13.912499999999998,39.71753490601869
-14.0625,13.95,39.730369786221544
-14.0625,13.9875,39.76957456700911
-14.0625,14.024999999999999,39.79261530043871
-14.0625,14.0625,39.81757484613176
-14.0625,14.099999999999998,39.857984358122444
-14.0625,14.1375,39.87840961573264
-14.0625,14.175,39.91155883277218
-14.0625,14.212499999999999,39.937549164947406
-14.0625,14.25,39.95907149413529
-14.0625,14.287499999999998,39.995271649720024
-14.0625,14.325,40.012397922752974
-14.0625,14.3625,40.01864177169454
-14.0625,14.399999999999999,40.0376039267239
-14.0625,14.4375,40.05795552345625
-14.0625,14.474999999999998,40.07924420275054
-14.0625,14.5125,40.100823254933765
-14.0625,14.55,40.13526951891119
-14.0625,14.587499999999999,
-14.0625,14.625,
-14.0625,14.662499999999998,
-14.0625,14.7,
-14.0625,14.7375,
-14.0625,14.774999999999999,
-14.0625,14.8125,
-14.0625,14.849999999999998,
-14.0625,14.8875,
-14.0625,14.925,
-14.0625,14.962499999999999,
-14.0625,15.0,
-14.0625,15.037499999999998,
-14.0625,15.075,
-14.024999999999999,12.45,
-14.024999999999999,12.4875,
-14.024999999999999,12.524999999999999,
-14.024999999999999,12.5625,
-14.024999999999999,12.599999999999998,
-14.024999999999999,12.6375,
-14.024999999999999,12.675,38.859814618959355
-14.024999999999999,12.712499999999999,38.886728747155495
-14.024999999999999,12.75,38.91745169883441
-14.024999999999999,12.787499999999998,38.928693431047385
-14.024999999999999,12.825,38.95184217046743
-14.024999999999999,12.8625,38.993731883538494
-14.024999999999999,12.899999999999999,39.05115587275888
-14.024999999999999,12.9375,39.0823274890668
-14.024999999999999,12.974999999999998,39.11218876544436
-14.024999999999999,13.0125,39.146937186845555
-14.024999999999999,13.05,39.18533626211872
-14.024999999999999,13.087499999999999,39.21401200221151
-14.024999999999999,13.125,39.264975149180444
-14.024999999999999,13.162499999999998,39.28430042987579
-14.024999999999999,13.2,39.30642161085991
-14.024999999999999,13.2375,39.32900308886243
-14.024999999999999,13.274999999999999,39.35928322789918
-14.024999999999999,13.3125,
-14.024999999999999,13.349999999999998,
-14.024999999999999,13.3875,
-14.024999999999999,13.425,
-14.024999999999999,13.462499999999999,
-14.024999999999999,13.5,
-14.024999999999999,13.537499999999998,
-14.024999999999999,13.575,39.564289799422205
-14.024999999999999,13.6125,39.591181274199165
-14.024999999999999,13.649999999999999,39.620603727157786
-14.024999999999999,13.6875,39.637180935944485
-14.024999999999999,13.724999999999998,39.66233213798467
-14.024999999999999,13.7625,39.69826726487637
-14.024999999999999,13.8,39.71730318386167
-14.024999999999999,13.837499999999999,39.730852418239536
-14.024999999999999,13.875,39.710884939084245
-14.024999999999999,13.912499999999998,39.720509279888105
-14.024999999999999,13.95,39.719918653498965
-14.024999999999999,13.9875,39.762917208882946
-14.024999999999999,14.024999999999999,39.78464982157184
-14.024999999999999,14.0625,39.84060609247181
-14.024999999999999,14.099999999999998,39.86425183928338
-14.024999999999999,14.1375,39.88146980634716
-14.024999999999999,14.175,39.90664341894896
-14.024999999999999,14.212499999999999,39.93185045396554
-14.024999999999999,14.25,39.96203585631881
-14.024999999999999,14.287499999999998,39.98680164632203
-14.024999999999999,14.325,39.99341952259665
-14.024999999999999,14.3625,40.01607739736219
-14.024999999999999,14.399999999999999,40.03385030696131
-14.024999999999999,14.4375,40.056866475657884
-14.024999999999999,14.474999999999998,40.079361134588865
-14.024999999999999,14.5125,40.10365197004007
-14.024999999999999,14.55,40.13584125285781
-14.024999999999999,14.587499999999999,
-14.024999999999999,14.625,
-14.024999999999999,14.662499999999998,
-14.024999999999999,14.7,
-14.024999999999999,14.7375,
-14.024999999999999,14.774999999999999,
-14.024999999999999,14.8125,
-14.024999999999999,14.849999999999998,
-14.024999999999999,14.8875,
-14.024999999999999,14.925,
-14.024999999999999,14.962499999999999,
-14.024999999999999,15.0,
-14.024999999999999,15.037499999999998,
-14.024999999999999,15.075,
-13.9875,12.45,
-13.9875,12.4875,
-13.9875,12.524999999999999,
-13.9875,12.5625,
-13.9875,12.599999999999998,
-13.9875,12.6375,
-13.9875,12.675,38.850003412934484
-13.9875,12.712499999999999,38.86841404588701
-13.9875,12.75,38.903963744681896
-13.9875,12.787499999999998,38.9265523680265
-13.9875,12.825,38.93819163876096
-13.9875,12.8625,38.967609083666126
-13.9875,12.899999999999999,39.01513278914983
-13.9875,12.9375,39.07545399062578
-13.9875,12.974999999999998,39.100620931612
-13.9875,13.0125,39.14883760316315
-13.9875,13.05,39.190042573800355
-13.9875,13.087499999999999,39.22082752875325
-13.9875,13.125,39.2438736567136
-13.9875,13.162499999999998,39.2688164008255
-13.9875,13.2,39.305095067286274
-13.9875,13.2375,39.3325612709992
-13.9875,13.274999999999999,39.35743063616321
-13.9875,13.3125,
-13.9875,13.349999999999998,
-13.9875,13.3875,
-13.9875,13.425,
-13.9875,13.462499999999999,
-13.9875,13.5,
-13.9875,13.537499999999998,
-13.9875,13.575,
-13.9875,13.6125,39.58999762447232
-13.9875,13.649999999999999,39.624692700595276
-13.9875,13.6875,39.63940622825997
-13.9875,13.724999999999998,39.65849934128953
-13.9875,13.7625,39.682484018843375
-13.9875,13.8,39.70163380461427
-13.9875,13.837499999999999,39.7172475550055
-13.9875,13.875,39.73627270246455
-13.9875,13.912499999999998,39.747485574917704
-13.9875,13.95,39.77629355937608
-13.9875,13.9875,39.780312849267496
-13.9875,14.024999999999999,39.80324702419134
-13.9875,14.0625,39.835283040602285
-13.9875,14.099999999999998,39.85732259451866
-13.9875,14.1375,39.869777438547345
-13.9875,14.175,39.909284080157406
-13.9875,14.212499999999999,39.9280381446041
-13.9875,14.25,39.93012404961097
-13.9875,14.287499999999998,39.9532494826194
-13.9875,14.325,39.975969441309466
-13.9875,14.3625,40.01098176106273
-13.9875,14.399999999999999,40.0308167080959
-13.9875,14.4375,40.056020602513506
-13.9875,14.474999999999998,40.07846598442833
-13.9875,14.5125,40.1044077336369
-13.9875,14.55,40.13744662646145
-13.9875,14.587499999999999,
-13.9875,14.625,
-13.9875,14.662499999999998,
-13.9875,14.7,
-13.9875,14.7375,
-13.9875,14.774999999999999,
-13.9875,14.8125,
-13.9875,14.849999999999998,
-13.9875,14.8875,
-13.9875,14.925,
-13.9875,14.962499999999999,
-13.9875,15.0,
-13.9875,15.037499999999998,
-13.9875,15.075,
-13.95,12.45,
-13.95,12.4875,
-13.95,12.524999999999999,
-13.95,12.5625,
-13.95,12.599999999999998,
-13.95,12.6375,
-13.95,12.675,38.84829656692068
-13.95,12.712499999999999,38.85802579159818
-13.95,12.75,38.884154324648314
-13.95,12.787499999999998,38.920058683687266
-13.95,12.825,38.932757914101664
-13.95,12.8625,38.95446131943898
-13.95,12.899999999999999,38.99049294074317
-13.95,12.9375,39.03461144754724
-13.95,12.974999999999998,39.08328740690708
-13.95,13.0125,39.135065445646546
-13.95,13.05,39.170679263247635
-13.95,13.087499999999999,39.20297684044571
-13.95,13.125,39.23214525812104
-13.95,13.162499999999998,39.26750808267117
-13.95,13.2,39.29074360366142
-13.95,13.2375,39.32637012123518
-13.95,13.274999999999999,39.34790601279234
-13.95,13.3125,39.355750141413104
-13.95,13.349999999999998,
-13.95,13.3875,
-13.95,13.425,
-13.95,13.462499999999999,
-13.95,13.5,
-13.95,13.537499999999998,
-13.95,13.575,39.542845336450526
-13.95,13.6125,39.58751007620568
-13.95,13.649999999999999,39.61722976243411
-13.95,13.6875,39.64764913412758
-13.95,13.724999999999998,39.66055561161747
-13.95,13.7625,39.683164599473244
-13.95,13.8,39.68536054478763
-13.95,13.837499999999999,39.729767619195215
-13.95,13.875,39.755447503392425
-13.95,13.912499999999998,39.768807530709324
-13.95,13.95,39.79536370820727
-13.95,13.9875,39.81664052434007
-13.95,14.024999999999999,39.80185486084551
-13.95,14.0625,39.823315988974066
-13.95,14.099999999999998,39.839331478276065
-13.95,14.1375,39.871758220568
-13.95,14.175,39.89004334296457
-13.95,14.212499999999999,39.90175401090191
-13.95,14.25,39.92625747875385
-13.95,14.287499999999998,39.94821660725574
-13.95,14.325,39.98695120705856
-13.95,14.3625,40.01688262352912
-13.95,14.399999999999999,40.03845657118976
-13.95,14.4375,40.05290961612136
-13.95,14.474999999999998,40.0758285513468
-13.95,14.5125,40.10710790140526
-13.95,14.55,40.13552742015843
-13.95,14.587499999999999,
-13.95,14.625,
-13.95,14.662499999999998,
-13.95,14.7,
-13.95,14.7375,
-13.95,14.774999999999999,
-13.95,14.8125,
-13.95,14.849999999999998,
-13.95,14.8875,
-13.95,14.925,
-13.95,14.962499999999999,
-13.95,15.0,
-13.95,15.037499999999998,
-13.95,15.075,
-13.9125,12.45,
-13.9125,12.4875,
-13.9125,12.524999999999999,
-13.9125,12.5625,
-13.9125,12.599999999999998,
-13.9125,12.6375,
-13.9125,12.675,38.844844342653786
-13.9125,12.712499999999999,38.852957028614064
-13.9125,12.75,38.87673461804352
-13.9125,12.787499999999998,38.91235309691293
-13.9125,12.825,38.946160399499824
-13.9125,12.8625,38.970274009653544
-13.9125,12.899999999999999,38.97821701816723
-13.9125,12.9375,39.0317106839923
-13.9125,12.974999999999998,39.06904379466119
-13.9125,13.0125,39.107067764984734
-13.9125,13.05,39.16712510582294
-13.9125,13.087499999999999,39.20367839720425
-13.9125,13.125,39.233295154141096
-13.9125,13.162499999999998,39.26721627070022
-13.9125,13.2,39.28620158616931
-13.9125,13.2375,39.308320195420976
-13.9125,13.274999999999999,39.33697709393834
-13.9125,13.3125,39.36870548016413
-13.9125,13.349999999999998,
-13.9125,13.3875,
-13.9125,13.425,
-13.9125,13.462499999999999,
-13.9125,13.5,
-13.9125,13.537499999999998,
-13.9125,13.575,39.522010942374685
-13.9125,13.6125,39.570051618474295
-13.9125,13.649999999999999,39.606760407854395
-13.9125,13.6875,39.63317409989209
-13.9125,13.724999999999998,39.68391029206068
-13.9125,13.7625,39.705146420891694
-13.9125,13.8,39.70383075286408
-13.9125,13.837499999999999,39.721166262078874
-13.9125,13.875,39.74662048523646
-13.9125,13.912499999999998,39.76427034498406
-13.9125,13.95,39.77707286274822
-13.9125,13.9875,39.800430841130854
-13.9125,14.024999999999999,39.80341191579213
-13.9125,14.0625,39.816234902065965
-13.9125,14.099999999999998,39.84399595789067
-13.9125,14.1375,39.86442739846642
-13.9125,14.175,39.890469974075096
-13.9125,14.212499999999999,39.90755417309
-13.9125,14.25,39.918029728986845
-13.9125,14.287499999999998,39.95529822777486
-13.9125,14.325,39.979075653012174
-13.9125,14.3625,40.00917407311729
-13.9125,14.399999999999999,40.03751969939889
-13.9125,14.4375,40.06064278509264
-13.9125,14.474999999999998,40.08423068896028
-13.9125,14.5125,40.10955078367409
-13.9125,14.55,40.1380717096766
-13.9125,14.587499999999999,
-13.9125,14.625,
-13.9125,14.662499999999998,
-13.9125,14.7,
-13.9125,14.7375,
-13.9125,14.774999999999999,
-13.9125,14.8125,
-13.9125,14.849999999999998,
-13.9125,14.8875,
-13.9125,14.925,
-13.9125,14.962499999999999,
-13.9125,15.0,
-13.9125,15.037499999999998,
-13.9125,15.075,
-13.875,12.45,
-13.875,12.4875,
-13.875,12.524999999999999,
-13.875,12.5625,
-13.875,12.599999999999998,
-13.875,12.6375,
-13.875,12.675,38.840178253775626
-13.875,12.712499999999999,38.85424614331215
-13.875,12.75,38.88984989626559
-13.875,12.787499999999998,38.91650231780603
-13.875,12.825,38.93423995477671
-13.875,12.8625,38.96114917194621
-13.875,12.899999999999999,38.97675467158783
-13.875,12.9375,39.03726309253669
-13.875,12.974999999999998,39.078137581705214
-13.875,13.0125,39.10783016368548
-13.875,13.05,39.14914211266562
-13.875,13.087499999999999,39.195735822736275
-13.875,13.125,39.23685064952502
-13.875,13.162499999999998,39.271141725850654
-13.875,13.2,39.299709568231386
-13.875,13.2375,39.314376181050626
-13.875,13.274999999999999,39.34521560993914
-13.875,13.3125,39.3721001276781
-13.875,13.349999999999998,
-13.875,13.3875,
-13.875,13.425,
-13.875,13.462499999999999,
-13.875,13.5,
-13.875,13.537499999999998,39.487547599576615
-13.875,13.575,39.52017712638655
-13.875,13.6125,39.56890450451171
-13.875,13.649999999999999,39.61313394973885
-13.875,13.6875,39.64501457032402
-13.875,13.724999999999998,39.67550966536716
-13.875,13.7625,39.69533188883884
-13.875,13.8,39.69278460249102
-13.875,13.837499999999999,39.702908581459695
-13.875,13.875,39.738373323934
-13.875,13.912499999999998,39.75117515112141
-13.875,13.95,39.770889941991115
-13.875,13.9875,39.79593824631533
-13.875,14.024999999999999,39.808463594546204
-13.875,14.0625,39.81079269398147
-13.875,14.099999999999998,39.840941780649324
-13.875,14.1375,39.863586373218986
-13.875,14.175,39.88348487990253
-13.875,14.212499999999999,39.9052636618341
-13.875,14.25,39.915662235232844
-13.875,14.287499999999998,39.95024154627846
-13.875,14.325,39.975815845203584
-13.875,14.3625,40.00544947277864
-13.875,14.399999999999999,40.04804198768669
-13.875,14.4375,40.072321065868714
-13.875,14.474999999999998,40.08524296354562
-13.875,14.5125,40.11407328971601
-13.875,14.55,40.142401155360986
-13.875,14.587499999999999,
-13.875,14.625,
-13.875,14.662499999999998,
-13.875,14.7,
-13.875,14.7375,
-13.875,14.774999999999999,
-13.875,14.8125,
-13.875,14.849999999999998,
-13.875,14.8875,
-13.875,14.925,
-13.875,14.962499999999999,
-13.875,15.0,
-13.875,15.037499999999998,
-13.875,15.075,
-13.837499999999999,12.45,
-13.837499999999999,12.4875,
-13.837499999999999,12.524999999999999,
-13.837499999999999,12.5625,
-13.837499999999999,12.599999999999998,
-13.837499999999999,12.6375,
-13.837499999999999,12.675,38.84905914157069
-13.837499999999999,12.712499999999999,38.862919135091005
-13.837499999999999,12.75,38.8934359591641
-13.837499999999999,12.787499999999998,38.91193368070823
-13.837499999999999,12.825,38.94141889254177
-13.837499999999999,12.8625,38.96921951490993
-13.837499999999999,12.899999999999999,38.97918327025033
-13.837499999999999,12.9375,39.03025343728309
-13.837499999999999,12.974999999999998,39.07259829703511
-13.837499999999999,13.0125,39.1186388082201
-13.837499999999999,13.05,39.14907560525247
-13.837499999999999,13.087499999999999,39.194859875930725
-13.837499999999999,13.125,39.23403219166015
-13.837499999999999,13.162499999999998,39.26597917981964
-13.837499999999999,13.2,39.30096360445732
-13.837499999999999,13.2375,39.31862963586125
-13.837499999999999,13.274999999999999,39.35594502441866
-13.837499999999999,13.3125,39.379759429112525
-13.837499999999999,13.349999999999998,
-13.837499999999999,13.3875,
-13.837499999999999,13.425,
-13.837499999999999,13.462499999999999,
-13.837499999999999,13.5,39.475213324133485
-13.837499999999999,13.537499999999998,39.51345582284976
-13.837499999999999,13.575,39.55470286139337
-13.837499999999999,13.6125,39.58351709445913
-13.837499999999999,13.649999999999999,39.598446400965734
-13.837499999999999,13.6875,39.62157745698122
-13.837499999999999,13.724999999999998,39.651707918763506
-13.837499999999999,13.7625,39.67021986971469
-13.837499999999999,13.8,39.684313470325854
-13.837499999999999,13.837499999999999,39.707689782487115
-13.837499999999999,13.875,39.732951918809974
-13.837499999999999,13.912499999999998,39.743808671227676
-13.837499999999999,13.95,39.75594101365399
-13.837499999999999,13.9875,39.792777046090194
-13.837499999999999,14.024999999999999,39.808259082766334
-13.837499999999999,14.0625,39.81272013697855
-13.837499999999999,14.099999999999998,39.83015188577149
-13.837499999999999,14.1375,39.84420466782539
-13.837499999999999,14.175,39.8698259070681
-13.837499999999999,14.212499999999999,39.890265457001625
-13.837499999999999,14.25,39.89999377851627
-13.837499999999999,14.287499999999998,39.94889527949699
-13.837499999999999,14.325,39.969252710805556
-13.837499999999999,14.3625,40.01447433978585
-13.837499999999999,14.399999999999999,40.04419354242585
-13.837499999999999,14.4375,40.069999996474344
-13.837499999999999,14.474999999999998,40.09561356685507
-13.837499999999999,14.5125,
-13.837499999999999,14.55,
-13.837499999999999,14.587499999999999,
-13.837499999999999,14.625,
-13.837499999999999,14.662499999999998,
-13.837499999999999,14.7,
-13.837499999999999,14.7375,
-13.837499999999999,14.774999999999999,
-13.837499999999999,14.8125,
-13.837499999999999,14.849999999999998,
-13.837499999999999,14.8875,
-13.837499999999999,14.925,
-13.837499999999999,14.962499999999999,
-13.837499999999999,15.0,
-13.837499999999999,15.037499999999998,
-13.837499999999999,15.075,
-13.8,12.45,
-13.8,12.4875,
-13.8,12.524999999999999,
-13.8,12.5625,
-13.8,12.599999999999998,
-13.8,12.6375,
-13.8,12.675,38.84667642656598
-13.8,12.712499999999999,38.870462203455666
-13.8,12.75,38.888030114248025
-13.8,12.787499999999998,38.91018563278651
-13.8,12.825,38.9287888924177
-13.8,12.8625,38.95523656831871
-13.8,12.899999999999999,38.986626749802475
-13.8,12.9375,39.02299636178538
-13.8,12.974999999999998,39.07416327036845
-13.8,13.0125,39.10989850334106
-13.8,13.05,39.142993610150256
-13.8,13.087499999999999,39.19117167969819
-13.8,13.125,39.22799159734
-13.8,13.162499999999998,39.2518938722133
-13.8,13.2,39.284805875277904
-13.8,13.2375,39.310211761820916
-13.8,13.274999999999999,39.346007720545806
-13.8,13.3125,39.35845468073879
-13.8,13.349999999999998,39.37694540088775
-13.8,13.3875,
-13.8,13.425,
-13.8,13.462499999999999,39.44426649620359
-13.8,13.5,39.47264992444379
-13.8,13.537499999999998,39.50030471325824
-13.8,13.575,39.52495106452861
-13.8,13.6125,39.57378804881002
-13.8,13.649999999999999,39.60405898570462
-13.8,13.6875,39.63522878007522
-13.8,13.724999999999998,39.65757950632428
-13.8,13.7625,39.66947348651475
-13.8,13.8,39.684387532445314
-13.8,13.837499999999999,39.72165295654216
-13.8,13.875,39.73414555075924
-13.8,13.912499999999998,39.746894001966744
-13.8,13.95,39.75926815926187
-13.8,13.9875,39.783127979927876
-13.8,14.024999999999999,39.797475487794955
-13.8,14.0625,39.808730927059905
-13.8,14.099999999999998,39.82531569464864
-13.8,14.1375,39.84294439447123
-13.8,14.175,39.85875845625167
-13.8,14.212499999999999,39.88618746261086
-13.8,14.25,39.89603310345773
-13.8,14.287499999999998,39.91795048210103
-13.8,14.325,39.956708867443254
-13.8,14.3625,40.00120719750422
-13.8,14.399999999999999,40.02776005123792
-13.8,14.4375,
-13.8,14.474999999999998,
-13.8,14.5125,
-13.8,14.55,
-13.8,14.587499999999999,
-13.8,14.625,
-13.8,14.662499999999998,
-13.8,14.7,
-13.8,14.7375,
-13.8,14.774999999999999,
-13.8,14.8125,
-13.8,14.849999999999998,
-13.8,14.8875,
-13.8,14.925,
-13.8,14.962499999999999,
-13.8,15.0,
-13.8,15.037499999999998,
-13.8,15.075,
-13.7625,12.45,
-13.7625,12.4875,
-13.7625,12.524999999999999,
-13.7625,12.5625,
-13.7625,12.599999999999998,
-13.7625,12.6375,
-13.7625,12.675,38.85004173174061
-13.7625,12.712499999999999,38.866309831876876
-13.7625,12.75,38.88339522469945
-13.7625,12.787499999999998,38.91547608154968
-13.7625,12.825,38.931391620498594
-13.7625,12.8625,38.97790438442183
-13.7625,12.899999999999999,38.99416938814549
-13.7625,12.9375,39.036163581738975
-13.7625,12.974999999999998,39.08084982703511
-13.7625,13.0125,39.123063060459344
-13.7625,13.05,39.158975040019264
-13.7625,13.087499999999999,39.19636073934628
-13.7625,13.125,39.22883413875936
-13.7625,13.162499999999998,39.263878564698736
-13.7625,13.2,39.299072653694274
-13.7625,13.2375,39.32072189858405
-13.7625,13.274999999999999,39.33904714053934
-13.7625,13.3125,39.360074814594874
-13.7625,13.349999999999998,39.364512547623995
-13.7625,13.3875,39.39377609792522
-13.7625,13.425,39.419681359112964
-13.7625,13.462499999999999,39.44229828882619
-13.7625,13.5,39.47388445557268
-13.7625,13.537499999999998,39.511854014673936
-13.7625,13.575,39.53967445957987
-13.7625,13.6125,39.57239395427475
-13.7625,13.649999999999999,39.60141205375921
-13.7625,13.6875,39.63283456495756
-13.7625,13.724999999999998,39.656673410838934
-13.7625,13.7625,39.6730977776139
-13.7625,13.8,39.68247378870408
-13.7625,13.837499999999999,39.70076085707072
-13.7625,13.875,39.71965516312336
-13.7625,13.912499999999998,39.74548145539682
-13.7625,13.95,39.75781425781022
-13.7625,13.9875,39.783991393507876
-13.7625,14.024999999999999,39.79726894918624
-13.7625,14.0625,39.812737181809354
-13.7625,14.099999999999998,39.82569027045096
-13.7625,14.1375,39.844704448820174
-13.7625,14.175,39.861752719413694
-13.7625,14.212499999999999,39.883145089058466
-13.7625,14.25,39.89349921317498
-13.7625,14.287499999999998,39.91203339686468
-13.7625,14.325,39.95360390636876
-13.7625,14.3625,39.98387050283072
-13.7625,14.399999999999999,40.02652319887334
-13.7625,14.4375,
-13.7625,14.474999999999998,
-13.7625,14.5125,
-13.7625,14.55,
-13.7625,14.587499999999999,
-13.7625,14.625,
-13.7625,14.662499999999998,
-13.7625,14.7,
-13.7625,14.7375,
-13.7625,14.774999999999999,
-13.7625,14.8125,
-13.7625,14.849999999999998,
-13.7625,14.8875,
-13.7625,14.925,
-13.7625,14.962499999999999,
-13.7625,15.0,
-13.7625,15.037499999999998,
-13.7625,15.075,
-13.725,12.45,
-13.725,12.4875,
-13.725,12.524999999999999,
-13.725,12.5625,
-13.725,12.599999999999998,
-13.725,12.6375,
-13.725,12.675,38.85910210857944
-13.725,12.712499999999999,38.876416083956286
-13.725,12.75,38.89610304497316
-13.725,12.787499999999998,38.91196785810532
-13.725,12.825,38.94617014271614
-13.725,12.8625,38.98315774069441
-13.725,12.899999999999999,39.00687728620303
-13.725,12.9375,39.0550420904965
-13.725,12.974999999999998,39.091158630749
-13.725,13.0125,39.12878593912699
-13.725,13.05,39.170717700241404
-13.725,13.087499999999999,39.21210903647647
-13.725,13.125,39.25021790059036
-13.725,13.162499999999998,39.28233240682961
-13.725,13.2,39.318067262603364
-13.725,13.2375,39.329737598409245
-13.725,13.274999999999999,39.34329623414647
-13.725,13.3125,39.36664478214691
-13.725,13.349999999999998,39.36806155420914
-13.725,13.3875,39.38623697553123
-13.725,13.425,39.40891209040145
-13.725,13.462499999999999,39.44382261953857
-13.725,13.5,39.49515795836458
-13.725,13.537499999999998,39.51754640220209
-13.725,13.575,39.54396278777305
-13.725,13.6125,39.57566513488144
-13.725,13.649999999999999,39.60010530238366
-13.725,13.6875,39.632282764876464
-13.725,13.724999999999998,39.66064597968136
-13.725,13.7625,39.67798029734788
-13.725,13.8,39.699026343376815
-13.725,13.837499999999999,39.709830543028794
-13.725,13.875,39.71476082427521
-13.725,13.912499999999998,39.742606037089516
-13.725,13.95,39.74796779844254
-13.725,13.9875,39.78088245007969
-13.725,14.024999999999999,39.793828798882494
-13.725,14.0625,39.81396415292381
-13.725,14.099999999999998,39.83106963512538
-13.725,14.1375,39.836311522801694
-13.725,14.175,39.864279562293184
-13.725,14.212499999999999,39.881816061651726
-13.725,14.25,39.89079786238217
-13.725,14.287499999999998,39.9291847382925
-13.725,14.325,39.94964221802732
-13.725,14.3625,39.980581027631395
-13.725,14.399999999999999,40.009620932102486
-13.725,14.4375,
-13.725,14.474999999999998,
-13.725,14.5125,
-13.725,14.55,
-13.725,14.587499999999999,
-13.725,14.625,
-13.725,14.662499999999998,
-13.725,14.7,
-13.725,14.7375,
-13.725,14.774999999999999,
-13.725,14.8125,
-13.725,14.849999999999998,
-13.725,14.8875,
-13.725,14.925,
-13.725,14.962499999999999,
-13.725,15.0,
-13.725,15.037499999999998,
-13.725,15.075,
-13.6875,12.45,
-13.6875,12.4875,
-13.6875,12.524999999999999,
-13.6875,12.5625,
-13.6875,12.599999999999998,
-13.6875,12.6375,
-13.6875,12.675,38.862887822103474
-13.6875,12.712499999999999,38.87375282164756
-13.6875,12.75,38.89875192924972
-13.6875,12.787499999999998,38.92334998696704
-13.6875,12.825,38.95886173138548
-13.6875,12.8625,38.99833613772243
-13.6875,12.899999999999999,39.02144416302995
-13.6875,12.9375,39.05465632938404
-13.6875,12.974999999999998,39.10241518804185
-13.6875,13.0125,39.1381526364312
-13.6875,13.05,39.17965879777575
-13.6875,13.087499999999999,39.23579841869741
-13.6875,13.125,39.2641668618118
-13.6875,13.162499999999998,39.2993839481321
-13.6875,13.2,39.33246509408863
-13.6875,13.2375,39.343167688046535
-13.6875,13.274999999999999,39.352470891878745
-13.6875,13.3125,39.370053384527736
-13.6875,13.349999999999998,39.36896996946528
-13.6875,13.3875,39.40253395498745
-13.6875,13.425,39.420788746074805
-13.6875,13.462499999999999,39.445458619461036
-13.6875,13.5,39.489784982406825
-13.6875,13.537499999999998,39.531710610362616
-13.6875,13.575,39.56248516199787
-13.6875,13.6125,39.57796890367364
-13.6875,13.649999999999999,39.60461980913717
-13.6875,13.6875,39.63411771119083
-13.6875,13.724999999999998,39.66171047213934
-13.6875,13.7625,39.680244571387156
-13.6875,13.8,39.70180402095862
-13.6875,13.837499999999999,39.71917223122715
-13.6875,13.875,39.72483299366402
-13.6875,13.912499999999998,39.732860837438466
-13.6875,13.95,39.74987927835341
-13.6875,13.9875,39.77664731601809
-13.6875,14.024999999999999,39.789967265040445
-13.6875,14.0625,39.806451577561035
-13.6875,14.099999999999998,39.81671710665625
-13.6875,14.1375,39.8346574215579
-13.6875,14.175,39.854514249160616
-13.6875,14.212499999999999,39.8726192020876
-13.6875,14.25,39.878169253010725
-13.6875,14.287499999999998,39.90305128035305
-13.6875,14.325,39.92149069167181
-13.6875,14.3625,39.97986800031709
-13.6875,14.399999999999999,40.01379022065139
-13.6875,14.4375,
-13.6875,14.474999999999998,
-13.6875,14.5125,
-13.6875,14.55,
-13.6875,14.587499999999999,
-13.6875,14.625,
-13.6875,14.662499999999998,
-13.6875,14.7,
-13.6875,14.7375,
-13.6875,14.774999999999999,
-13.6875,14.8125,
-13.6875,14.849999999999998,
-13.6875,14.8875,
-13.6875,14.925,
-13.6875,14.962499999999999,
-13.6875,15.0,
-13.6875,15.037499999999998,
-13.6875,15.075,
-13.649999999999999,12.45,
-13.649999999999999,12.4875,
-13.649999999999999,12.524999999999999,
-13.649999999999999,12.5625,
-13.649999999999999,12.599999999999998,
-13.649999999999999,12.6375,
-13.649999999999999,12.675,38.87212876486026
-13.649999999999999,12.712499999999999,38.89184945980891
-13.649999999999999,12.75,38.9125921771803
-13.649999999999999,12.787499999999998,38.95281323708267
-13.649999999999999,12.825,38.97406049418711
-13.649999999999999,12.8625,39.01214707510225
-13.649999999999999,12.899999999999999,39.041825860946695
-13.649999999999999,12.9375,39.067483477694914
-13.649999999999999,12.974999999999998,39.123491863430345
-13.649999999999999,13.0125,39.15146228035637
-13.649999999999999,13.05,39.18165697700259
-13.649999999999999,13.087499999999999,39.24119326958571
-13.649999999999999,13.125,39.25152501891895
-13.649999999999999,13.162499999999998,39.30326407218043
-13.649999999999999,13.2,39.334735139215745
-13.649999999999999,13.2375,39.3619605510735
-13.649999999999999,13.274999999999999,39.355148407064846
-13.649999999999999,13.3125,39.37708821163036
-13.649999999999999,13.349999999999998,39.39656332777161
-13.649999999999999,13.3875,39.44051568711255
-13.649999999999999,13.425,39.460694258584645
-13.649999999999999,13.462499999999999,39.47821597526193
-13.649999999999999,13.5,39.47779313602412
-13.649999999999999,13.537499999999998,39.50839903261717
-13.649999999999999,13.575,39.53887318124924
-13.649999999999999,13.6125,39.56642611397192
-13.649999999999999,13.649999999999999,39.59847422449411
-13.649999999999999,13.6875,39.63583716619177
-13.649999999999999,13.724999999999998,39.66584218703248
-13.649999999999999,13.7625,39.68718321785511
-13.649999999999999,13.8,39.70027196802974
-13.649999999999999,13.837499999999999,39.720007736774626
-13.649999999999999,13.875,39.72263635867231
-13.649999999999999,13.912499999999998,39.74550796440227
-13.649999999999999,13.95,39.75513363177469
-13.649999999999999,13.9875,39.77680492445366
-13.649999999999999,14.024999999999999,39.790472973666354
-13.649999999999999,14.0625,39.80097806762935
-13.649999999999999,14.099999999999998,39.82104160325045
-13.649999999999999,14.1375,39.83523457971479
-13.649999999999999,14.175,39.85845478170307
-13.649999999999999,14.212499999999999,39.87650760906783
-13.649999999999999,14.25,39.88318412655117
-13.649999999999999,14.287499999999998,39.904014557375284
-13.649999999999999,14.325,39.92587643649658
-13.649999999999999,14.3625,39.954006985534974
-13.649999999999999,14.399999999999999,39.97989307089587
-13.649999999999999,14.4375,
-13.649999999999999,14.474999999999998,
-13.649999999999999,14.5125,
-13.649999999999999,14.55,
-13.649999999999999,14.587499999999999,
-13.649999999999999,14.625,
-13.649999999999999,14.662499999999998,
-13.649999999999999,14.7,
-13.649999999999999,14.7375,
-13.649999999999999,14.774999999999999,
-13.649999999999999,14.8125,
-13.649999999999999,14.849999999999998,
-13.649999999999999,14.8875,
-13.649999999999999,14.925,
-13.649999999999999,14.962499999999999,
-13.649999999999999,15.0,
-13.649999999999999,15.037499999999998,
-13.649999999999999,15.075,
-13.6125,12.45,
-13.6125,12.4875,
-13.6125,12.524999999999999,
-13.6125,12.5625,
-13.6125,12.599999999999998,
-13.6125,12.6375,
-13.6125,12.675,38.885592038943656
-13.6125,12.712499999999999,38.911575865398206
-13.6125,12.75,38.93182155365546
-13.6125,12.787499999999998,38.973978423002
-13.6125,12.825,38.994125779079305
-13.6125,12.8625,39.02235483110503
-13.6125,12.899999999999999,39.0689103756769
-13.6125,12.9375,39.10017920826722
-13.6125,12.974999999999998,39.134455342443424
-13.6125,13.0125,39.16773680593971
-13.6125,13.05,39.196552120491965
-13.6125,13.087499999999999,39.23238924240315
-13.6125,13.125,39.25506012334829
-13.6125,13.162499999999998,39.286468391808725
-13.6125,13.2,39.32136313506585
-13.6125,13.2375,39.346353141919586
-13.6125,13.274999999999999,39.36997543988158
-13.6125,13.3125,39.4028088093352
-13.6125,13.349999999999998,39.42619528644436
-13.6125,13.3875,39.45770871875159
-13.6125,13.425,39.480193721944865
-13.6125,13.462499999999999,39.500651096754595
-13.6125,13.5,39.5086590201276
-13.6125,13.537499999999998,39.546421767824704
-13.6125,13.575,39.57080981198881
-13.6125,13.6125,39.55553050314255
-13.6125,13.649999999999999,39.59166603752814
-13.6125,13.6875,39.633766692460654
-13.6125,13.724999999999998,39.66188834741415
-13.6125,13.7625,39.69010021272924
-13.6125,13.8,39.70874559754769
-13.6125,13.837499999999999,39.7074122213868
-13.6125,13.875,39.71825139607321
-13.6125,13.912499999999998,39.72938997841662
-13.6125,13.95,39.759293375214234
-13.6125,13.9875,39.78356031765555
-13.6125,14.024999999999999,39.79578691086847
-13.6125,14.0625,39.811280969089175
-13.6125,14.099999999999998,39.82032677974255
-13.6125,14.1375,39.82185061802886
-13.6125,14.175,39.83368470960372
-13.6125,14.212499999999999,39.857129837280674
-13.6125,14.25,39.866014710147255
-13.6125,14.287499999999998,39.88455771964926
-13.6125,14.325,39.906085741806265
-13.6125,14.3625,39.95039092150645
-13.6125,14.399999999999999,39.99643945159434
-13.6125,14.4375,
-13.6125,14.474999999999998,
-13.6125,14.5125,
-13.6125,14.55,
-13.6125,14.587499999999999,
-13.6125,14.625,
-13.6125,14.662499999999998,
-13.6125,14.7,
-13.6125,14.7375,
-13.6125,14.774999999999999,
-13.6125,14.8125,
-13.6125,14.849999999999998,
-13.6125,14.8875,
-13.6125,14.925,
-13.6125,14.962499999999999,
-13.6125,15.0,
-13.6125,15.037499999999998,
-13.6125,15.075,
-13.575,12.45,
-13.575,12.4875,
-13.575,12.524999999999999,
-13.575,12.5625,
-13.575,12.599999999999998,
-13.575,12.6375,
-13.575,12.675,
-13.575,12.712499999999999,38.93052599759829
-13.575,12.75,38.9533881871261
-13.575,12.787499999999998,39.00483244365118
-13.575,12.825,39.030702021810264
-13.575,12.8625,39.0577605366569
-13.575,12.899999999999999,39.086698932544245
-13.575,12.9375,39.12245913804148
-13.575,12.974999999999998,39.160339635381696
-13.575,13.0125,39.180269591367974
-13.575,13.05,39.20069579560797
-13.575,13.087499999999999,39.230195670216396
-13.575,13.125,39.27426780920038
-13.575,13.162499999999998,39.32342505268881
-13.575,13.2,39.35682087654893
-13.575,13.2375,39.37328408689609
-13.575,13.274999999999999,39.403302219816666
-13.575,13.3125,39.40482929241784
-13.575,13.349999999999998,39.44485450953236
-13.575,13.3875,39.47772244572785
-13.575,13.425,39.500724303080695
-13.575,13.462499999999999,39.5152616455611
-13.575,13.5,39.524255971606955
-13.575,13.537499999999998,39.565079261631475
-13.575,13.575,39.592589565209764
-13.575,13.6125,39.60704719370267
-13.575,13.649999999999999,39.595690081009785
-13.575,13.6875,39.63234814216339
-13.575,13.724999999999998,39.66380686516967
-13.575,13.7625,39.69070838434603
-13.575,13.8,39.70695142990921
-13.575,13.837499999999999,39.707100770326015
-13.575,13.875,39.71464658802524
-13.575,13.912499999999998,39.74205603611997
-13.575,13.95,39.75077757772436
-13.575,13.9875,39.775834347418034
-13.575,14.024999999999999,39.79381152893474
-13.575,14.0625,39.812720278457476
-13.575,14.099999999999998,39.81166384098504
-13.575,14.1375,39.829490374915245
-13.575,14.175,39.842670756629566
-13.575,14.212499999999999,39.85717399330351
-13.575,14.25,39.86831025547708
-13.575,14.287499999999998,39.88896102043854
-13.575,14.325,39.91262249344617
-13.575,14.3625,39.940315777679636
-13.575,14.399999999999999,39.97215911305032
-13.575,14.4375,
-13.575,14.474999999999998,
-13.575,14.5125,
-13.575,14.55,
-13.575,14.587499999999999,
-13.575,14.625,
-13.575,14.662499999999998,
-13.575,14.7,
-13.575,14.7375,
-13.575,14.774999999999999,
-13.575,14.8125,
-13.575,14.849999999999998,
-13.575,14.8875,
-13.575,14.925,
-13.575,14.962499999999999,
-13.575,15.0,
-13.575,15.037499999999998,
-13.575,15.075,
-13.5375,12.45,
-13.5375,12.4875,
-13.5375,12.524999999999999,
-13.5375,12.5625,
-13.5375,12.599999999999998,
-13.5375,12.6375,
-13.5375,12.675,38.927073035368686
-13.5375,12.712499999999999,38.949700666046894
-13.5375,12.75,38.96313893309571
-13.5375,12.787499999999998,39.00710470433359
-13.5375,12.825,39.04029282242275
-13.5375,12.8625,39.066543458782945
-13.5375,12.899999999999999,39.07601349381647
-13.5375,12.9375,39.116750195693065
-13.5375,12.974999999999998,39.14905353618134
-13.5375,13.0125,39.184529333095234
-13.5375,13.05,39.21212023212755
-13.5375,13.087499999999999,39.25946892259553
-13.5375,13.125,39.30447057453104
-13.5375,13.162499999999998,39.357859011520034
-13.5375,13.2,39.39828128350304
-13.5375,13.2375,39.41591385394003
-13.5375,13.274999999999999,39.42967191918207
-13.5375,13.3125,39.4275362398465
-13.5375,13.349999999999998,39.451080196508016
-13.5375,13.3875,39.493825136238364
-13.5375,13.425,39.51494881283009
-13.5375,13.462499999999999,39.526071688657424
-13.5375,13.5,39.545558260549356
-13.5375,13.537499999999998,39.56438648104222
-13.5375,13.575,39.59175346277714
-13.5375,13.6125,39.61067988951369
-13.5375,13.649999999999999,39.59009913792394
-13.5375,13.6875,39.62313396629496
-13.5375,13.724999999999998,39.65955321323028
-13.5375,13.7625,39.68426632883827
-13.5375,13.8,39.69645035391419
-13.5375,13.837499999999999,39.70626028556883
-13.5375,13.875,39.723467829728044
-13.5375,13.912499999999998,39.74937651983473
-13.5375,13.95,39.7637574249545
-13.5375,13.9875,39.778373482627
-13.5375,14.024999999999999,39.791283393977736
-13.5375,14.0625,39.80275955491475
-13.5375,14.099999999999998,39.82035839312008
-13.5375,14.1375,39.83636735653329
-13.5375,14.175,39.85262533602581
-13.5375,14.212499999999999,39.86895566729229
-13.5375,14.25,39.87470559244697
-13.5375,14.287499999999998,39.89572035844638
-13.5375,14.325,39.918720327037725
-13.5375,14.3625,39.9478819368894
-13.5375,14.399999999999999,39.97998805336875
-13.5375,14.4375,
-13.5375,14.474999999999998,
-13.5375,14.5125,
-13.5375,14.55,
-13.5375,14.587499999999999,
-13.5375,14.625,
-13.5375,14.662499999999998,
-13.5375,14.7,
-13.5375,14.7375,
-13.5375,14.774999999999999,
-13.5375,14.8125,
-13.5375,14.849999999999998,
-13.5375,14.8875,
-13.5375,14.925,
-13.5375,14.962499999999999,
-13.5375,15.0,
-13.5375,15.037499999999998,
-13.5375,15.075,
-13.5,12.45,
-13.5,12.4875,
-13.5,12.524999999999999,
-13.5,12.5625,
-13.5,12.599999999999998,
-13.5,12.6375,
-13.5,12.675,
-13.5,12.712499999999999,38.95217959620543
-13.5,12.75,38.96386663487775
-13.5,12.787499999999998,38.995163974570914
-13.5,12.825,39.038481605525675
-13.5,12.8625,39.06306729206817
-13.5,12.899999999999999,39.07661149894589
-13.5,12.9375,39.11071483093924
-13.5,12.974999999999998,39.148671967548324
-13.5,13.0125,39.19988044465329
-13.5,13.05,39.233269553165925
-13.5,13.087499999999999,39.29024639140405
-13.5,13.125,39.33524496175508
-13.5,13.162499999999998,39.37666301061187
-13.5,13.2,39.41124571684387
-13.5,13.2375,39.430648804747975
-13.5,13.274999999999999,39.445842676550114
-13.5,13.3125,39.440419431207964
-13.5,13.349999999999998,39.47262341951763
-13.5,13.3875,39.50002295566093
-13.5,13.425,39.52752859983427
-13.5,13.462499999999999,39.53721696717739
-13.5,13.5,39.55556024784269
-13.5,13.537499999999998,39.576081095201744
-13.5,13.575,39.60489541807562
-13.5,13.6125,39.61610400241249
-13.5,13.649999999999999,39.654372931985385
-13.5,13.6875,39.63956218322282
-13.5,13.724999999999998,39.668819053106745
-13.5,13.7625,39.69522304786658
-13.5,13.8,39.70493193789813
-13.5,13.837499999999999,39.71708870036845
-13.5,13.875,39.71391539033607
-13.5,13.912499999999998,39.7399887431818
-13.5,13.95,39.756934337731686
-13.5,13.9875,39.78296970568895
-13.5,14.024999999999999,39.784412170784584
-13.5,14.0625,39.8017920666736
-13.5,14.099999999999998,39.81825373941838
-13.5,14.1375,39.84678236781098
-13.5,14.175,39.861778669476166
-13.5,14.212499999999999,39.881014888589455
-13.5,14.25,39.881231762496974
-13.5,14.287499999999998,39.89786441256235
-13.5,14.325,39.9197911639042
-13.5,14.3625,39.95280679083699
-13.5,14.399999999999999,39.982790883445446
-13.5,14.4375,
-13.5,14.474999999999998,
-13.5,14.5125,
-13.5,14.55,
-13.5,14.587499999999999,
-13.5,14.625,
-13.5,14.662499999999998,
-13.5,14.7,
-13.5,14.7375,
-13.5,14.774999999999999,
-13.5,14.8125,
-13.5,14.849999999999998,
-13.5,14.8875,
-13.5,14.925,
-13.5,14.962499999999999,
-13.5,15.0,
-13.5,15.037499999999998,
-13.5,15.075,
-13.462499999999999,12.45,
-13.462499999999999,12.4875,
-13.462499999999999,12.524999999999999,
-13.462499999999999,12.5625,
-13.462499999999999,12.599999999999998,
-13.462499999999999,12.6375,
-13.462499999999999,12.675,38.91937698417436
-13.462499999999999,12.712499999999999,38.93322859488299
-13.462499999999999,12.75,38.94981405490309
-13.462499999999999,12.787499999999998,38.974795629252824
-13.462499999999999,12.825,39.011937808791814
-13.462499999999999,12.8625,39.05135235085899
-13.462499999999999,12.899999999999999,39.08443037387609
-13.462499999999999,12.9375,39.14640816701112
-13.462499999999999,12.974999999999998,39.1913887878248
-13.462499999999999,13.0125,39.22736560638933
-13.462499999999999,13.05,39.248194907638165
-13.462499999999999,13.087499999999999,39.293107373270885
-13.462499999999999,13.125,39.356753031008424
-13.462499999999999,13.162499999999998,39.387745259922966
-13.462499999999999,13.2,39.41609199878063
-13.462499999999999,13.2375,39.44659936160862
-13.462499999999999,13.274999999999999,39.4596158746513
-13.462499999999999,13.3125,39.45800299884636
-13.462499999999999,13.349999999999998,39.47690589684043
-13.462499999999999,13.3875,39.48435412358991
-13.462499999999999,13.425,39.519098148165796
-13.462499999999999,13.462499999999999,39.54869271244556
-13.462499999999999,13.5,39.563365129980504
-13.462499999999999,13.537499999999998,39.58789935966601
-13.462499999999999,13.575,39.60649238196996
-13.462499999999999,13.6125,39.62602520843469
-13.462499999999999,13.649999999999999,39.64863730494351
-13.462499999999999,13.6875,39.68524036242688
-13.462499999999999,13.724999999999998,39.67004326753258
-13.462499999999999,13.7625,39.69478103571753
-13.462499999999999,13.8,39.71008350711246
-13.462499999999999,13.837499999999999,39.72268587320694
-13.462499999999999,13.875,39.715910229571264
-13.462499999999999,13.912499999999998,39.73305091642748
-13.462499999999999,13.95,39.742233814756034
-13.462499999999999,13.9875,39.75624573434356
-13.462499999999999,14.024999999999999,39.77581258927876
-13.462499999999999,14.0625,39.798854812383475
-13.462499999999999,14.099999999999998,39.81551446510519
-13.462499999999999,14.1375,39.833136242070545
-13.462499999999999,14.175,39.84810577315905
-13.462499999999999,14.212499999999999,39.86872391134473
-13.462499999999999,14.25,39.87508047374157
-13.462499999999999,14.287499999999998,39.89772499893415
-13.462499999999999,14.325,39.91949416397897
-13.462499999999999,14.3625,39.93830991784577
-13.462499999999999,14.399999999999999,39.9727961651618
-13.462499999999999,14.4375,40.00595887108625
-13.462499999999999,14.474999999999998,
-13.462499999999999,14.5125,
-13.462499999999999,14.55,
-13.462499999999999,14.587499999999999,
-13.462499999999999,14.625,
-13.462499999999999,14.662499999999998,
-13.462499999999999,14.7,
-13.462499999999999,14.7375,
-13.462499999999999,14.774999999999999,
-13.462499999999999,14.8125,
-13.462499999999999,14.849999999999998,
-13.462499999999999,14.8875,
-13.462499999999999,14.925,
-13.462499999999999,14.962499999999999,
-13.462499999999999,15.0,
-13.462499999999999,15.037499999999998,
-13.462499999999999,15.075,
-13.425,12.45,
-13.425,12.4875,
-13.425,12.524999999999999,
-13.425,12.5625,
-13.425,12.599999999999998,
-13.425,12.6375,
-13.425,12.675,38.91234826436368
-13.425,12.712499999999999,38.940522046080304
-13.425,12.75,38.97754697188919
-13.425,12.787499999999998,38.988375945224576
-13.425,12.825,39.02739233884792
-13.425,12.8625,39.068740352305255
-13.425,12.899999999999999,39.114593494069
-13.425,12.9375,39.16038787088329
-13.425,12.974999999999998,39.209679060326
-13.425,13.0125,39.23058824641612
-13.425,13.05,39.27106300844832
-13.425,13.087499999999999,39.31473630301338
-13.425,13.125,39.36513340430847
-13.425,13.162499999999998,39.40029268494795
-13.425,13.2,39.44380028112011
-13.425,13.2375,39.46646641722996
-13.425,13.274999999999999,39.46406591837989
-13.425,13.3125,39.4707464066953
-13.425,13.349999999999998,39.47204572797083
-13.425,13.3875,39.49600611686075
-13.425,13.425,39.52516552520429
-13.425,13.462499999999999,39.55418629229573
-13.425,13.5,39.5757299697287
-13.425,13.537499999999998,39.597028259802194
-13.425,13.575,39.613060700002265
-13.425,13.6125,39.64183921900796
-13.425,13.649999999999999,39.668828128220746
-13.425,13.6875,39.64902201653982
-13.425,13.724999999999998,39.68210410155482
-13.425,13.7625,39.71167494064204
-13.425,13.8,39.72709870387134
-13.425,13.837499999999999,39.73326649577961
-13.425,13.875,39.7571533365863
-13.425,13.912499999999998,39.764049486374425
-13.425,13.95,39.78645997310338
-13.425,13.9875,39.756005823449975
-13.425,14.024999999999999,39.77109947413659
-13.425,14.0625,39.789265138582195
-13.425,14.099999999999998,39.80312685145005
-13.425,14.1375,39.82241186670218
-13.425,14.175,39.83401263539961
-13.425,14.212499999999999,39.85140623455641
-13.425,14.25,39.87058980864949
-13.425,14.287499999999998,39.888716407783264
-13.425,14.325,39.90188937118152
-13.425,14.3625,39.9372651418005
-13.425,14.399999999999999,39.97116122092184
-13.425,14.4375,40.00971067715849
-13.425,14.474999999999998,
-13.425,14.5125,
-13.425,14.55,
-13.425,14.587499999999999,
-13.425,14.625,
-13.425,14.662499999999998,
-13.425,14.7,
-13.425,14.7375,
-13.425,14.774999999999999,
-13.425,14.8125,
-13.425,14.849999999999998,
-13.425,14.8875,
-13.425,14.925,
-13.425,14.962499999999999,
-13.425,15.0,
-13.425,15.037499999999998,
-13.425,15.075,
-13.3875,12.45,
-13.3875,12.4875,
-13.3875,12.524999999999999,
-13.3875,12.5625,
-13.3875,12.599999999999998,
-13.3875,12.6375,
-13.3875,12.675,38.91164718760047
-13.3875,12.712499999999999,38.95080157294615
-13.3875,12.75,38.9852575255627
-13.3875,12.787499999999998,39.00955361799438
-13.3875,12.825,39.02696330684193
-13.3875,12.8625,39.094865931222245
-13.3875,12.899999999999999,39.14263378858066
-13.3875,12.9375,39.18091857274193
-13.3875,12.974999999999998,39.21544513083867
-13.3875,13.0125,39.260352386327334
-13.3875,13.05,39.290873007421986
-13.3875,13.087499999999999,39.33146394513549
-13.3875,13.125,39.3745996719033
-13.3875,13.162499999999998,39.417995446910055
-13.3875,13.2,39.44007743951706
-13.3875,13.2375,39.45572060327527
-13.3875,13.274999999999999,39.45843478983041
-13.3875,13.3125,39.47001446972961
-13.3875,13.349999999999998,39.489767638423054
-13.3875,13.3875,39.505252727388886
-13.3875,13.425,39.54280619190441
-13.3875,13.462499999999999,39.56522070426805
-13.3875,13.5,39.58087995969935
-13.3875,13.537499999999998,39.60369321154203
-13.3875,13.575,39.624049695788216
-13.3875,13.6125,39.64195860949188
-13.3875,13.649999999999999,39.66037248818377
-13.3875,13.6875,39.654548806967355
-13.3875,13.724999999999998,39.68448963829903
-13.3875,13.7625,39.709060033320654
-13.3875,13.8,39.7234199532946
-13.3875,13.837499999999999,39.74061654146784
-13.3875,13.875,39.7752695436302
-13.3875,13.912499999999998,39.76637231901694
-13.3875,13.95,39.79032669167855
-13.3875,13.9875,39.79767905759865
-13.3875,14.024999999999999,39.8015149751252
-13.3875,14.0625,39.815549349928006
-13.3875,14.099999999999998,39.83677728989691
-13.3875,14.1375,39.84685466317553
-13.3875,14.175,39.860551197389825
-13.3875,14.212499999999999,39.880690934968115
-13.3875,14.25,39.899259371132985
-13.3875,14.287499999999998,39.877764814859525
-13.3875,14.325,39.8991345322938
-13.3875,14.3625,39.93236075597942
-13.3875,14.399999999999999,39.96884723597646
-13.3875,14.4375,40.0058910609538
-13.3875,14.474999999999998,40.04244023386916
-13.3875,14.5125,
-13.3875,14.55,
-13.3875,14.587499999999999,
-13.3875,14.625,
-13.3875,14.662499999999998,
-13.3875,14.7,
-13.3875,14.7375,
-13.3875,14.774999999999999,
-13.3875,14.8125,
-13.3875,14.849999999999998,
-13.3875,14.8875,
-13.3875,14.925,
-13.3875,14.962499999999999,
-13.3875,15.0,
-13.3875,15.037499999999998,
-13.3875,15.075,
-13.35,12.45,
-13.35,12.4875,
-13.35,12.524999999999999,
-13.35,12.5625,
-13.35,12.599999999999998,
-13.35,12.6375,
-13.35,12.675,
-13.35,12.712499999999999,38.98037642039585
-13.35,12.75,38.99577773677333
-13.35,12.787499999999998,39.0219099648689
-13.35,12.825,39.04231969037154
-13.35,12.8625,39.10925688029134
-13.35,12.899999999999999,39.1504154928097
-13.35,12.9375,39.19665919222516
-13.35,12.974999999999998,39.23992225397491
-13.35,13.0125,39.27483552988284
-13.35,13.05,39.299949969178066
-13.35,13.087499999999999,39.337271481422846
-13.35,13.125,39.37140166619689
-13.35,13.162499999999998,39.42017034468992
-13.35,13.2,39.44514358176316
-13.35,13.2375,39.4537105903616
-13.35,13.274999999999999,39.480954746689356
-13.35,13.3125,39.499799124865646
-13.35,13.349999999999998,39.500785365575254
-13.35,13.3875,39.51526887226723
-13.35,13.425,39.53936720594489
-13.35,13.462499999999999,39.5602354480099
-13.35,13.5,39.57508031340925
-13.35,13.537499999999998,39.60484954796345
-13.35,13.575,39.628744149570124
-13.35,13.6125,39.65063325413554
-13.35,13.649999999999999,39.66793265981334
-13.35,13.6875,39.666799628813
-13.35,13.724999999999998,39.68389721551315
-13.35,13.7625,39.71150171229604
-13.35,13.8,39.728964949656664
-13.35,13.837499999999999,39.761944934538114
-13.35,13.875,39.76961044738071
-13.35,13.912499999999998,39.768185336487115
-13.35,13.95,39.793656482468336
-13.35,13.9875,39.80149343193822
-13.35,14.024999999999999,39.80886891152342
-13.35,14.0625,39.81191199433617
-13.35,14.099999999999998,39.828828318586766
-13.35,14.1375,39.848750637367104
-13.35,14.175,39.86533635224281
-13.35,14.212499999999999,39.86801340786462
-13.35,14.25,39.88491987855865
-13.35,14.287499999999998,39.91636847537411
-13.35,14.325,39.925106708143154
-13.35,14.3625,39.95824613775387
-13.35,14.399999999999999,39.975447150927494
-13.35,14.4375,40.0110434886369
-13.35,14.474999999999998,40.04789941914999
-13.35,14.5125,40.081597981213875
-13.35,14.55,
-13.35,14.587499999999999,
-13.35,14.625,
-13.35,14.662499999999998,
-13.35,14.7,
-13.35,14.7375,
-13.35,14.774999999999999,
-13.35,14.8125,
-13.35,14.849999999999998,
-13.35,14.8875,
-13.35,14.925,
-13.35,14.962499999999999,
-13.35,15.0,
-13.35,15.037499999999998,
-13.35,15.075,
-13.3125,12.45,
-13.3125,12.4875,
-13.3125,12.524999999999999,
-13.3125,12.5625,
-13.3125,12.599999999999998,
-13.3125,12.6375,
-13.3125,12.675,38.93266596981127
-13.3125,12.712499999999999,38.98989613082137
-13.3125,12.75,39.032154954934505
-13.3125,12.787499999999998,39.043586691742256
-13.3125,12.825,39.06665466908164
-13.3125,12.8625,39.105339535767506
-13.3125,12.899999999999999,39.1504899625773
-13.3125,12.9375,39.188181730753165
-13.3125,12.974999999999998,39.245722318764805
-13.3125,13.0125,39.26296448715005
-13.3125,13.05,39.30416619086197
-13.3125,13.087499999999999,39.3437145746792
-13.3125,13.125,39.382114605808404
-13.3125,13.162499999999998,39.42056785266686
-13.3125,13.2,39.46006136263712
-13.3125,13.2375,39.478308285129025
-13.3125,13.274999999999999,39.51780601476737
-13.3125,13.3125,39.51997807734481
-13.3125,13.349999999999998,39.52855086028333
-13.3125,13.3875,39.54825072071238
-13.3125,13.425,39.54171451687594
-13.3125,13.462499999999999,39.56259915755128
-13.3125,13.5,39.59867731744865
-13.3125,13.537499999999998,39.61962560976893
-13.3125,13.575,39.63942938103971
-13.3125,13.6125,39.65951480032927
-13.3125,13.649999999999999,39.65023230456301
-13.3125,13.6875,39.67360146790879
-13.3125,13.724999999999998,39.69203210210068
-13.3125,13.7625,39.71164299571169
-13.3125,13.8,39.7529186488292
-13.3125,13.837499999999999,39.76727416260829
-13.3125,13.875,39.778710250054765
-13.3125,13.912499999999998,39.77119291531629
-13.3125,13.95,39.78965950752739
-13.3125,13.9875,39.800963100070696
-13.3125,14.024999999999999,39.81039147240134
-13.3125,14.0625,39.82491742122144
-13.3125,14.099999999999998,39.82542698463035
-13.3125,14.1375,39.8656798481848
-13.3125,14.175,39.87066373047334
-13.3125,14.212499999999999,39.88599113201067
-13.3125,14.25,39.900759425486285
-13.3125,14.287499999999998,39.91664982971076
-13.3125,14.325,39.93791528370957
-13.3125,14.3625,39.93648461896245
-13.3125,14.399999999999999,39.9760005505327
-13.3125,14.4375,40.01592840972975
-13.3125,14.474999999999998,40.05453609513994
-13.3125,14.5125,40.09213058300203
-13.3125,14.55,40.13163368696241
-13.3125,14.587499999999999,
-13.3125,14.625,
-13.3125,14.662499999999998,
-13.3125,14.7,
-13.3125,14.7375,
-13.3125,14.774999999999999,
-13.3125,14.8125,
-13.3125,14.849999999999998,
-13.3125,14.8875,
-13.3125,14.925,
-13.3125,14.962499999999999,
-13.3125,15.0,
-13.3125,15.037499999999998,
-13.3125,15.075,
-13.274999999999999,12.45,
-13.274999999999999,12.4875,
-13.274999999999999,12.524999999999999,
-13.274999999999999,12.5625,
-13.274999999999999,12.599999999999998,
-13.274999999999999,12.6375,
-13.274999999999999,12.675,38.932438661635196
-13.274999999999999,12.712499999999999,38.97567790406312
-13.274999999999999,12.75,39.007487609085864
-13.274999999999999,12.787499999999998,39.04597734590517
-13.274999999999999,12.825,39.076534886927796
-13.274999999999999,12.8625,39.1051703261993
-13.274999999999999,12.899999999999999,39.160273781628995
-13.274999999999999,12.9375,39.19013143010281
-13.274999999999999,12.974999999999998,39.228106854834
-13.274999999999999,13.0125,39.273710948717635
-13.274999999999999,13.05,39.32779228169985
-13.274999999999999,13.087499999999999,39.36401665880525
-13.274999999999999,13.125,39.41074482567539
-13.274999999999999,13.162499999999998,39.44361576185211
-13.274999999999999,13.2,39.48932946574754
-13.274999999999999,13.2375,39.50881878913695
-13.274999999999999,13.274999999999999,39.53735586514578
-13.274999999999999,13.3125,39.534314897784604
-13.274999999999999,13.349999999999998,39.558497600244124
-13.274999999999999,13.3875,39.57573249873237
-13.274999999999999,13.425,39.56274893078363
-13.274999999999999,13.462499999999999,39.57689005362493
-13.274999999999999,13.5,39.61657245561413
-13.274999999999999,13.537499999999998,39.63169476124893
-13.274999999999999,13.575,39.64105343930751
-13.274999999999999,13.6125,39.668884164270175
-13.274999999999999,13.649999999999999,39.66253471341676
-13.274999999999999,13.6875,39.68244942027405
-13.274999999999999,13.724999999999998,39.70111824178422
-13.274999999999999,13.7625,39.72232080737714
-13.274999999999999,13.8,39.755391452882776
-13.274999999999999,13.837499999999999,39.77106422615681
-13.274999999999999,13.875,39.784642597308114
-13.274999999999999,13.912499999999998,39.796495954691245
-13.274999999999999,13.95,39.79249780754364
-13.274999999999999,13.9875,39.822872603205916
-13.274999999999999,14.024999999999999,39.82292840804404
-13.274999999999999,14.0625,39.84023199016835
-13.274999999999999,14.099999999999998,39.84091992608548
-13.274999999999999,14.1375,39.84584941256653
-13.274999999999999,14.175,39.870509528177195
-13.274999999999999,14.212499999999999,39.88637184140933
-13.274999999999999,14.25,39.900929643989485
-13.274999999999999,14.287499999999998,39.91440990949219
-13.274999999999999,14.325,39.93607065491613
-13.274999999999999,14.3625,39.95822540742836
-13.274999999999999,14.399999999999999,39.97537814556734
-13.274999999999999,14.4375,40.0184401754581
-13.274999999999999,14.474999999999998,40.06197029550513
-13.274999999999999,14.5125,40.101140673998664
-13.274999999999999,14.55,40.14216991937223
-13.274999999999999,14.587499999999999,40.18386218805751
-13.274999999999999,14.625,
-13.274999999999999,14.662499999999998,
-13.274999999999999,14.7,
-13.274999999999999,14.7375,
-13.274999999999999,14.774999999999999,
-13.274999999999999,14.8125,
-13.274999999999999,14.849999999999998,
-13.274999999999999,14.8875,
-13.274999999999999,14.925,
-13.274999999999999,14.962499999999999,
-13.274999999999999,15.0,
-13.274999999999999,15.037499999999998,
-13.274999999999999,15.075,
-13.2375,12.45,
-13.2375,12.4875,
-13.2375,12.524999999999999,
-13.2375,12.5625,
-13.2375,12.599999999999998,
-13.2375,12.6375,
-13.2375,12.675,38.93275517000596
-13.2375,12.712499999999999,38.96080816474091
-13.2375,12.75,39.01109058141278
-13.2375,12.787499999999998,39.05079877134351
-13.2375,12.825,39.08095718692143
-13.2375,12.8625,39.12523559076353
-13.2375,12.899999999999999,39.15327501929786
-13.2375,12.9375,39.204181794021274
-13.2375,12.974999999999998,39.235249793723554
-13.2375,13.0125,
-13.2375,13.05,39.33411216901293
-13.2375,13.087499999999999,39.40149969547283
-13.2375,13.125,39.43894904764657
-13.2375,13.162499999999998,39.476690886016215
-13.2375,13.2,39.526154642086134
-13.2375,13.2375,39.52789647012987
-13.2375,13.274999999999999,39.55365207696238
-13.2375,13.3125,39.56505699828655
-13.2375,13.349999999999998,39.5764829564844
-13.2375,13.3875,39.57145089175286
-13.2375,13.425,39.574917132889446
-13.2375,13.462499999999999,39.59389388768234
-13.2375,13.5,39.62665741698981
-13.2375,13.537499999999998,39.63255798351083
-13.2375,13.575,39.6432930338397
-13.2375,13.6125,39.647655816123894
-13.2375,13.649999999999999,39.667663860275034
-13.2375,13.6875,39.68853188509503
-13.2375,13.724999999999998,39.708412158728635
-13.2375,13.7625,39.74540607497861
-13.2375,13.8,39.76477305921804
-13.2375,13.837499999999999,39.77947536696603
-13.2375,13.875,39.79027928063793
-13.2375,13.912499999999998,39.80105782481777
-13.2375,13.95,39.81910957318864
-13.2375,13.9875,39.82070762470718
-13.2375,14.024999999999999,39.82627421187741
-13.2375,14.0625,39.842253463344754
-13.2375,14.099999999999998,39.851309034814996
-13.2375,14.1375,39.85537566721882
-13.2375,14.175,39.864113974918226
-13.2375,14.212499999999999,39.88919049351749
-13.2375,14.25,39.89357549811177
-13.2375,14.287499999999998,39.91265306872617
-13.2375,14.325,39.91871620314277
-13.2375,14.3625,39.9618591691537
-13.2375,14.399999999999999,40.00277157984741
-13.2375,14.4375,40.02293582873386
-13.2375,14.474999999999998,40.06652532604552
-13.2375,14.5125,40.10607076276852
-13.2375,14.55,40.148715081460026
-13.2375,14.587499999999999,40.19289204861158
-13.2375,14.625,
-13.2375,14.662499999999998,
-13.2375,14.7,
-13.2375,14.7375,
-13.2375,14.774999999999999,
-13.2375,14.8125,
-13.2375,14.849999999999998,
-13.2375,14.8875,
-13.2375,14.925,
-13.2375,14.962499999999999,
-13.2375,15.0,
-13.2375,15.037499999999998,
-13.2375,15.075,
-13.2,12.45,
-13.2,12.4875,
-13.2,12.524999999999999,
-13.2,12.5625,
-13.2,12.599999999999998,
-13.2,12.6375,
-13.2,12.675,38.92735277872222
-13.2,12.712499999999999,38.9907175275392
-13.2,12.75,39.02638242267679
-13.2,12.787499999999998,39.0531563949726
-13.2,12.825,39.095820360971565
-13.2,12.8625,39.125741292217874
-13.2,12.899999999999999,39.16302626412359
-13.2,12.9375,39.220100342428786
-13.2,12.974999999999998,39.243791370279425
-13.2,13.0125,
-13.2,13.05,
-13.2,13.087499999999999,39.42792424356204
-13.2,13.125,39.471380652054464
-13.2,13.162499999999998,39.50224393063175
-13.2,13.2,39.56238350083848
-13.2,13.2375,39.55600907712614
-13.2,13.274999999999999,39.574007685185855
-13.2,13.3125,39.588655278805454
-13.2,13.349999999999998,39.58386286476886
-13.2,13.3875,39.605921384423965
-13.2,13.425,39.59949092711441
-13.2,13.462499999999999,39.60535836681476
-13.2,13.5,39.61862799971732
-13.2,13.537499999999998,39.634732367119184
-13.2,13.575,39.65238194430795
-13.2,13.6125,39.6407429860171
-13.2,13.649999999999999,39.66447422812418
-13.2,13.6875,39.683622485734915
-13.2,13.724999999999998,39.70606386636111
-13.2,13.7625,39.749683163154074
-13.2,13.8,39.77194434982073
-13.2,13.837499999999999,39.78538691607306
-13.2,13.875,39.79717389354311
-13.2,13.912499999999998,39.80719101165046
-13.2,13.95,39.8169739573723
-13.2,13.9875,39.823503893387056
-13.2,14.024999999999999,39.830428207892446
-13.2,14.0625,39.84144341717501
-13.2,14.099999999999998,39.859096492241775
-13.2,14.1375,39.862310468678785
-13.2,14.175,39.863413612501226
-13.2,14.212499999999999,39.869209731972745
-13.2,14.25,39.889245199874054
-13.2,14.287499999999998,39.91482720464428
-13.2,14.325,39.9176764530896
-13.2,14.3625,39.958574980076556
-13.2,14.399999999999999,40.00517824337626
-13.2,14.4375,40.04758140573223
-13.2,14.474999999999998,40.06833937796516
-13.2,14.5125,40.11226004076937
-13.2,14.55,40.154865963344115
-13.2,14.587499999999999,40.20838394975608
-13.2,14.625,
-13.2,14.662499999999998,
-13.2,14.7,
-13.2,14.7375,
-13.2,14.774999999999999,
-13.2,14.8125,
-13.2,14.849999999999998,
-13.2,14.8875,
-13.2,14.925,
-13.2,14.962499999999999,
-13.2,15.0,
-13.2,15.037499999999998,
-13.2,15.075,
-13.1625,12.45,
-13.1625,12.4875,
-13.1625,12.524999999999999,
-13.1625,12.5625,
-13.1625,12.599999999999998,
-13.1625,12.6375,38.90111753248
-13.1625,12.675,38.947162528214925
-13.1625,12.712499999999999,38.98858144223823
-13.1625,12.75,39.0215899634317
-13.1625,12.787499999999998,39.04802441340775
-13.1625,12.825,39.07491059631839
-13.1625,12.8625,39.11891009734152
-13.1625,12.899999999999999,39.163283970236
-13.1625,12.9375,39.20730180774896
-13.1625,12.974999999999998,
-13.1625,13.0125,
-13.1625,13.05,
-13.1625,13.087499999999999,39.439196846026086
-13.1625,13.125,39.50420543577622
-13.1625,13.162499999999998,39.54605673989768
-13.1625,13.2,39.5962492173993
-13.1625,13.2375,39.59554172188168
-13.1625,13.274999999999999,39.60774228114565
-13.1625,13.3125,39.613274434607014
-13.1625,13.349999999999998,39.62768033735327
-13.1625,13.3875,39.63422117597488
-13.1625,13.425,39.63886571008469
-13.1625,13.462499999999999,39.62479071272431
-13.1625,13.5,39.63683887691631
-13.1625,13.537499999999998,39.668916842734035
-13.1625,13.575,39.673361602157804
-13.1625,13.6125,39.67106705638387
-13.1625,13.649999999999999,39.68419624673693
-13.1625,13.6875,39.6977494786103
-13.1625,13.724999999999998,39.734142096831604
-13.1625,13.7625,39.747957213274354
-13.1625,13.8,39.7792966205415
-13.1625,13.837499999999999,39.78670869998764
-13.1625,13.875,39.80042761251973
-13.1625,13.912499999999998,39.797056257794075
-13.1625,13.95,39.82273574394364
-13.1625,13.9875,39.83053236539571
-13.1625,14.024999999999999,39.83981546527248
-13.1625,14.0625,39.849992388425264
-13.1625,14.099999999999998,39.86325946963424
-13.1625,14.1375,39.870320504402834
-13.1625,14.175,39.86969983731196
-13.1625,14.212499999999999,39.88349287141969
-13.1625,14.25,39.88716680219591
-13.1625,14.287499999999998,39.88616508876027
-13.1625,14.325,39.90959959869174
-13.1625,14.3625,39.95395120043874
-13.1625,14.399999999999999,40.00371075747877
-13.1625,14.4375,40.04759718026379
-13.1625,14.474999999999998,40.074139548060735
-13.1625,14.5125,40.11819078877979
-13.1625,14.55,40.16198615316164
-13.1625,14.587499999999999,40.21827642735572
-13.1625,14.625,
-13.1625,14.662499999999998,
-13.1625,14.7,
-13.1625,14.7375,
-13.1625,14.774999999999999,
-13.1625,14.8125,
-13.1625,14.849999999999998,
-13.1625,14.8875,
-13.1625,14.925,
-13.1625,14.962499999999999,
-13.1625,15.0,
-13.1625,15.037499999999998,
-13.1625,15.075,
-13.125,12.45,
-13.125,12.4875,
-13.125,12.524999999999999,
-13.125,12.5625,
-13.125,12.599999999999998,
-13.125,12.6375,
-13.125,12.675,
-13.125,12.712499999999999,39.007453587352074
-13.125,12.75,39.03177563258455
-13.125,12.787499999999998,39.04528450132743
-13.125,12.825,39.08453783545293
-13.125,12.8625,
-13.125,12.899999999999999,
-13.125,12.9375,
-13.125,12.974999999999998,
-13.125,13.0125,
-13.125,13.05,
-13.125,13.087499999999999,39.45758602845699
-13.125,13.125,39.541544775045686
-13.125,13.162499999999998,39.587367221416905
-13.125,13.2,39.62462424844413
-13.125,13.2375,39.62765601495075
-13.125,13.274999999999999,39.642306413933845
-13.125,13.3125,39.64346612205043
-13.125,13.349999999999998,39.64652378697627
-13.125,13.3875,39.65590992774939
-13.125,13.425,39.64835465947407
-13.125,13.462499999999999,39.64158361892483
-13.125,13.5,39.66027075082887
-13.125,13.537499999999998,39.686850185348135
-13.125,13.575,39.68285247764702
-13.125,13.6125,39.68707180717309
-13.125,13.649999999999999,39.70451489999786
-13.125,13.6875,39.72265572709615
-13.125,13.724999999999998,39.759861801271505
-13.125,13.7625,39.75717793875707
-13.125,13.8,39.77645523237248
-13.125,13.837499999999999,39.78599107754044
-13.125,13.875,39.78542645919158
-13.125,13.912499999999998,39.795970671437004
-13.125,13.95,39.81705657281658
-13.125,13.9875,39.83281293696253
-13.125,14.024999999999999,39.84681093011799
-13.125,14.0625,39.85854295606067
-13.125,14.099999999999998,39.862871302134074
-13.125,14.1375,39.87292543355048
-13.125,14.175,39.87216161271723
-13.125,14.212499999999999,39.88760494492634
-13.125,14.25,39.86881504133998
-13.125,14.287499999999998,39.89638204460443
-13.125,14.325,39.92142090900009
-13.125,14.3625,39.96420806623476
-13.125,14.399999999999999,40.01060310953919
-13.125,14.4375,40.03437856848071
-13.125,14.474999999999998,40.08007223097993
-13.125,14.5125,40.126368941564095
-13.125,14.55,40.171490100597794
-13.125,14.587499999999999,40.226485795671735
-13.125,14.625,
-13.125,14.662499999999998,
-13.125,14.7,
-13.125,14.7375,
-13.125,14.774999999999999,
-13.125,14.8125,
-13.125,14.849999999999998,
-13.125,14.8875,
-13.125,14.925,
-13.125,14.962499999999999,
-13.125,15.0,
-13.125,15.037499999999998,
-13.125,15.075,
-13.087499999999999,12.45,
-13.087499999999999,12.4875,
-13.087499999999999,12.524999999999999,
-13.087499999999999,12.5625,
-13.087499999999999,12.599999999999998,
-13.087499999999999,12.6375,
-13.087499999999999,12.675,
-13.087499999999999,12.712499999999999,
-13.087499999999999,12.75,
-13.087499999999999,12.787499999999998,
-13.087499999999999,12.825,
-13.087499999999999,12.8625,
-13.087499999999999,12.899999999999999,
-13.087499999999999,12.9375,
-13.087499999999999,12.974999999999998,
-13.087499999999999,13.0125,
-13.087499999999999,13.05,39.4291656235228
-13.087499999999999,13.087499999999999,39.49177705880256
-13.087499999999999,13.125,39.55351867835597
-13.087499999999999,13.162499999999998,39.61017645780165
-13.087499999999999,13.2,39.64766668381947
-13.087499999999999,13.2375,39.63986955068655
-13.087499999999999,13.274999999999999,39.64612170213539
-13.087499999999999,13.3125,39.65101829248335
-13.087499999999999,13.349999999999998,39.64727390966633
-13.087499999999999,13.3875,39.64404173980589
-13.087499999999999,13.425,39.64065476573265
-13.087499999999999,13.462499999999999,39.64648610430519
-13.087499999999999,13.5,39.672945537742244
-13.087499999999999,13.537499999999998,39.687111705783344
-13.087499999999999,13.575,39.70554218931884
-13.087499999999999,13.6125,39.702298184492705
-13.087499999999999,13.649999999999999,39.71251672509904
-13.087499999999999,13.6875,39.736355873805195
-13.087499999999999,13.724999999999998,39.7708923508447
-13.087499999999999,13.7625,39.781104950812804
-13.087499999999999,13.8,39.779439750328514
-13.087499999999999,13.837499999999999,39.79073046548909
-13.087499999999999,13.875,39.8014367450243
-13.087499999999999,13.912499999999998,39.82271786259558
-13.087499999999999,13.95,39.829706183745245
-13.087499999999999,13.9875,39.83449772882339
-13.087499999999999,14.024999999999999,39.85285700979552
-13.087499999999999,14.0625,39.85989805178437
-13.087499999999999,14.099999999999998,39.87055228308229
-13.087499999999999,14.1375,39.85175019655911
-13.087499999999999,14.175,39.85529861308747
-13.087499999999999,14.212499999999999,39.877230809974115
-13.087499999999999,14.25,39.87660013632668
-13.087499999999999,14.287499999999998,39.89440520426713
-13.087499999999999,14.325,39.924891925122246
-13.087499999999999,14.3625,39.97000109495847
-13.087499999999999,14.399999999999999,40.01634949392734
-13.087499999999999,14.4375,40.038423988432555
-13.087499999999999,14.474999999999998,40.085894995921336
-13.087499999999999,14.5125,40.128393032726244
-13.087499999999999,14.55,40.1851943498185
-13.087499999999999,14.587499999999999,40.23603101634528
-13.087499999999999,14.625,
-13.087499999999999,14.662499999999998,
-13.087499999999999,14.7,
-13.087499999999999,14.7375,
-13.087499999999999,14.774999999999999,
-13.087499999999999,14.8125,
-13.087499999999999,14.849999999999998,
-13.087499999999999,14.8875,
-13.087499999999999,14.925,
-13.087499999999999,14.962499999999999,
-13.087499999999999,15.0,
-13.087499999999999,15.037499999999998,
-13.087499999999999,15.075,
-13.05,12.45,
-13.05,12.4875,
-13.05,12.524999999999999,
-13.05,12.5625,
-13.05,12.599999999999998,
-13.05,12.6375,
-13.05,12.675,
-13.05,12.712499999999999,
-13.05,12.75,
-13.05,12.787499999999998,
-13.05,12.825,
-13.05,12.8625,
-13.05,12.899999999999999,
-13.05,12.9375,
-13.05,12.974999999999998,
-13.05,13.0125,
-13.05,13.05,
-13.05,13.087499999999999,39.53015073378574
-13.05,13.125,39.585093095610546
-13.05,13.162499999999998,39.640545349912934
-13.05,13.2,39.68956191380832
-13.05,13.2375,39.68324939346847
-13.05,13.274999999999999,39.66902869394965
-13.05,13.3125,39.67196665888686
-13.05,13.349999999999998,39.657860021831716
-13.05,13.3875,39.66695697692477
-13.05,13.425,39.677989406950886
-13.05,13.462499999999999,39.68678757144093
-13.05,13.5,39.684031205248296
-13.05,13.537499999999998,39.69071979783019
-13.05,13.575,39.72046460638296
-13.05,13.6125,39.730025422532016
-13.05,13.649999999999999,39.731435408443325
-13.05,13.6875,39.74729480351001
-13.05,13.724999999999998,39.759427676965046
-13.05,13.7625,39.79762699910088
-13.05,13.8,39.79126970502414
-13.05,13.837499999999999,39.80010825631003
-13.05,13.875,39.81788922416056
-13.05,13.912499999999998,39.824165961490586
-13.05,13.95,39.84366529680517
-13.05,13.9875,39.84628261661503
-13.05,14.024999999999999,39.844803254794414
-13.05,14.0625,39.86245386135301
-13.05,14.099999999999998,39.85454330199847
-13.05,14.1375,39.86149289478531
-13.05,14.175,39.86261594261438
-13.05,14.212499999999999,39.857028028670975
-13.05,14.25,39.86216420732492
-13.05,14.287499999999998,39.87196815806081
-13.05,14.325,39.90032682819969
-13.05,14.3625,39.96767971374236
-13.05,14.399999999999999,40.00908513379022
-13.05,14.4375,40.025519605140616
-13.05,14.474999999999998,40.07812035887485
-13.05,14.5125,40.134443363914485
-13.05,14.55,40.18861472063082
-13.05,14.587499999999999,
-13.05,14.625,
-13.05,14.662499999999998,
-13.05,14.7,
-13.05,14.7375,
-13.05,14.774999999999999,
-13.05,14.8125,
-13.05,14.849999999999998,
-13.05,14.8875,
-13.05,14.925,
-13.05,14.962499999999999,
-13.05,15.0,
-13.05,15.037499999999998,
-13.05,15.075,
-13.0125,12.45,
-13.0125,12.4875,
-13.0125,12.524999999999999,
-13.0125,12.5625,
-13.0125,12.599999999999998,
-13.0125,12.6375,
-13.0125,12.675,
-13.0125,12.712499999999999,
-13.0125,12.75,
-13.0125,12.787499999999998,
-13.0125,12.825,
-13.0125,12.8625,
-13.0125,12.899999999999999,
-13.0125,12.9375,
-13.0125,12.974999999999998,
-13.0125,13.0125,
-13.0125,13.05,
-13.0125,13.087499999999999,39.53440462631435
-13.0125,13.125,39.614825064341225
-13.0125,13.162499999999998,39.65996855149679
-13.0125,13.2,39.69822559346652
-13.0125,13.2375,39.69380520758758
-13.0125,13.274999999999999,39.69151008230823
-13.0125,13.3125,39.695281027021224
-13.0125,13.349999999999998,39.69257481787695
-13.0125,13.3875,39.691112411391096
-13.0125,13.425,39.706468180349006
-13.0125,13.462499999999999,39.71277093134102
-13.0125,13.5,39.714367987668844
-13.0125,13.537499999999998,39.714265662746776
-13.0125,13.575,39.725100828215105
-13.0125,13.6125,39.734286680212946
-13.0125,13.649999999999999,39.73709624349379
-13.0125,13.6875,39.76798697039897
-13.0125,13.724999999999998,39.77315060279646
-13.0125,13.7625,39.769511146662246
-13.0125,13.8,39.76140842162061
-13.0125,13.837499999999999,39.80281244297398
-13.0125,13.875,39.823612745251
-13.0125,13.912499999999998,39.83024479212728
-13.0125,13.95,39.84984775645832
-13.0125,13.9875,39.84825285405159
-13.0125,14.024999999999999,39.851834843525
-13.0125,14.0625,39.84594207513951
-13.0125,14.099999999999998,39.85688277130051
-13.0125,14.1375,39.84720537308652
-13.0125,14.175,39.850263936636445
-13.0125,14.212499999999999,39.857779137388576
-13.0125,14.25,39.86014142856887
-13.0125,14.287499999999998,39.883619232913816
-13.0125,14.325,39.89543939145225
-13.0125,14.3625,39.94194375096592
-13.0125,14.399999999999999,39.96944866490377
-13.0125,14.4375,40.01993383295212
-13.0125,14.474999999999998,40.08181950518893
-13.0125,14.5125,40.13530248800428
-13.0125,14.55,40.200734391385886
-13.0125,14.587499999999999,
-13.0125,14.625,
-13.0125,14.662499999999998,
-13.0125,14.7,
-13.0125,14.7375,
-13.0125,14.774999999999999,
-13.0125,14.8125,
-13.0125,14.849999999999998,
-13.0125,14.8875,
-13.0125,14.925,
-13.0125,14.962499999999999,
-13.0125,15.0,
-13.0125,15.037499999999998,
-13.0125,15.075,
-12.975,12.45,
-12.975,12.4875,
-12.975,12.524999999999999,
-12.975,12.5625,
-12.975,12.599999999999998,
-12.975,12.6375,
-12.975,12.675,
-12.975,12.712499999999999,
-12.975,12.75,
-12.975,12.787499999999998,
-12.975,12.825,
-12.975,12.8625,
-12.975,12.899999999999999,
-12.975,12.9375,
-12.975,12.974999999999998,
-12.975,13.0125,
-12.975,13.05,
-12.975,13.087499999999999,39.547610253271465
-12.975,13.125,39.62791580160049
-12.975,13.162499999999998,39.67378350670545
-12.975,13.2,39.7272202025293
-12.975,13.2375,39.73245524449866
-12.975,13.274999999999999,39.72454488752904
-12.975,13.3125,39.73017159600404
-12.975,13.349999999999998,39.72018164950758
-12.975,13.3875,39.70810806388964
-12.975,13.425,39.70624843780957
-12.975,13.462499999999999,39.721333742439796
-12.975,13.5,39.735943514542186
-12.975,13.537499999999998,39.72871856502188
-12.975,13.575,39.743105509336104
-12.975,13.6125,39.74442144301442
-12.975,13.649999999999999,39.73932960267393
-12.975,13.6875,39.750689614247435
-12.975,13.724999999999998,39.75069586635334
-12.975,13.7625,39.739863975935194
-12.975,13.8,39.75224403355451
-12.975,13.837499999999999,39.765447397573105
-12.975,13.875,39.79402980965882
-12.975,13.912499999999998,39.81166246440733
-12.975,13.95,39.81713619853713
-12.975,13.9875,39.831301665308274
-12.975,14.024999999999999,39.83761583610711
-12.975,14.0625,39.832720253970045
-12.975,14.099999999999998,39.84116296805129
-12.975,14.1375,39.85024895762164
-12.975,14.175,39.8563692306942
-12.975,14.212499999999999,39.867523169074076
-12.975,14.25,39.86944352586923
-12.975,14.287499999999998,39.88843534469201
-12.975,14.325,39.9014751443279
-12.975,14.3625,39.951276128923624
-12.975,14.399999999999999,39.972018206952654
-12.975,14.4375,40.0262656741563
-12.975,14.474999999999998,40.075913283089335
-12.975,14.5125,40.12392191196089
-12.975,14.55,40.19398630031039
-12.975,14.587499999999999,
-12.975,14.625,
-12.975,14.662499999999998,
-12.975,14.7,
-12.975,14.7375,
-12.975,14.774999999999999,
-12.975,14.8125,
-12.975,14.849999999999998,
-12.975,14.8875,
-12.975,14.925,
-12.975,14.962499999999999,
-12.975,15.0,
-12.975,15.037499999999998,
-12.975,15.075,
-12.9375,12.45,
-12.9375,12.4875,
-12.9375,12.524999999999999,
-12.9375,12.5625,
-12.9375,12.599999999999998,
-12.9375,12.6375,
-12.9375,12.675,
-12.9375,12.712499999999999,
-12.9375,12.75,
-12.9375,12.787499999999998,
-12.9375,12.825,
-12.9375,12.8625,
-12.9375,12.899999999999999,
-12.9375,12.9375,
-12.9375,12.974999999999998,
-12.9375,13.0125,
-12.9375,13.05,
-12.9375,13.087499999999999,39.56802940651739
-12.9375,13.125,39.64321189692281
-12.9375,13.162499999999998,39.698313961328964
-12.9375,13.2,39.73154807431468
-12.9375,13.2375,39.73648167327624
-12.9375,13.274999999999999,39.73646769579188
-12.9375,13.3125,39.74393778262482
-12.9375,13.349999999999998,39.72766665184128
-12.9375,13.3875,39.72571917922782
-12.9375,13.425,39.71681930056194
-12.9375,13.462499999999999,39.71842538963574
-12.9375,13.5,39.72561032617787
-12.9375,13.537499999999998,39.73627483267287
-12.9375,13.575,39.738981349997125
-12.9375,13.6125,39.74378740728261
-12.9375,13.649999999999999,39.74961880038856
-12.9375,13.6875,39.749509860695035
-12.9375,13.724999999999998,39.754828909639414
-12.9375,13.7625,39.764928407967226
-12.9375,13.8,39.76375338303966
-12.9375,13.837499999999999,39.74301905717267
-12.9375,13.875,39.77593436396689
-12.9375,13.912499999999998,39.80777963017434
-12.9375,13.95,39.80322249240876
-12.9375,13.9875,39.8096769558809
-12.9375,14.024999999999999,39.81467117740011
-12.9375,14.0625,39.823524903734125
-12.9375,14.099999999999998,39.83912833013587
-12.9375,14.1375,39.8492521544598
-12.9375,14.175,39.85876029854781
-12.9375,14.212499999999999,39.86377668194386
-12.9375,14.25,39.877739307028165
-12.9375,14.287499999999998,39.896831200205916
-12.9375,14.325,39.915062723104256
-12.9375,14.3625,39.959895390420385
-12.9375,14.399999999999999,39.96944612035475
-12.9375,14.4375,40.01481046639368
-12.9375,14.474999999999998,40.066519158342054
-12.9375,14.5125,40.12198191133278
-12.9375,14.55,40.17697751861809
-12.9375,14.587499999999999,
-12.9375,14.625,
-12.9375,14.662499999999998,
-12.9375,14.7,
-12.9375,14.7375,
-12.9375,14.774999999999999,
-12.9375,14.8125,
-12.9375,14.849999999999998,
-12.9375,14.8875,
-12.9375,14.925,
-12.9375,14.962499999999999,
-12.9375,15.0,
-12.9375,15.037499999999998,
-12.9375,15.075,
-12.899999999999999,12.45,
-12.899999999999999,12.4875,
-12.899999999999999,12.524999999999999,
-12.899999999999999,12.5625,
-12.899999999999999,12.599999999999998,
-12.899999999999999,12.6375,
-12.899999999999999,12.675,
-12.899999999999999,12.712499999999999,
-12.899999999999999,12.75,
-12.899999999999999,12.787499999999998,
-12.899999999999999,12.825,
-12.899999999999999,12.8625,
-12.899999999999999,12.899999999999999,
-12.899999999999999,12.9375,
-12.899999999999999,12.974999999999998,
-12.899999999999999,13.0125,
-12.899999999999999,13.05,
-12.899999999999999,13.087499999999999,39.58835294031378
-12.899999999999999,13.125,39.647094623062266
-12.899999999999999,13.162499999999998,39.69763154418502
-12.899999999999999,13.2,39.75217819062102
-12.899999999999999,13.2375,39.73648175217155
-12.899999999999999,13.274999999999999,39.73549509510576
-12.899999999999999,13.3125,39.73595612581989
-12.899999999999999,13.349999999999998,39.730362067586505
-12.899999999999999,13.3875,39.728376724371564
-12.899999999999999,13.425,39.7274475443211
-12.899999999999999,13.462499999999999,39.71135746687758
-12.899999999999999,13.5,39.722619949714634
-12.899999999999999,13.537499999999998,39.73196547313966
-12.899999999999999,13.575,39.73717584827621
-12.899999999999999,13.6125,39.734218218150545
-12.899999999999999,13.649999999999999,39.73711511694642
-12.899999999999999,13.6875,39.74424404552098
-12.899999999999999,13.724999999999998,39.74472632431686
-12.899999999999999,13.7625,39.75436533106337
-12.899999999999999,13.8,39.753376071796524
-12.899999999999999,13.837499999999999,39.742200218362754
-12.899999999999999,13.875,39.732224692515224
-12.899999999999999,13.912499999999998,39.781857235156636
-12.899999999999999,13.95,39.79254190981005
-12.899999999999999,13.9875,39.785825627853825
-12.899999999999999,14.024999999999999,39.797254519194325
-12.899999999999999,14.0625,39.803680096007376
-12.899999999999999,14.099999999999998,39.81110178485768
-12.899999999999999,14.1375,39.82063255651628
-12.899999999999999,14.175,39.84822444662739
-12.899999999999999,14.212499999999999,39.85678147754267
-12.899999999999999,14.25,39.873502624954035
-12.899999999999999,14.287499999999998,39.8904527086336
-12.899999999999999,14.325,39.89871117733772
-12.899999999999999,14.3625,39.922661856625915
-12.899999999999999,14.399999999999999,39.944857938626015
-12.899999999999999,14.4375,39.998098438960206
-12.899999999999999,14.474999999999998,40.04993223810086
-12.899999999999999,14.5125,40.10340725312134
-12.899999999999999,14.55,40.15709788735701
-12.899999999999999,14.587499999999999,
-12.899999999999999,14.625,
-12.899999999999999,14.662499999999998,
-12.899999999999999,14.7,
-12.899999999999999,14.7375,
-12.899999999999999,14.774999999999999,
-12.899999999999999,14.8125,
-12.899999999999999,14.849999999999998,
-12.899999999999999,14.8875,
-12.899999999999999,14.925,
-12.899999999999999,14.962499999999999,
-12.899999999999999,15.0,
-12.899999999999999,15.037499999999998,
-12.899999999999999,15.075,
-12.8625,12.45,
-12.8625,12.4875,
-12.8625,12.524999999999999,
-12.8625,12.5625,
-12.8625,12.599999999999998,
-12.8625,12.6375,
-12.8625,12.675,
-12.8625,12.712499999999999,
-12.8625,12.75,
-12.8625,12.787499999999998,
-12.8625,12.825,
-12.8625,12.8625,
-12.8625,12.899999999999999,
-12.8625,12.9375,
-12.8625,12.974999999999998,
-12.8625,13.0125,
-12.8625,13.05,39.53180765725301
-12.8625,13.087499999999999,39.58680039941214
-12.8625,13.125,39.65959762215584
-12.8625,13.162499999999998,39.70969728375453
-12.8625,13.2,39.749189667544094
-12.8625,13.2375,39.749693084214975
-12.8625,13.274999999999999,39.742120954195116
-12.8625,13.3125,39.74778723829797
-12.8625,13.349999999999998,39.72514368359993
-12.8625,13.3875,39.72151696601921
-12.8625,13.425,39.718701116673124
-12.8625,13.462499999999999,39.71724320880586
-12.8625,13.5,39.706182106249095
-12.8625,13.537499999999998,39.70964980348981
-12.8625,13.575,39.71840460916546
-12.8625,13.6125,39.730146574079846
-12.8625,13.649999999999999,39.73301302831807
-12.8625,13.6875,39.724077733148306
-12.8625,13.724999999999998,39.72955389241986
-12.8625,13.7625,39.72645637878202
-12.8625,13.8,39.73078000039074
-12.8625,13.837499999999999,39.73178421277642
-12.8625,13.875,39.74804326446955
-12.8625,13.912499999999998,39.76191746609797
-12.8625,13.95,39.7675556273128
-12.8625,13.9875,39.763948548294245
-12.8625,14.024999999999999,39.779931427268004
-12.8625,14.0625,39.79366026536365
-12.8625,14.099999999999998,39.802561614865304
-12.8625,14.1375,39.813274753343094
-12.8625,14.175,39.82091718431744
-12.8625,14.212499999999999,39.83307634033813
-12.8625,14.25,39.84890825678531
-12.8625,14.287499999999998,39.86358508189281
-12.8625,14.325,39.880244654545955
-12.8625,14.3625,39.90767897030369
-12.8625,14.399999999999999,39.95389650551581
-12.8625,14.4375,39.997721867838706
-12.8625,14.474999999999998,40.03035548097785
-12.8625,14.5125,40.0816750878885
-12.8625,14.55,40.13323643112911
-12.8625,14.587499999999999,
-12.8625,14.625,
-12.8625,14.662499999999998,
-12.8625,14.7,
-12.8625,14.7375,
-12.8625,14.774999999999999,
-12.8625,14.8125,
-12.8625,14.849999999999998,
-12.8625,14.8875,
-12.8625,14.925,
-12.8625,14.962499999999999,
-12.8625,15.0,
-12.8625,15.037499999999998,
-12.8625,15.075,
-12.825,12.45,
-12.825,12.4875,
-12.825,12.524999999999999,
-12.825,12.5625,
-12.825,12.599999999999998,
-12.825,12.6375,
-12.825,12.675,
-12.825,12.712499999999999,
-12.825,12.75,
-12.825,12.787499999999998,
-12.825,12.825,
-12.825,12.8625,
-12.825,12.899999999999999,
-12.825,12.9375,
-12.825,12.974999999999998,
-12.825,13.0125,39.47067124089886
-12.825,13.05,39.54802155984387
-12.825,13.087499999999999,39.59692117128257
-12.825,13.125,39.64184859816531
-12.825,13.162499999999998,39.72056062066156
-12.825,13.2,39.77075824796251
-12.825,13.2375,39.7575185677092
-12.825,13.274999999999999,39.751445654938365
-12.825,13.3125,39.74526386538188
-12.825,13.349999999999998,39.72445213950763
-12.825,13.3875,39.716851772282006
-12.825,13.425,39.71512866314344
-12.825,13.462499999999999,39.702290423999116
-12.825,13.5,39.71464538541721
-12.825,13.537499999999998,39.69618439929575
-12.825,13.575,39.70713004135768
-12.825,13.6125,39.71752431141074
-12.825,13.649999999999999,39.71823139507601
-12.825,13.6875,39.71855304382777
-12.825,13.724999999999998,39.71379441064162
-12.825,13.7625,39.728132679485775
-12.825,13.8,39.736253277850885
-12.825,13.837499999999999,39.721053857843266
-12.825,13.875,39.76136861643158
-12.825,13.912499999999998,39.77585585409755
-12.825,13.95,39.7510082550017
-12.825,13.9875,39.741336009527764
-12.825,14.024999999999999,39.76943710819431
-12.825,14.0625,39.78131365000391
-12.825,14.099999999999998,39.781169203595375
-12.825,14.1375,39.79810030372678
-12.825,14.175,39.80719935255172
-12.825,14.212499999999999,39.81749521885532
-12.825,14.25,39.82293684229494
-12.825,14.287499999999998,39.83367125128191
-12.825,14.325,39.85536195365407
-12.825,14.3625,39.87258327892722
-12.825,14.399999999999999,39.924689206368754
-12.825,14.4375,39.97694724408941
-12.825,14.474999999999998,40.020422256264546
-12.825,14.5125,40.07070136893522
-12.825,14.55,40.10487654331398
-12.825,14.587499999999999,
-12.825,14.625,
-12.825,14.662499999999998,
-12.825,14.7,
-12.825,14.7375,
-12.825,14.774999999999999,
-12.825,14.8125,
-12.825,14.849999999999998,
-12.825,14.8875,
-12.825,14.925,
-12.825,14.962499999999999,
-12.825,15.0,
-12.825,15.037499999999998,
-12.825,15.075,
-12.7875,12.45,
-12.7875,12.4875,
-12.7875,12.524999999999999,
-12.7875,12.5625,
-12.7875,12.599999999999998,
-12.7875,12.6375,
-12.7875,12.675,
-12.7875,12.712499999999999,
-12.7875,12.75,
-12.7875,12.787499999999998,
-12.7875,12.825,
-12.7875,12.8625,
-12.7875,12.899999999999999,
-12.7875,12.9375,
-12.7875,12.974999999999998,
-12.7875,13.0125,
-12.7875,13.05,39.537461682342126
-12.7875,13.087499999999999,39.60118273455602
-12.7875,13.125,39.651890640217
-12.7875,13.162499999999998,39.70493513847923
-12.7875,13.2,39.76183677824089
-12.7875,13.2375,39.761755011997565
-12.7875,13.274999999999999,39.75883544332851
-12.7875,13.3125,39.74134190760107
-12.7875,13.349999999999998,39.72561983074407
-12.7875,13.3875,39.72432790575694
-12.7875,13.425,39.71981631105041
-12.7875,13.462499999999999,39.693107326323705
-12.7875,13.5,39.6954510336345
-12.7875,13.537499999999998,39.679803625072346
-12.7875,13.575,39.69053627480233
-12.7875,13.6125,39.69618091105647
-12.7875,13.649999999999999,39.70187332444167
-12.7875,13.6875,39.71167374284185
-12.7875,13.724999999999998,39.708641543386335
-12.7875,13.7625,39.71808283313616
-12.7875,13.8,39.746651350564285
-12.7875,13.837499999999999,39.727659462994446
-12.7875,13.875,39.742515741851705
-12.7875,13.912499999999998,39.74975406084203
-12.7875,13.95,39.753483000174676
-12.7875,13.9875,39.740268503568316
-12.7875,14.024999999999999,39.73514165758677
-12.7875,14.0625,39.75399513633344
-12.7875,14.099999999999998,39.76152317808841
-12.7875,14.1375,39.77739014545361
-12.7875,14.175,39.78029390949063
-12.7875,14.212499999999999,39.78882268489406
-12.7875,14.25,39.79458880039511
-12.7875,14.287499999999998,39.826458313766366
-12.7875,14.325,39.83014723886746
-12.7875,14.3625,39.86923299704949
-12.7875,14.399999999999999,39.895970028385484
-12.7875,14.4375,39.93796804451479
-12.7875,14.474999999999998,39.990347114528426
-12.7875,14.5125,40.01049470078167
-12.7875,14.55,40.060698224011915
-12.7875,14.587499999999999,
-12.7875,14.625,
-12.7875,14.662499999999998,
-12.7875,14.7,
-12.7875,14.7375,
-12.7875,14.774999999999999,
-12.7875,14.8125,
-12.7875,14.849999999999998,
-12.7875,14.8875,
-12.7875,14.925,
-12.7875,14.962499999999999,
-12.7875,15.0,
-12.7875,15.037499999999998,
-12.7875,15.075,
-12.75,12.45,
-12.75,12.4875,
-12.75,12.524999999999999,
-12.75,12.5625,
-12.75,12.599999999999998,
-12.75,12.6375,
-12.75,12.675,
-12.75,12.712499999999999,
-12.75,12.75,
-12.75,12.787499999999998,
-12.75,12.825,
-12.75,12.8625,
-12.75,12.899999999999999,
-12.75,12.9375,
-12.75,12.974999999999998,
-12.75,13.0125,
-12.75,13.05,
-12.75,13.087499999999999,39.58581628601009
-12.75,13.125,39.67201689152069
-12.75,13.162499999999998,39.715028092236814
-12.75,13.2,39.75653250236864
-12.75,13.2375,39.75849270368853
-12.75,13.274999999999999,39.75996129772741
-12.75,13.3125,39.74035040747593
-12.75,13.349999999999998,39.72368989253339
-12.75,13.3875,39.73208397908471
-12.75,13.425,39.70735023829243
-12.75,13.462499999999999,39.70875478758095
-12.75,13.5,39.686523529758446
-12.75,13.537499999999998,39.685781157115876
-12.75,13.575,39.67418500241467
-12.75,13.6125,39.677528183195044
-12.75,13.649999999999999,39.68877341705252
-12.75,13.6875,39.69908709546034
-12.75,13.724999999999998,39.711261107342445
-12.75,13.7625,39.72430173339273
-12.75,13.8,39.71907882471377
-12.75,13.837499999999999,39.70823810553671
-12.75,13.875,39.71299007894937
-12.75,13.912499999999998,39.74134111054483
-12.75,13.95,39.73515269735652
-12.75,13.9875,39.72212821123603
-12.75,14.024999999999999,39.73385171014669
-12.75,14.0625,39.72541093002373
-12.75,14.099999999999998,39.729647718567925
-12.75,14.1375,39.74100632851973
-12.75,14.175,39.75043866964134
-12.75,14.212499999999999,39.76768945223335
-12.75,14.25,39.78492375143363
-12.75,14.287499999999998,39.80085333486367
-12.75,14.325,39.798890793660334
-12.75,14.3625,39.84086600015663
-12.75,14.399999999999999,39.881489252551106
-12.75,14.4375,39.92487927017234
-12.75,14.474999999999998,39.9246853909866
-12.75,14.5125,39.972947177370465
-12.75,14.55,40.01405929624837
-12.75,14.587499999999999,40.07137576482291
-12.75,14.625,
-12.75,14.662499999999998,
-12.75,14.7,
-12.75,14.7375,
-12.75,14.774999999999999,
-12.75,14.8125,
-12.75,14.849999999999998,
-12.75,14.8875,
-12.75,14.925,
-12.75,14.962499999999999,
-12.75,15.0,
-12.75,15.037499999999998,
-12.75,15.075,
-12.712499999999999,12.45,
-12.712499999999999,12.4875,
-12.712499999999999,12.524999999999999,
-12.712499999999999,12.5625,
-12.712499999999999,12.599999999999998,
-12.712499999999999,12.6375,
-12.712499999999999,12.675,
-12.712499999999999,12.712499999999999,
-12.712499999999999,12.75,
-12.712499999999999,12.787499999999998,
-12.712499999999999,12.825,
-12.712499999999999,12.8625,
-12.712499999999999,12.899999999999999,
-12.712499999999999,12.9375,
-12.712499999999999,12.974999999999998,
-12.712499999999999,13.0125,
-12.712499999999999,13.05,
-12.712499999999999,13.087499999999999,
-12.712499999999999,13.125,39.66405929396035
-12.712499999999999,13.162499999999998,39.72585123800133
-12.712499999999999,13.2,39.76632884153217
-12.712499999999999,13.2375,39.76173158677319
-12.712499999999999,13.274999999999999,39.75521205019275
-12.712499999999999,13.3125,39.74473076890577
-12.712499999999999,13.349999999999998,39.72949549099994
-12.712499999999999,13.3875,39.722846025824
-12.712499999999999,13.425,39.713042032740326
-12.712499999999999,13.462499999999999,39.69473782145166
-12.712499999999999,13.5,39.683651311533104
-12.712499999999999,13.537499999999998,39.6619658939998
-12.712499999999999,13.575,39.673364270897494
-12.712499999999999,13.6125,39.67222275911449
-12.712499999999999,13.649999999999999,39.683883358390084
-12.712499999999999,13.6875,39.71046103812286
-12.712499999999999,13.724999999999998,39.703874834777025
-12.712499999999999,13.7625,39.71160153651606
-12.712499999999999,13.8,39.693598603818515
-12.712499999999999,13.837499999999999,39.70339456678178
-12.712499999999999,13.875,39.69777763311868
-12.712499999999999,13.912499999999998,39.711210260560186
-12.712499999999999,13.95,39.70202629234696
-12.712499999999999,13.9875,39.7058441159843
-12.712499999999999,14.024999999999999,39.73010415371703
-12.712499999999999,14.0625,39.73704450994949
-12.712499999999999,14.099999999999998,39.74374360249037
-12.712499999999999,14.1375,39.7225807920966
-12.712499999999999,14.175,39.735313900104224
-12.712499999999999,14.212499999999999,39.7637220410716
-12.712499999999999,14.25,39.78433828331666
-12.712499999999999,14.287499999999998,39.78453972954574
-12.712499999999999,14.325,39.76794399260912
-12.712499999999999,14.3625,39.81317163055974
-12.712499999999999,14.399999999999999,39.82157115744097
-12.712499999999999,14.4375,39.864844495964
-12.712499999999999,14.474999999999998,39.89993141011544
-12.712499999999999,14.5125,39.92858184775491
-12.712499999999999,14.55,39.98335219466709
-12.712499999999999,14.587499999999999,40.01625561815858
-12.712499999999999,14.625,
-12.712499999999999,14.662499999999998,
-12.712499999999999,14.7,
-12.712499999999999,14.7375,
-12.712499999999999,14.774999999999999,
-12.712499999999999,14.8125,
-12.712499999999999,14.849999999999998,
-12.712499999999999,14.8875,
-12.712499999999999,14.925,
-12.712499999999999,14.962499999999999,
-12.712499999999999,15.0,
-12.712499999999999,15.037499999999998,
-12.712499999999999,15.075,
-12.675,12.45,
-12.675,12.4875,
-12.675,12.524999999999999,
-12.675,12.5625,
-12.675,12.599999999999998,
-12.675,12.6375,
-12.675,12.675,
-12.675,12.712499999999999,
-12.675,12.75,
-12.675,12.787499999999998,
-12.675,12.825,
-12.675,12.8625,
-12.675,12.899999999999999,
-12.675,12.9375,
-12.675,12.974999999999998,
-12.675,13.0125,
-12.675,13.05,
-12.675,13.087499999999999,
-12.675,13.125,
-12.675,13.162499999999998,39.69026506547131
-12.675,13.2,39.75207703089836
-12.675,13.2375,39.75027249658258
-12.675,13.274999999999999,39.75543868169512
-12.675,13.3125,39.73469902909241
-12.675,13.349999999999998,39.72479720017595
-12.675,13.3875,39.713667187652256
-12.675,13.425,39.70413278538656
-12.675,13.462499999999999,39.67961740900923
-12.675,13.5,39.661992903687384
-12.675,13.537499999999998,39.65906968326509
-12.675,13.575,39.67305787981344
-12.675,13.6125,39.66840698611365
-12.675,13.649999999999999,39.67845590468356
-12.675,13.6875,39.69530418876262
-12.675,13.724999999999998,39.69456105919592
-12.675,13.7625,39.697706131581825
-12.675,13.8,39.681933311054266
-12.675,13.837499999999999,39.680387532625794
-12.675,13.875,39.669976250094315
-12.675,13.912499999999998,39.67735292915664
-12.675,13.95,39.69233941648454
-12.675,13.9875,39.687578145705416
-12.675,14.024999999999999,39.71319547106787
-12.675,14.0625,39.72632287031493
-12.675,14.099999999999998,39.72510607175833
-12.675,14.1375,39.722449754681705
-12.675,14.175,39.72931989235278
-12.675,14.212499999999999,39.730242695919635
-12.675,14.25,39.767733101760975
-12.675,14.287499999999998,39.777234180266014
-12.675,14.325,39.78436306630283
-12.675,14.3625,39.79896554197228
-12.675,14.399999999999999,39.839287311816
-12.675,14.4375,39.836856151159445
-12.675,14.474999999999998,39.86941825707171
-12.675,14.5125,39.89650277230385
-12.675,14.55,39.949933604160556
-12.675,14.587499999999999,39.98836244923125
-12.675,14.625,40.02737478752173
-12.675,14.662499999999998,40.072072445197655
-12.675,14.7,
-12.675,14.7375,
-12.675,14.774999999999999,
-12.675,14.8125,
-12.675,14.849999999999998,
-12.675,14.8875,
-12.675,14.925,
-12.675,14.962499999999999,
-12.675,15.0,
-12.675,15.037499999999998,
-12.675,15.075,40.398782886073725
-12.6375,12.45,
-12.6375,12.4875,
-12.6375,12.524999999999999,
-12.6375,12.5625,
-12.6375,12.599999999999998,
-12.6375,12.6375,
-12.6375,12.675,
-12.6375,12.712499999999999,
-12.6375,12.75,
-12.6375,12.787499999999998,
-12.6375,12.825,
-12.6375,12.8625,
-12.6375,12.899999999999999,
-12.6375,12.9375,
-12.6375,12.974999999999998,
-12.6375,13.0125,
-12.6375,13.05,
-12.6375,13.087499999999999,
-12.6375,13.125,
-12.6375,13.162499999999998,
-12.6375,13.2,39.74446918683008
-12.6375,13.2375,39.7572355665466
-12.6375,13.274999999999999,39.74550172511837
-12.6375,13.3125,39.73449462448943
-12.6375,13.349999999999998,39.71800918157642
-12.6375,13.3875,39.70233628320851
-12.6375,13.425,39.67789182840813
-12.6375,13.462499999999999,39.65859271773125
-12.6375,13.5,39.65448257583446
-12.6375,13.537499999999998,39.663347879450974
-12.6375,13.575,39.672204814918196
-12.6375,13.6125,39.66381476715206
-12.6375,13.649999999999999,39.66735557052975
-12.6375,13.6875,39.65956238828427
-12.6375,13.724999999999998,39.685266565500136
-12.6375,13.7625,39.66658541327309
-12.6375,13.8,39.650815638327025
-12.6375,13.837499999999999,39.65564471853075
-12.6375,13.875,39.64829527264185
-12.6375,13.912499999999998,39.67146012543232
-12.6375,13.95,39.68521640244829
-12.6375,13.9875,39.67319132794064
-12.6375,14.024999999999999,39.69132134276674
-12.6375,14.0625,39.707246351561885
-12.6375,14.099999999999998,39.695340485580196
-12.6375,14.1375,39.71114398970513
-12.6375,14.175,39.71181429129786
-12.6375,14.212499999999999,39.72365427386417
-12.6375,14.25,39.730612604135146
-12.6375,14.287499999999998,39.727290098790625
-12.6375,14.325,39.737853715675435
-12.6375,14.3625,39.76828916535029
-12.6375,14.399999999999999,39.81107773443956
-12.6375,14.4375,39.8497979481629
-12.6375,14.474999999999998,39.87351133353465
-12.6375,14.5125,39.89828461029107
-12.6375,14.55,39.913655748594714
-12.6375,14.587499999999999,39.95469352962024
-12.6375,14.625,39.9917323162122
-12.6375,14.662499999999998,40.033359767866614
-12.6375,14.7,40.078505714268104
-12.6375,14.7375,40.11601660252259
-12.6375,14.774999999999999,
-12.6375,14.8125,
-12.6375,14.849999999999998,
-12.6375,14.8875,
-12.6375,14.925,
-12.6375,14.962499999999999,
-12.6375,15.0,
-12.6375,15.037499999999998,40.32117965382399
-12.6375,15.075,40.34324785985932
-12.6,12.45,
-12.6,12.4875,
-12.6,12.524999999999999,
-12.6,12.5625,
-12.6,12.599999999999998,
-12.6,12.6375,
-12.6,12.675,
-12.6,12.712499999999999,
-12.6,12.75,
-12.6,12.787499999999998,
-12.6,12.825,
-12.6,12.8625,
-12.6,12.899999999999999,
-12.6,12.9375,
-12.6,12.974999999999998,
-12.6,13.0125,
-12.6,13.05,
-12.6,13.087499999999999,
-12.6,13.125,
-12.6,13.162499999999998,
-12.6,13.2,39.720123985475674
-12.6,13.2375,39.714163724231966
-12.6,13.274999999999999,39.71365678477525
-12.6,13.3125,39.71815740732721
-12.6,13.349999999999998,39.71628797010587
-12.6,13.3875,39.6936643708003
-12.6,13.425,39.678414062521746
-12.6,13.462499999999999,39.6547218201715
-12.6,13.5,39.656441930953854
-12.6,13.537499999999998,39.664568010742414
-12.6,13.575,39.66229290698496
-12.6,13.6125,39.660228395768584
-12.6,13.649999999999999,39.65474240559379
-12.6,13.6875,39.64747640374994
-12.6,13.724999999999998,39.649605785511156
-12.6,13.7625,39.638052937057076
-12.6,13.8,39.63508634995576
-12.6,13.837499999999999,39.61991667529809
-12.6,13.875,39.64750536138611
-12.6,13.912499999999998,39.65895343957399
-12.6,13.95,39.65972704795192
-12.6,13.9875,39.652902741880375
-12.6,14.024999999999999,39.67383729879184
-12.6,14.0625,39.679017834649706
-12.6,14.099999999999998,39.67246908163741
-12.6,14.1375,39.695790806439305
-12.6,14.175,39.712440768580066
-12.6,14.212499999999999,39.727942126501425
-12.6,14.25,39.69394405746223
-12.6,14.287499999999998,39.6935540890675
-12.6,14.325,39.71895234398683
-12.6,14.3625,39.74563580882304
-12.6,14.399999999999999,39.783158383177
-12.6,14.4375,39.8188772662917
-12.6,14.474999999999998,39.84056361548083
-12.6,14.5125,39.869822001377436
-12.6,14.55,39.90100933615405
-12.6,14.587499999999999,39.9514349896068
-12.6,14.625,39.985217471115085
-12.6,14.662499999999998,39.99476278613272
-12.6,14.7,40.03973364920517
-12.6,14.7375,40.06660392029348
-12.6,14.774999999999999,40.08954806706371
-12.6,14.8125,40.13810539698376
-12.6,14.849999999999998,40.17836340398515
-12.6,14.8875,
-12.6,14.925,40.20661294122298
-12.6,14.962499999999999,40.222111336431176
-12.6,15.0,40.24048711558394
-12.6,15.037499999999998,40.25796125467428
-12.6,15.075,40.27780893920188
-12.5625,12.45,
-12.5625,12.4875,
-12.5625,12.524999999999999,
-12.5625,12.5625,
-12.5625,12.599999999999998,
-12.5625,12.6375,
-12.5625,12.675,
-12.5625,12.712499999999999,
-12.5625,12.75,
-12.5625,12.787499999999998,
-12.5625,12.825,
-12.5625,12.8625,
-12.5625,12.899999999999999,
-12.5625,12.9375,
-12.5625,12.974999999999998,
-12.5625,13.0125,
-12.5625,13.05,
-12.5625,13.087499999999999,
-12.5625,13.125,
-12.5625,13.162499999999998,
-12.5625,13.2,39.709266491239454
-12.5625,13.2375,39.71522686115106
-12.5625,13.274999999999999,39.718049158885535
-12.5625,13.3125,39.71477221331807
-12.5625,13.349999999999998,39.686586876641044
-12.5625,13.3875,39.67297936128681
-12.5625,13.425,39.66006022485727
-12.5625,13.462499999999999,39.64342323111271
-12.5625,13.5,39.658942672205626
-12.5625,13.537499999999998,39.63668206274792
-12.5625,13.575,39.64228647927266
-12.5625,13.6125,39.64525618149581
-12.5625,13.649999999999999,39.63424444519708
-12.5625,13.6875,39.61922852717325
-12.5625,13.724999999999998,39.61201281400004
-12.5625,13.7625,39.63059260893034
-12.5625,13.8,39.60895638277579
-12.5625,13.837499999999999,39.60395200070339
-12.5625,13.875,39.6218465723572
-12.5625,13.912499999999998,39.643949045119584
-12.5625,13.95,39.63251200046962
-12.5625,13.9875,39.637075097658226
-12.5625,14.024999999999999,39.65124798012388
-12.5625,14.0625,39.647855368732415
-12.5625,14.099999999999998,39.65621657806344
-12.5625,14.1375,39.697638060276866
-12.5625,14.175,39.695737574422
-12.5625,14.212499999999999,39.713450908504676
-12.5625,14.25,39.7193624885798
-12.5625,14.287499999999998,39.68126239626047
-12.5625,14.325,39.690761277636405
-12.5625,14.3625,39.72913659646256
-12.5625,14.399999999999999,39.75255557829225
-12.5625,14.4375,39.78949589224674
-12.5625,14.474999999999998,39.80636244938209
-12.5625,14.5125,39.83965705527443
-12.5625,14.55,39.87307053269352
-12.5625,14.587499999999999,39.904011150638276
-12.5625,14.625,39.949092200161914
-12.5625,14.662499999999998,39.98715811797819
-12.5625,14.7,39.98372488884167
-12.5625,14.7375,39.99894871160305
-12.5625,14.774999999999999,40.01972354741263
-12.5625,14.8125,40.0677834549459
-12.5625,14.849999999999998,40.09679331809454
-12.5625,14.8875,40.135052597424355
-12.5625,14.925,40.15147270620483
-12.5625,14.962499999999999,40.168441605616835
-12.5625,15.0,40.181889056832915
-12.5625,15.037499999999998,40.19792767634105
-12.5625,15.075,
-12.524999999999999,12.45,
-12.524999999999999,12.4875,
-12.524999999999999,12.524999999999999,
-12.524999999999999,12.5625,
-12.524999999999999,12.599999999999998,
-12.524999999999999,12.6375,
-12.524999999999999,12.675,
-12.524999999999999,12.712499999999999,
-12.524999999999999,12.75,
-12.524999999999999,12.787499999999998,
-12.524999999999999,12.825,
-12.524999999999999,12.8625,
-12.524999999999999,12.899999999999999,
-12.524999999999999,12.9375,
-12.524999999999999,12.974999999999998,
-12.524999999999999,13.0125,
-12.524999999999999,13.05,
-12.524999999999999,13.087499999999999,
-12.524999999999999,13.125,
-12.524999999999999,13.162499999999998,
-12.524999999999999,13.2,39.67804413136707
-12.524999999999999,13.2375,39.691806858536275
-12.524999999999999,13.274999999999999,39.72322413303997
-12.524999999999999,13.3125,39.70979743663617
-12.524999999999999,13.349999999999998,39.689409446626684
-12.524999999999999,13.3875,39.66784690357602
-12.524999999999999,13.425,39.639924548154205
-12.524999999999999,13.462499999999999,39.62163969328424
-12.524999999999999,13.5,39.61216571179487
-12.524999999999999,13.537499999999998,39.61023103476864
-12.524999999999999,13.575,39.61427746793213
-12.524999999999999,13.6125,39.62087200848944
-12.524999999999999,13.649999999999999,39.602801318023424
-12.524999999999999,13.6875,39.59511701854455
-12.524999999999999,13.724999999999998,39.58825534833016
-12.524999999999999,13.7625,39.584365189499884
-12.524999999999999,13.8,39.564826566308376
-12.524999999999999,13.837499999999999,39.562934777119686
-12.524999999999999,13.875,39.58144765243626
-12.524999999999999,13.912499999999998,39.60043093400764
-12.524999999999999,13.95,39.61050776664552
-12.524999999999999,13.9875,39.62119536006459
-12.524999999999999,14.024999999999999,39.62813114553078
-12.524999999999999,14.0625,39.639184912073155
-12.524999999999999,14.099999999999998,39.64376444370377
-12.524999999999999,14.1375,39.66827345624813
-12.524999999999999,14.175,39.67602540159132
-12.524999999999999,14.212499999999999,39.692451442358895
-12.524999999999999,14.25,39.697001500076446
-12.524999999999999,14.287499999999998,39.71243229200272
-12.524999999999999,14.325,39.672494042589314
-12.524999999999999,14.3625,39.707078062850314
-12.524999999999999,14.399999999999999,39.7240451949861
-12.524999999999999,14.4375,39.761020182989725
-12.524999999999999,14.474999999999998,39.77385107428907
-12.524999999999999,14.5125,39.80855891246149
-12.524999999999999,14.55,39.84339261194638
-12.524999999999999,14.587499999999999,39.86707219963247
-12.524999999999999,14.625,39.91260264432696
-12.524999999999999,14.662499999999998,39.94607540029138
-12.524999999999999,14.7,39.92366295992964
-12.524999999999999,14.7375,39.9426395722962
-12.524999999999999,14.774999999999999,39.96457538202734
-12.524999999999999,14.8125,40.011051811876804
-12.524999999999999,14.849999999999998,40.04526392297218
-12.524999999999999,14.8875,40.06872091211488
-12.524999999999999,14.925,40.08886305998055
-12.524999999999999,14.962499999999999,40.10643834857887
-12.524999999999999,15.0,40.11806483735006
-12.524999999999999,15.037499999999998,
-12.524999999999999,15.075,
-12.4875,12.45,
-12.4875,12.4875,
-12.4875,12.524999999999999,
-12.4875,12.5625,
-12.4875,12.599999999999998,
-12.4875,12.6375,
-12.4875,12.675,
-12.4875,12.712499999999999,
-12.4875,12.75,
-12.4875,12.787499999999998,
-12.4875,12.825,
-12.4875,12.8625,
-12.4875,12.899999999999999,
-12.4875,12.9375,
-12.4875,12.974999999999998,
-12.4875,13.0125,
-12.4875,13.05,
-12.4875,13.087499999999999,
-12.4875,13.125,
-12.4875,13.162499999999998,
-12.4875,13.2,39.65903753108477
-12.4875,13.2375,39.65872590422671
-12.4875,13.274999999999999,39.68019677802543
-12.4875,13.3125,39.68998725811923
-12.4875,13.349999999999998,39.67614778386938
-12.4875,13.3875,39.642660072579346
-12.4875,13.425,39.63793638360608
-12.4875,13.462499999999999,39.61563200377337
-12.4875,13.5,39.61951507785546
-12.4875,13.537499999999998,39.604206866398656
-12.4875,13.575,39.594363435807345
-12.4875,13.6125,39.59668140877751
-12.4875,13.649999999999999,39.58680619733741
-12.4875,13.6875,39.55629730044521
-12.4875,13.724999999999998,39.567353281296164
-12.4875,13.7625,39.55421858961036
-12.4875,13.8,39.55130009008688
-12.4875,13.837499999999999,39.53869741702821
-12.4875,13.875,39.55991072833804
-12.4875,13.912499999999998,39.562663067041406
-12.4875,13.95,39.580106775709666
-12.4875,13.9875,39.596486402083535
-12.4875,14.024999999999999,39.615659630298794
-12.4875,14.0625,39.6277427037008
-12.4875,14.099999999999998,39.63070139964805
-12.4875,14.1375,39.651348496814535
-12.4875,14.175,39.65833322634093
-12.4875,14.212499999999999,39.66967552152814
-12.4875,14.25,39.68365748231371
-12.4875,14.287499999999998,39.690085632849865
-12.4875,14.325,39.657260016722525
-12.4875,14.3625,39.6797312053812
-12.4875,14.399999999999999,39.70666935608905
-12.4875,14.4375,39.73322428534095
-12.4875,14.474999999999998,39.746968176317104
-12.4875,14.5125,39.77897860120129
-12.4875,14.55,39.80861411882094
-12.4875,14.587499999999999,39.83590690747888
-12.4875,14.625,39.86302959610784
-12.4875,14.662499999999998,39.869266593786406
-12.4875,14.7,39.86749570573503
-12.4875,14.7375,39.90675159581914
-12.4875,14.774999999999999,39.93248531579464
-12.4875,14.8125,39.94752140379337
-12.4875,14.849999999999998,39.978804521342866
-12.4875,14.8875,40.00385921306233
-12.4875,14.925,40.009960127649485
-12.4875,14.962499999999999,40.042073817043956
-12.4875,15.0,40.05782979538305
-12.4875,15.037499999999998,
-12.4875,15.075,
-12.45,12.45,
-12.45,12.4875,
-12.45,12.524999999999999,
-12.45,12.5625,
-12.45,12.599999999999998,
-12.45,12.6375,
-12.45,12.675,
-12.45,12.712499999999999,
-12.45,12.75,
-12.45,12.787499999999998,
-12.45,12.825,
-12.45,12.8625,
-12.45,12.899999999999999,
-12.45,12.9375,
-12.45,12.974999999999998,
-12.45,13.0125,
-12.45,13.05,
-12.45,13.087499999999999,
-12.45,13.125,
-12.45,13.162499999999998,
-12.45,13.2,
-12.45,13.2375,
-12.45,13.274999999999999,39.65556112998581
-12.45,13.3125,39.66782368874365
-12.45,13.349999999999998,39.65520448856799
-12.45,13.3875,39.62293839928246
-12.45,13.425,39.62606992901654
-12.45,13.462499999999999,39.60123365457661
-12.45,13.5,39.61250505730733
-12.45,13.537499999999998,39.600197566002755
-12.45,13.575,39.5907243419891
-12.45,13.6125,39.57655598918538
-12.45,13.649999999999999,39.5687029894678
-12.45,13.6875,39.55228964751064
-12.45,13.724999999999998,39.54183457930629
-12.45,13.7625,39.53300678987491
-12.45,13.8,39.533463942631194
-12.45,13.837499999999999,39.52826522582182
-12.45,13.875,39.53538130446201
-12.45,13.912499999999998,39.53786519731655
-12.45,13.95,39.55135654582698
-12.45,13.9875,39.59188131741584
-12.45,14.024999999999999,39.59728286840807
-12.45,14.0625,39.60574529493186
-12.45,14.099999999999998,39.5939641279391
-12.45,14.1375,39.623071604819145
-12.45,14.175,39.62838440863724
-12.45,14.212499999999999,39.61863522332221
-12.45,14.25,39.62935237270513
-12.45,14.287499999999998,39.64057487086579
-12.45,14.325,39.64549879622794
-12.45,14.3625,39.616944725925435
-12.45,14.399999999999999,39.644576625065476
-12.45,14.4375,39.67089622800947
-12.45,14.474999999999998,39.69754770666235
-12.45,14.5125,39.72183557638775
-12.45,14.55,39.75199615344762
-12.45,14.587499999999999,39.79561837334803
-12.45,14.625,39.796986320565495
-12.45,14.662499999999998,39.807641748300924
-12.45,14.7,39.80713608655935
-12.45,14.7375,39.84737816602156
-12.45,14.774999999999999,39.86531182751196
-12.45,14.8125,39.89329292772554
-12.45,14.849999999999998,39.91141257783848
-12.45,14.8875,39.93386715732598
-12.45,14.925,
-12.45,14.962499999999999,
-12.45,15.0,
-12.45,15.037499999999998,
-12.45,15.075,
-12.4125,12.45,
-12.4125,12.4875,
-12.4125,12.524999999999999,
-12.4125,12.5625,
-12.4125,12.599999999999998,
-12.4125,12.6375,
-12.4125,12.675,
-12.4125,12.712499999999999,
-12.4125,12.75,
-12.4125,12.787499999999998,
-12.4125,12.825,
-12.4125,12.8625,
-12.4125,12.899999999999999,
-12.4125,12.9375,
-12.4125,12.974999999999998,
-12.4125,13.0125,
-12.4125,13.05,
-12.4125,13.087499999999999,
-12.4125,13.125,
-12.4125,13.162499999999998,
-12.4125,13.2,
-12.4125,13.2375,
-12.4125,13.274999999999999,
-12.4125,13.3125,39.63895072654273
-12.4125,13.349999999999998,39.64358577243682
-12.4125,13.3875,39.614647664028816
-12.4125,13.425,39.60533117627581
-12.4125,13.462499999999999,39.59485395003093
-12.4125,13.5,39.577688402433914
-12.4125,13.537499999999998,39.57831357054858
-12.4125,13.575,39.57505344498895
-12.4125,13.6125,39.55864593898173
-12.4125,13.649999999999999,39.523514336321234
-12.4125,13.6875,39.52217062492219
-12.4125,13.724999999999998,39.51702768724725
-12.4125,13.7625,39.518731238463715
-12.4125,13.8,39.510386109384555
-12.4125,13.837499999999999,39.49504578066464
-12.4125,13.875,39.51424267672753
-12.4125,13.912499999999998,39.515979491018314
-12.4125,13.95,39.53101091129248
-12.4125,13.9875,39.55218096570673
-12.4125,14.024999999999999,39.55282573612685
-12.4125,14.0625,39.56639101315707
-12.4125,14.099999999999998,39.55595514185011
-12.4125,14.1375,39.58652184336184
-12.4125,14.175,39.591649447510086
-12.4125,14.212499999999999,39.57654468403723
-12.4125,14.25,39.588277290164775
-12.4125,14.287499999999998,39.59784851681422
-12.4125,14.325,39.59797462173233
-12.4125,14.3625,39.6073746025785
-12.4125,14.399999999999999,39.59579162222291
-12.4125,14.4375,39.618014735439914
-12.4125,14.474999999999998,39.63943079473133
-12.4125,14.5125,39.656187204388324
-12.4125,14.55,39.690529129640346
-12.4125,14.587499999999999,39.72189987932584
-12.4125,14.625,39.73963877591664
-12.4125,14.662499999999998,39.75788076047412
-12.4125,14.7,39.75211872791751
-12.4125,14.7375,39.78032412714731
-12.4125,14.774999999999999,39.8142753431358
-12.4125,14.8125,39.837401043644704
-12.4125,14.849999999999998,39.84921436458217
-12.4125,14.8875,
-12.4125,14.925,
-12.4125,14.962499999999999,
-12.4125,15.0,
-12.4125,15.037499999999998,
-12.4125,15.075,
-12.375,12.45,
-12.375,12.4875,
-12.375,12.524999999999999,
-12.375,12.5625,
-12.375,12.599999999999998,
-12.375,12.6375,
-12.375,12.675,
-12.375,12.712499999999999,
-12.375,12.75,
-12.375,12.787499999999998,
-12.375,12.825,
-12.375,12.8625,
-12.375,12.899999999999999,
-12.375,12.9375,
-12.375,12.974999999999998,
-12.375,13.0125,
-12.375,13.05,
-12.375,13.087499999999999,
-12.375,13.125,
-12.375,13.162499999999998,
-12.375,13.2,
-12.375,13.2375,
-12.375,13.274999999999999,
-12.375,13.3125,39.63178740013699
-12.375,13.349999999999998,39.617470438934234
-12.375,13.3875,39.58759230807958
-12.375,13.425,39.58032514499737
-12.375,13.462499999999999,39.56879495474901
-12.375,13.5,39.53759140963287
-12.375,13.537499999999998,39.530692928707445
-12.375,13.575,39.52458985872794
-12.375,13.6125,39.515082000697255
-12.375,13.649999999999999,39.50131234392303
-12.375,13.6875,39.50711287208727
-12.375,13.724999999999998,39.49982684295505
-12.375,13.7625,39.50125701252968
-12.375,13.8,39.487582985222524
-12.375,13.837499999999999,39.47433939475336
-12.375,13.875,39.49044737414462
-12.375,13.912499999999998,39.50108211836125
-12.375,13.95,39.50666961565309
-12.375,13.9875,39.527589361241645
-12.375,14.024999999999999,39.51676337827656
-12.375,14.0625,39.519743580930275
-12.375,14.099999999999998,39.515725707720534
-12.375,14.1375,39.5448450756438
-12.375,14.175,39.542955957485475
-12.375,14.212499999999999,39.53567531900565
-12.375,14.25,39.5426884500138
-12.375,14.287499999999998,39.55207969931858
-12.375,14.325,39.55649904718364
-12.375,14.3625,39.56673169000726
-12.375,14.399999999999999,39.546845151938115
-12.375,14.4375,39.57936848169238
-12.375,14.474999999999998,39.600315856921455
-12.375,14.5125,39.60213787609791
-12.375,14.55,39.6372902673892
-12.375,14.587499999999999,39.670831223775075
-12.375,14.625,39.68305611967257
-12.375,14.662499999999998,39.69616597035756
-12.375,14.7,39.704161417404045
-12.375,14.7375,39.72192534138059
-12.375,14.774999999999999,39.744292218075174
-12.375,14.8125,39.77072492033947
-12.375,14.849999999999998,
-12.375,14.8875,
-12.375,14.925,
-12.375,14.962499999999999,
-12.375,15.0,
-12.375,15.037499999999998,
-12.375,15.075,
-12.337499999999999,12.45,
-12.337499999999999,12.4875,
-12.337499999999999,12.524999999999999,
-12.337499999999999,12.5625,
-12.337499999999999,12.599999999999998,
-12.337499999999999,12.6375,
-12.337499999999999,12.675,
-12.337499999999999,12.712499999999999,
-12.337499999999999,12.75,
-12.337499999999999,12.787499999999998,
-12.337499999999999,12.825,
-12.337499999999999,12.8625,
-12.337499999999999,12.899999999999999,
-12.337499999999999,12.9375,
-12.337499999999999,12.974999999999998,
-12.337499999999999,13.0125,
-12.337499999999999,13.05,
-12.337499999999999,13.087499999999999,
-12.337499999999999,13.125,
-12.337499999999999,13.162499999999998,
-12.337499999999999,13.2,
-12.337499999999999,13.2375,
-12.337499999999999,13.274999999999999,39.56411877893809
-12.337499999999999,13.3125,39.56145850651844
-12.337499999999999,13.349999999999998,39.55569671247955
-12.337499999999999,13.3875,39.539154973746214
-12.337499999999999,13.425,39.511030924847674
-12.337499999999999,13.462499999999999,39.5056130289989
-12.337499999999999,13.5,39.49281109906368
-12.337499999999999,13.537499999999998,39.469746142594204
-12.337499999999999,13.575,39.461100900148736
-12.337499999999999,13.6125,39.475203358789095
-12.337499999999999,13.649999999999999,39.46903337499566
-12.337499999999999,13.6875,39.46954375773607
-12.337499999999999,13.724999999999998,39.469562267159326
-12.337499999999999,13.7625,39.45046595720054
-12.337499999999999,13.8,39.450068394913146
-12.337499999999999,13.837499999999999,39.43320162737323
-12.337499999999999,13.875,39.44180503323908
-12.337499999999999,13.912499999999998,39.474281968822204
-12.337499999999999,13.95,39.478995858896035
-12.337499999999999,13.9875,39.47452727014503
-12.337499999999999,14.024999999999999,39.473106487889545
-12.337499999999999,14.0625,39.47062447233961
-12.337499999999999,14.099999999999998,39.471540140250085
-12.337499999999999,14.1375,39.4923893141051
-12.337499999999999,14.175,39.49226677026327
-12.337499999999999,14.212499999999999,39.495205263381266
-12.337499999999999,14.25,39.492034192654245
-12.337499999999999,14.287499999999998,39.49792752261188
-12.337499999999999,14.325,39.506452495806265
-12.337499999999999,14.3625,39.51387260726759
-12.337499999999999,14.399999999999999,39.53245568062839
-12.337499999999999,14.4375,39.52413881611905
-12.337499999999999,14.474999999999998,39.54267585881228
-12.337499999999999,14.5125,39.55478681392857
-12.337499999999999,14.55,39.59503490371997
-12.337499999999999,14.587499999999999,39.61615859873023
-12.337499999999999,14.625,39.643690519638945
-12.337499999999999,14.662499999999998,39.65707394748003
-12.337499999999999,14.7,39.64776934390141
-12.337499999999999,14.7375,39.66839202510937
-12.337499999999999,14.774999999999999,39.68903194434849
-12.337499999999999,14.8125,39.71781304013436
-12.337499999999999,14.849999999999998,
-12.337499999999999,14.8875,
-12.337499999999999,14.925,
-12.337499999999999,14.962499999999999,
-12.337499999999999,15.0,
-12.337499999999999,15.037499999999998,
-12.337499999999999,15.075,
-12.3,12.45,
-12.3,12.4875,
-12.3,12.524999999999999,
-12.3,12.5625,
-12.3,12.599999999999998,
-12.3,12.6375,
-12.3,12.675,
-12.3,12.712499999999999,
-12.3,12.75,
-12.3,12.787499999999998,
-12.3,12.825,
-12.3,12.8625,
-12.3,12.899999999999999,
-12.3,12.9375,
-12.3,12.974999999999998,
-12.3,13.0125,
-12.3,13.05,
-12.3,13.087499999999999,
-12.3,13.125,
-12.3,13.162499999999998,
-12.3,13.2,
-12.3,13.2375,
-12.3,13.274999999999999,
-12.3,13.3125,
-12.3,13.349999999999998,39.487400424967134
-12.3,13.3875,39.47681569801968
-12.3,13.425,39.45135611881273
-12.3,13.462499999999999,39.443903725281345
-12.3,13.5,39.44854372579055
-12.3,13.537499999999998,39.42016055742605
-12.3,13.575,39.405559695213164
-12.3,13.6125,39.40265948343394
-12.3,13.649999999999999,39.39685075196896
-12.3,13.6875,39.39509495895211
-12.3,13.724999999999998,39.38783715412892
-12.3,13.7625,39.374947693144904
-12.3,13.8,39.37973705762877
-12.3,13.837499999999999,39.36018877425311
-12.3,13.875,39.36063321079946
-12.3,13.912499999999998,39.406289593406235
-12.3,13.95,39.4164141479214
-12.3,13.9875,39.4341862491923
-12.3,14.024999999999999,39.44446475701743
-12.3,14.0625,39.45038286385701
-12.3,14.099999999999998,39.459660692445745
-12.3,14.1375,39.47288197379214
-12.3,14.175,39.472851379370624
-12.3,14.212499999999999,39.47103329995425
-12.3,14.25,39.45165033597026
-12.3,14.287499999999998,39.45529882352592
-12.3,14.325,39.47267652693442
-12.3,14.3625,39.46878642557008
-12.3,14.399999999999999,39.48703756571437
-12.3,14.4375,39.51517867133699
-12.3,14.474999999999998,39.48960222644175
-12.3,14.5125,39.515383406119064
-12.3,14.55,39.5381134640498
-12.3,14.587499999999999,39.57009654651222
-12.3,14.625,39.58756838343101
-12.3,14.662499999999998,39.60641108805116
-12.3,14.7,39.6200241844193
-12.3,14.7375,39.61378772753762
-12.3,14.774999999999999,39.63213953651152
-12.3,14.8125,
-12.3,14.849999999999998,
-12.3,14.8875,
-12.3,14.925,
-12.3,14.962499999999999,
-12.3,15.0,
-12.3,15.037499999999998,
-12.3,15.075,
-12.2625,12.45,
-12.2625,12.4875,
-12.2625,12.524999999999999,
-12.2625,12.5625,
-12.2625,12.599999999999998,
-12.2625,12.6375,
-12.2625,12.675,
-12.2625,12.712499999999999,
-12.2625,12.75,
-12.2625,12.787499999999998,
-12.2625,12.825,
-12.2625,12.8625,
-12.2625,12.899999999999999,
-12.2625,12.9375,
-12.2625,12.974999999999998,
-12.2625,13.0125,
-12.2625,13.05,
-12.2625,13.087499999999999,
-12.2625,13.125,
-12.2625,13.162499999999998,
-12.2625,13.2,
-12.2625,13.2375,
-12.2625,13.274999999999999,
-12.2625,13.3125,
-12.2625,13.349999999999998,39.45333990318944
-12.2625,13.3875,39.42199758169077
-12.2625,13.425,39.4020627643126
-12.2625,13.462499999999999,39.38599333645319
-12.2625,13.5,39.37773651543576
-12.2625,13.537499999999998,39.34872164729354
-12.2625,13.575,39.34031168961239
-12.2625,13.6125,39.33371677891123
-12.2625,13.649999999999999,39.32282280702888
-12.2625,13.6875,39.325487892592704
-12.2625,13.724999999999998,39.31582005049604
-12.2625,13.7625,39.303653790587624
-12.2625,13.8,39.29854838405943
-12.2625,13.837499999999999,39.29913457431902
-12.2625,13.875,39.30058526412428
-12.2625,13.912499999999998,39.3047326898391
-12.2625,13.95,39.344902694550576
-12.2625,13.9875,39.371737371973055
-12.2625,14.024999999999999,39.37097361909938
-12.2625,14.0625,39.37407113218493
-12.2625,14.099999999999998,39.372686988424924
-12.2625,14.1375,39.3903958372941
-12.2625,14.175,39.39670058785707
-12.2625,14.212499999999999,39.400034764869105
-12.2625,14.25,39.40483405839661
-12.2625,14.287499999999998,39.4087539126514
-12.2625,14.325,39.41574428914404
-12.2625,14.3625,39.43375588507795
-12.2625,14.399999999999999,39.44067433978492
-12.2625,14.4375,39.45795154957661
-12.2625,14.474999999999998,39.44132690143938
-12.2625,14.5125,39.45813005570871
-12.2625,14.55,39.48690556352725
-12.2625,14.587499999999999,39.51724010956638
-12.2625,14.625,39.53465343345803
-12.2625,14.662499999999998,39.553262149085995
-12.2625,14.7,39.545912796527794
-12.2625,14.7375,39.56040878436287
-12.2625,14.774999999999999,
-12.2625,14.8125,
-12.2625,14.849999999999998,
-12.2625,14.8875,
-12.2625,14.925,
-12.2625,14.962499999999999,
-12.2625,15.0,
-12.2625,15.037499999999998,
-12.2625,15.075,
-12.225,12.45,
-12.225,12.4875,
-12.225,12.524999999999999,
-12.225,12.5625,
-12.225,12.599999999999998,
-12.225,12.6375,
-12.225,12.675,
-12.225,12.712499999999999,
-12.225,12.75,
-12.225,12.787499999999998,
-12.225,12.825,
-12.225,12.8625,
-12.225,12.899999999999999,
-12.225,12.9375,
-12.225,12.974999999999998,
-12.225,13.0125,
-12.225,13.05,
-12.225,13.087499999999999,
-12.225,13.125,
-12.225,13.162499999999998,
-12.225,13.2,
-12.225,13.2375,
-12.225,13.274999999999999,
-12.225,13.3125,
-12.225,13.349999999999998,
-12.225,13.3875,
-12.225,13.425,
-12.225,13.462499999999999,39.3333141523291
-12.225,13.5,39.30652912861082
-12.225,13.537499999999998,39.28908417255716
-12.225,13.575,39.27776754293021
-12.225,13.6125,39.26878365176708
-12.225,13.649999999999999,39.28432851797792
-12.225,13.6875,39.26034888586049
-12.225,13.724999999999998,39.25579422318955
-12.225,13.7625,39.23870841810352
-12.225,13.8,39.23324577836386
-12.225,13.837499999999999,39.239116806131854
-12.225,13.875,39.24422510649154
-12.225,13.912499999999998,39.283426186360984
-12.225,13.95,39.29679165523371
-12.225,13.9875,39.306147623285106
-12.225,14.024999999999999,39.32170751056089
-12.225,14.0625,39.31648227033805
-12.225,14.099999999999998,39.31945406342255
-12.225,14.1375,39.33862824433909
-12.225,14.175,39.34428225654995
-12.225,14.212499999999999,39.34945249952712
-12.225,14.25,39.35638858732718
-12.225,14.287499999999998,39.36409533672649
-12.225,14.325,39.38067665128673
-12.225,14.3625,39.380991594506
-12.225,14.399999999999999,39.39399002857669
-12.225,14.4375,39.410047294054586
-12.225,14.474999999999998,39.419302354641054
-12.225,14.5125,39.40987935575288
-12.225,14.55,39.42813028159409
-12.225,14.587499999999999,39.46104369672618
-12.225,14.625,39.47828436531587
-12.225,14.662499999999998,39.49842579026467
-12.225,14.7,39.48822513408057
-12.225,14.7375,
-12.225,14.774999999999999,
-12.225,14.8125,
-12.225,14.849999999999998,
-12.225,14.8875,
-12.225,14.925,
-12.225,14.962499999999999,
-12.225,15.0,
-12.225,15.037499999999998,
-12.225,15.075,
-12.1875,12.45,
-12.1875,12.4875,
-12.1875,12.524999999999999,
-12.1875,12.5625,
-12.1875,12.599999999999998,
-12.1875,12.6375,
-12.1875,12.675,
-12.1875,12.712499999999999,
-12.1875,12.75,
-12.1875,12.787499999999998,
-12.1875,12.825,
-12.1875,12.8625,
-12.1875,12.899999999999999,
-12.1875,12.9375,
-12.1875,12.974999999999998,
-12.1875,13.0125,
-12.1875,13.05,
-12.1875,13.087499999999999,
-12.1875,13.125,
-12.1875,13.162499999999998,
-12.1875,13.2,
-12.1875,13.2375,
-12.1875,13.274999999999999,
-12.1875,13.3125,
-12.1875,13.349999999999998,
-12.1875,13.3875,
-12.1875,13.425,
-12.1875,13.462499999999999,39.28210691024119
-12.1875,13.5,39.278416540482205
-12.1875,13.537499999999998,39.252445365320135
-12.1875,13.575,39.2491158807381
-12.1875,13.6125,39.23514443294336
-12.1875,13.649999999999999,39.22430541091221
-12.1875,13.6875,39.20232546835254
-12.1875,13.724999999999998,39.19227825236355
-12.1875,13.7625,39.18361699398185
-12.1875,13.8,39.17512847013813
-12.1875,13.837499999999999,39.17962226009988
-12.1875,13.875,39.189879101199395
-12.1875,13.912499999999998,39.23033176834022
-12.1875,13.95,39.239430372089714
-12.1875,13.9875,39.25569047688342
-12.1875,14.024999999999999,39.265066409039655
-12.1875,14.0625,39.274895278293016
-12.1875,14.099999999999998,39.28495067060739
-12.1875,14.1375,39.29609274594247
-12.1875,14.175,39.30717778437618
-12.1875,14.212499999999999,39.31257004059685
-12.1875,14.25,39.32315309126775
-12.1875,14.287499999999998,39.32947041305486
-12.1875,14.325,39.34396365226837
-12.1875,14.3625,39.34563705957011
-12.1875,14.399999999999999,
-12.1875,14.4375,
-12.1875,14.474999999999998,
-12.1875,14.5125,
-12.1875,14.55,
-12.1875,14.587499999999999,39.404943431639666
-12.1875,14.625,39.42689453307185
-12.1875,14.662499999999998,39.43950507645276
-12.1875,14.7,
-12.1875,14.7375,
-12.1875,14.774999999999999,
-12.1875,14.8125,
-12.1875,14.849999999999998,
-12.1875,14.8875,
-12.1875,14.925,
-12.1875,14.962499999999999,
-12.1875,15.0,
-12.1875,15.037499999999998,
-12.1875,15.075,
-12.149999999999999,12.45,
-12.149999999999999,12.4875,
-12.149999999999999,12.524999999999999,
-12.149999999999999,12.5625,
-12.149999999999999,12.599999999999998,
-12.149999999999999,12.6375,
-12.149999999999999,12.675,
-12.149999999999999,12.712499999999999,
-12.149999999999999,12.75,
-12.149999999999999,12.787499999999998,
-12.149999999999999,12.825,
-12.149999999999999,12.8625,
-12.149999999999999,12.899999999999999,
-12.149999999999999,12.9375,
-12.149999999999999,12.974999999999998,
-12.149999999999999,13.0125,
-12.149999999999999,13.05,
-12.149999999999999,13.087499999999999,
-12.149999999999999,13.125,
-12.149999999999999,13.162499999999998,
-12.149999999999999,13.2,
-12.149999999999999,13.2375,
-12.149999999999999,13.274999999999999,
-12.149999999999999,13.3125,
-12.149999999999999,13.349999999999998,
-12.149999999999999,13.3875,
-12.149999999999999,13.425,39.275035218097294
-12.149999999999999,13.462499999999999,39.2516085452312
-12.149999999999999,13.5,39.233466607971046
-12.149999999999999,13.537499999999998,39.224092795342514
-12.149999999999999,13.575,39.2137218715131
-12.149999999999999,13.6125,39.20549671461192
-12.149999999999999,13.649999999999999,39.18023606421131
-12.149999999999999,13.6875,39.15744033240796
-12.149999999999999,13.724999999999998,39.131938885001816
-12.149999999999999,13.7625,39.12292041877328
-12.149999999999999,13.8,39.12237799168192
-12.149999999999999,13.837499999999999,39.13322940488982
-12.149999999999999,13.875,39.137024124570154
-12.149999999999999,13.912499999999998,39.188585230396455
-12.149999999999999,13.95,39.19747059768835
-12.149999999999999,13.9875,39.21021653508395
-12.149999999999999,14.024999999999999,39.22558409177471
-12.149999999999999,14.0625,39.23881276601432
-12.149999999999999,14.099999999999998,39.25044007310702
-12.149999999999999,14.1375,39.26540015894068
-12.149999999999999,14.175,39.28389011983332
-12.149999999999999,14.212499999999999,39.27826212872542
-12.149999999999999,14.25,39.29129387139389
-12.149999999999999,14.287499999999998,39.29954801651705
-12.149999999999999,14.325,39.31017229247023
-12.149999999999999,14.3625,39.31014728253
-12.149999999999999,14.399999999999999,
-12.149999999999999,14.4375,
-12.149999999999999,14.474999999999998,
-12.149999999999999,14.5125,
-12.149999999999999,14.55,
-12.149999999999999,14.587499999999999,
-12.149999999999999,14.625,39.37392377754336
-12.149999999999999,14.662499999999998,
-12.149999999999999,14.7,
-12.149999999999999,14.7375,
-12.149999999999999,14.774999999999999,
-12.149999999999999,14.8125,
-12.149999999999999,14.849999999999998,
-12.149999999999999,14.8875,
-12.149999999999999,14.925,
-12.149999999999999,14.962499999999999,
-12.149999999999999,15.0,
-12.149999999999999,15.037499999999998,
-12.149999999999999,15.075,
-12.1125,12.45,
-12.1125,12.4875,
-12.1125,12.524999999999999,
-12.1125,12.5625,
-12.1125,12.599999999999998,
-12.1125,12.6375,
-12.1125,12.675,
-12.1125,12.712499999999999,
-12.1125,12.75,
-12.1125,12.787499999999998,
-12.1125,12.825,
-12.1125,12.8625,
-12.1125,12.899999999999999,
-12.1125,12.9375,
-12.1125,12.974999999999998,
-12.1125,13.0125,
-12.1125,13.05,
-12.1125,13.087499999999999,
-12.1125,13.125,
-12.1125,13.162499999999998,
-12.1125,13.2,
-12.1125,13.2375,
-12.1125,13.274999999999999,
-12.1125,13.3125,
-12.1125,13.349999999999998,
-12.1125,13.3875,39.26621416121936
-12.1125,13.425,39.231913767500075
-12.1125,13.462499999999999,39.21991011835697
-12.1125,13.5,39.25978862811418
-12.1125,13.537499999999998,39.220950415505165
-12.1125,13.575,39.18534803986619
-12.1125,13.6125,39.187323488399116
-12.1125,13.649999999999999,39.14835449142806
-12.1125,13.6875,39.13313078926796
-12.1125,13.724999999999998,39.106641132205276
-12.1125,13.7625,39.07349266206902
-12.1125,13.8,39.07968095162666
-12.1125,13.837499999999999,39.08951891546151
-12.1125,13.875,39.13511920617035
-12.1125,13.912499999999998,39.15405053889081
-12.1125,13.95,39.15874560092271
-12.1125,13.9875,39.173580610853136
-12.1125,14.024999999999999,39.19186718263521
-12.1125,14.0625,39.20187366537304
-12.1125,14.099999999999998,39.22000314563562
-12.1125,14.1375,39.231679538102675
-12.1125,14.175,39.23863708075635
-12.1125,14.212499999999999,39.245771485590694
-12.1125,14.25,39.262811078749095
-12.1125,14.287499999999998,39.25911352811165
-12.1125,14.325,39.264043124951755
-12.1125,14.3625,39.26558334024785
-12.1125,14.399999999999999,
-12.1125,14.4375,
-12.1125,14.474999999999998,
-12.1125,14.5125,
-12.1125,14.55,
-12.1125,14.587499999999999,
-12.1125,14.625,
-12.1125,14.662499999999998,
-12.1125,14.7,
-12.1125,14.7375,
-12.1125,14.774999999999999,
-12.1125,14.8125,
-12.1125,14.849999999999998,
-12.1125,14.8875,
-12.1125,14.925,
-12.1125,14.962499999999999,
-12.1125,15.0,
-12.1125,15.037499999999998,
-12.1125,15.075,
-12.075,12.45,
-12.075,12.4875,
-12.075,12.524999999999999,
-12.075,12.5625,
-12.075,12.599999999999998,
-12.075,12.6375,
-12.075,12.675,
-12.075,12.712499999999999,
-12.075,12.75,
-12.075,12.787499999999998,
-12.075,12.825,
-12.075,12.8625,
-12.075,12.899999999999999,
-12.075,12.9375,
-12.075,12.974999999999998,
-12.075,13.0125,
-12.075,13.05,
-12.075,13.087499999999999,
-12.075,13.125,
-12.075,13.162499999999998,
-12.075,13.2,
-12.075,13.2375,
-12.075,13.274999999999999,
-12.075,13.3125,
-12.075,13.349999999999998,
-12.075,13.3875,39.19920848942813
-12.075,13.425,39.20304518099616
-12.075,13.462499999999999,39.20290765500081
-12.075,13.5,39.19383558956634
-12.075,13.537499999999998,39.17113988989774
-12.075,13.575,39.16822991350956
-12.075,13.6125,39.14322144498609
-12.075,13.649999999999999,39.10528917711174
-12.075,13.6875,39.07402122971635
-12.075,13.724999999999998,39.04195887423905
-12.075,13.7625,39.03351785244657
-12.075,13.8,39.038306279932186
-12.075,13.837499999999999,39.04305522862963
-12.075,13.875,39.08214122337004
-12.075,13.912499999999998,39.10087756063072
-12.075,13.95,39.12058106225899
-12.075,13.9875,39.13748726923161
-12.075,14.024999999999999,39.14669036045719
-12.075,14.0625,39.16936112058092
-12.075,14.099999999999998,39.182628888936165
-12.075,14.1375,39.208451605306685
-12.075,14.175,39.203256608829605
-12.075,14.212499999999999,39.203341254279245
-12.075,14.25,39.22286856183417
-12.075,14.287499999999998,39.216803091849926
-12.075,14.325,
-12.075,14.3625,
-12.075,14.399999999999999,
-12.075,14.4375,
-12.075,14.474999999999998,
-12.075,14.5125,
-12.075,14.55,
-12.075,14.587499999999999,
-12.075,14.625,
-12.075,14.662499999999998,
-12.075,14.7,
-12.075,14.7375,
-12.075,14.774999999999999,
-12.075,14.8125,
-12.075,14.849999999999998,
-12.075,14.8875,
-12.075,14.925,
-12.075,14.962499999999999,
-12.075,15.0,
-12.075,15.037499999999998,
-12.075,15.075,
-12.0375,12.45,
-12.0375,12.4875,
-12.0375,12.524999999999999,
-12.0375,12.5625,
-12.0375,12.599999999999998,
-12.0375,12.6375,
-12.0375,12.675,
-12.0375,12.712499999999999,
-12.0375,12.75,
-12.0375,12.787499999999998,
-12.0375,12.825,
-12.0375,12.8625,
-12.0375,12.899999999999999,
-12.0375,12.9375,
-12.0375,12.974999999999998,
-12.0375,13.0125,
-12.0375,13.05,
-12.0375,13.087499999999999,
-12.0375,13.125,
-12.0375,13.162499999999998,
-12.0375,13.2,
-12.0375,13.2375,
-12.0375,13.274999999999999,
-12.0375,13.3125,
-12.0375,13.349999999999998,
-12.0375,13.3875,39.154714034289995
-12.0375,13.425,39.14829759710028
-12.0375,13.462499999999999,39.18035022027904
-12.0375,13.5,39.18363937431344
-12.0375,13.537499999999998,39.142302198146325
-12.0375,13.575,39.084669660060385
-12.0375,13.6125,39.04280372281282
-12.0375,13.649999999999999,39.020187229098156
-12.0375,13.6875,
-12.0375,13.724999999999998,
-12.0375,13.7625,39.002362268850696
-12.0375,13.8,39.00046180276674
-12.0375,13.837499999999999,39.01121725019401
-12.0375,13.875,39.04278613202413
-12.0375,13.912499999999998,39.048754588419115
-12.0375,13.95,39.073001826177865
-12.0375,13.9875,39.097871748146794
-12.0375,14.024999999999999,39.11367426761123
-12.0375,14.0625,39.14067992516141
-12.0375,14.099999999999998,39.1475313005273
-12.0375,14.1375,39.16418494666327
-12.0375,14.175,39.16144894076315
-12.0375,14.212499999999999,39.170221965158404
-12.0375,14.25,39.17355120196284
-12.0375,14.287499999999998,39.175881837830495
-12.0375,14.325,
-12.0375,14.3625,
-12.0375,14.399999999999999,
-12.0375,14.4375,
-12.0375,14.474999999999998,
-12.0375,14.5125,
-12.0375,14.55,
-12.0375,14.587499999999999,
-12.0375,14.625,
-12.0375,14.662499999999998,
-12.0375,14.7,
-12.0375,14.7375,
-12.0375,14.774999999999999,
-12.0375,14.8125,
-12.0375,14.849999999999998,
-12.0375,14.8875,
-12.0375,14.925,
-12.0375,14.962499999999999,
-12.0375,15.0,
-12.0375,15.037499999999998,
-12.0375,15.075,
-12.0,12.45,
-12.0,12.4875,
-12.0,12.524999999999999,
-12.0,12.5625,
-12.0,12.599999999999998,
-12.0,12.6375,
-12.0,12.675,
-12.0,12.712499999999999,
-12.0,12.75,
-12.0,12.787499999999998,
-12.0,12.825,
-12.0,12.8625,
-12.0,12.899999999999999,
-12.0,12.9375,
-12.0,12.974999999999998,
-12.0,13.0125,
-12.0,13.05,
-12.0,13.087499999999999,
-12.0,13.125,
-12.0,13.162499999999998,
-12.0,13.2,
-12.0,13.2375,
-12.0,13.274999999999999,
-12.0,13.3125,
-12.0,13.349999999999998,39.15114894961721
-12.0,13.3875,39.1140475004643
-12.0,13.425,39.08647739858237
-12.0,13.462499999999999,39.08709062986739
-12.0,13.5,39.06771907272451
-12.0,13.537499999999998,39.04831553352007
-12.0,13.575,39.008972308255174
-12.0,13.6125,
-12.0,13.649999999999999,
-12.0,13.6875,
-12.0,13.724999999999998,
-12.0,13.7625,
-12.0,13.8,38.97016365728317
-12.0,13.837499999999999,39.01288041061237
-12.0,13.875,39.007896296316545
-12.0,13.912499999999998,39.006450149461884
-12.0,13.95,39.025284701625765
-12.0,13.9875,39.04588649080291
-12.0,14.024999999999999,
-12.0,14.0625,39.11108346264022
-12.0,14.099999999999998,39.11656396783089
-12.0,14.1375,39.13179862210654
-12.0,14.175,39.12821512472158
-12.0,14.212499999999999,39.14296783290441
-12.0,14.25,
-12.0,14.287499999999998,
-12.0,14.325,
-12.0,14.3625,
-12.0,14.399999999999999,
-12.0,14.4375,
-12.0,14.474999999999998,
-12.0,14.5125,
-12.0,14.55,
-12.0,14.587499999999999,
-12.0,14.625,
-12.0,14.662499999999998,
-12.0,14.7,
-12.0,14.7375,
-12.0,14.774999999999999,
-12.0,14.8125,
-12.0,14.849999999999998,
-12.0,14.8875,
-12.0,14.925,
-12.0,14.962499999999999,
-12.0,15.0,
-12.0,15.037499999999998,
-12.0,15.075,
-11.962499999999999,12.45,
-11.962499999999999,12.4875,
-11.962499999999999,12.524999999999999,
-11.962499999999999,12.5625,
-11.962499999999999,12.599999999999998,
-11.962499999999999,12.6375,
-11.962499999999999,12.675,
-11.962499999999999,12.712499999999999,
-11.962499999999999,12.75,
-11.962499999999999,12.787499999999998,
-11.962499999999999,12.825,
-11.962499999999999,12.8625,
-11.962499999999999,12.899999999999999,
-11.962499999999999,12.9375,
-11.962499999999999,12.974999999999998,
-11.962499999999999,13.0125,
-11.962499999999999,13.05,
-11.962499999999999,13.087499999999999,
-11.962499999999999,13.125,
-11.962499999999999,13.162499999999998,
-11.962499999999999,13.2,
-11.962499999999999,13.2375,
-11.962499999999999,13.274999999999999,
-11.962499999999999,13.3125,
-11.962499999999999,13.349999999999998,
-11.962499999999999,13.3875,39.07427275153063
-11.962499999999999,13.425,39.052973102808146
-11.962499999999999,13.462499999999999,39.02306347942408
-11.962499999999999,13.5,39.007885008661745
-11.962499999999999,13.537499999999998,
-11.962499999999999,13.575,
-11.962499999999999,13.6125,
-11.962499999999999,13.649999999999999,
-11.962499999999999,13.6875,
-11.962499999999999,13.724999999999998,
-11.962499999999999,13.7625,
-11.962499999999999,13.8,38.91953223092966
-11.962499999999999,13.837499999999999,38.9684841638258
-11.962499999999999,13.875,38.964678634871674
-11.962499999999999,13.912499999999998,38.960190791569325
-11.962499999999999,13.95,38.97616765328128
-11.962499999999999,13.9875,39.00325139753066
-11.962499999999999,14.024999999999999,
-11.962499999999999,14.0625,
-11.962499999999999,14.099999999999998,
-11.962499999999999,14.1375,
-11.962499999999999,14.175,
-11.962499999999999,14.212499999999999,
-11.962499999999999,14.25,
-11.962499999999999,14.287499999999998,
-11.962499999999999,14.325,
-11.962499999999999,14.3625,
-11.962499999999999,14.399999999999999,
-11.962499999999999,14.4375,
-11.962499999999999,14.474999999999998,
-11.962499999999999,14.5125,
-11.962499999999999,14.55,
-11.962499999999999,14.587499999999999,
-11.962499999999999,14.625,
-11.962499999999999,14.662499999999998,
-11.962499999999999,14.7,
-11.962499999999999,14.7375,
-11.962499999999999,14.774999999999999,
-11.962499999999999,14.8125,
-11.962499999999999,14.849999999999998,
-11.962499999999999,14.8875,
-11.962499999999999,14.925,
-11.962499999999999,14.962499999999999,
-11.962499999999999,15.0,
-11.962499999999999,15.037499999999998,
-11.962499999999999,15.075,
-11.925,12.45,
-11.925,12.4875,
-11.925,12.524999999999999,
-11.925,12.5625,
-11.925,12.599999999999998,
-11.925,12.6375,
-11.925,12.675,
-11.925,12.712499999999999,
-11.925,12.75,
-11.925,12.787499999999998,
-11.925,12.825,
-11.925,12.8625,
-11.925,12.899999999999999,
-11.925,12.9375,
-11.925,12.974999999999998,
-11.925,13.0125,
-11.925,13.05,
-11.925,13.087499999999999,
-11.925,13.125,
-11.925,13.162499999999998,
-11.925,13.2,
-11.925,13.2375,
-11.925,13.274999999999999,
-11.925,13.3125,
-11.925,13.349999999999998,
-11.925,13.3875,39.01357756624349
-11.925,13.425,39.006554356313046
-11.925,13.462499999999999,38.977747757937884
-11.925,13.5,38.95172604921073
-11.925,13.537499999999998,
-11.925,13.575,
-11.925,13.6125,
-11.925,13.649999999999999,
-11.925,13.6875,
-11.925,13.724999999999998,
-11.925,13.7625,
-11.925,13.8,
-11.925,13.837499999999999,
-11.925,13.875,
-11.925,13.912499999999998,
-11.925,13.95,
-11.925,13.9875,
-11.925,14.024999999999999,
-11.925,14.0625,
-11.925,14.099999999999998,
-11.925,14.1375,
-11.925,14.175,
-11.925,14.212499999999999,
-11.925,14.25,
-11.925,14.287499999999998,
-11.925,14.325,
-11.925,14.3625,
-11.925,14.399999999999999,
-11.925,14.4375,
-11.925,14.474999999999998,
-11.925,14.5125,
-11.925,14.55,
-11.925,14.587499999999999,
-11.925,14.625,
-11.925,14.662499999999998,
-11.925,14.7,
-11.925,14.7375,
-11.925,14.774999999999999,
-11.925,14.8125,
-11.925,14.849999999999998,
-11.925,14.8875,
-11.925,14.925,
-11.925,14.962499999999999,
-11.925,15.0,
-11.925,15.037499999999998,
-11.925,15.075,
-11.8875,12.45,
-11.8875,12.4875,
-11.8875,12.524999999999999,
-11.8875,12.5625,
-11.8875,12.599999999999998,
-11.8875,12.6375,
-11.8875,12.675,
-11.8875,12.712499999999999,
-11.8875,12.75,
-11.8875,12.787499999999998,
-11.8875,12.825,
-11.8875,12.8625,
-11.8875,12.899999999999999,
-11.8875,12.9375,
-11.8875,12.974999999999998,
-11.8875,13.0125,
-11.8875,13.05,
-11.8875,13.087499999999999,
-11.8875,13.125,
-11.8875,13.162499999999998,
-11.8875,13.2,
-11.8875,13.2375,
-11.8875,13.274999999999999,
-11.8875,13.3125,
-11.8875,13.349999999999998,
-11.8875,13.3875,
-11.8875,13.425,38.94696923208764
-11.8875,13.462499999999999,38.92700178846349
-11.8875,13.5,
-11.8875,13.537499999999998,
-11.8875,13.575,
-11.8875,13.6125,
-11.8875,13.649999999999999,
-11.8875,13.6875,
-11.8875,13.724999999999998,
-11.8875,13.7625,
-11.8875,13.8,
-11.8875,13.837499999999999,
-11.8875,13.875,
-11.8875,13.912499999999998,
-11.8875,13.95,
-11.8875,13.9875,
-11.8875,14.024999999999999,
-11.8875,14.0625,
-11.8875,14.099999999999998,
-11.8875,14.1375,
-11.8875,14.175,
-11.8875,14.212499999999999,
-11.8875,14.25,
-11.8875,14.287499999999998,
-11.8875,14.325,
-11.8875,14.3625,
-11.8875,14.399999999999999,
-11.8875,14.4375,
-11.8875,14.474999999999998,
-11.8875,14.5125,
-11.8875,14.55,
-11.8875,14.587499999999999,
-11.8875,14.625,
-11.8875,14.662499999999998,
-11.8875,14.7,
-11.8875,14.7375,
-11.8875,14.774999999999999,
-11.8875,14.8125,
-11.8875,14.849999999999998,
-11.8875,14.8875,
-11.8875,14.925,
-11.8875,14.962499999999999,
-11.8875,15.0,
-11.8875,15.037499999999998,
-11.8875,15.075,
