longitude,latitude,val
-16.0125,12.45,
-16.0125,12.4875,
-16.0125,12.524999999999999,
-16.0125,12.5625,
-16.0125,12.599999999999998,
-16.0125,12.6375,
-16.0125,12.675,22.173719852564506
-16.0125,12.712499999999999,
-16.0125,12.75,22.17447814224997
-16.0125,12.787499999999998,
-16.0125,12.825,
-16.0125,12.8625,
-16.0125,12.899999999999999,
-16.0125,12.9375,
-16.0125,12.974999999999998,
-16.0125,13.0125,
-16.0125,13.05,
-16.0125,13.087499999999999,
-16.0125,13.125,
-16.0125,13.162499999999998,
-16.0125,13.2,
-16.0125,13.2375,
-16.0125,13.274999999999999,
-16.0125,13.3125,
-16.0125,13.349999999999998,
-16.0125,13.3875,
-16.0125,13.425,
-16.0125,13.462499999999999,
-16.0125,13.5,
-16.0125,13.537499999999998,
-16.0125,13.575,
-16.0125,13.6125,
-16.0125,13.649999999999999,
-16.0125,13.6875,
-16.0125,13.724999999999998,
-16.0125,13.7625,
-16.0125,13.8,
-16.0125,13.837499999999999,
-16.0125,13.875,
-16.0125,13.912499999999998,
-16.0125,13.95,
-16.0125,13.9875,
-16.0125,14.024999999999999,
-16.0125,14.0625,
-16.0125,14.099999999999998,
-16.0125,14.1375,
-16.0125,14.175,
-16.0125,14.212499999999999,
-16.0125,14.25,
-16.0125,14.287499999999998,
-16.0125,14.325,
-16.0125,14.3625,
-16.0125,14.399999999999999,
-16.0125,14.4375,
-16.0125,14.474999999999998,
-16.0125,14.5125,
-16.0125,14.55,
-16.0125,14.587499999999999,
-16.0125,14.625,
-16.0125,14.662499999999998,
-16.0125,14.7,
-16.0125,14.7375,
-16.0125,14.774999999999999,
-16.0125,14.8125,
-16.0125,14.849999999999998,
-16.0125,14.8875,
-16.0125,14.925,
-16.0125,14.962499999999999,
-16.0125,15.0,
-16.0125,15.037499999999998,
-16.0125,15.075,
-15.975,12.45,
-15.975,12.4875,
-15.975,12.524999999999999,
-15.975,12.5625,
-15.975,12.599999999999998,
-15.975,12.6375,22.199310689278512
-15.975,12.675,22.19579513654836
-15.975,12.712499999999999,22.19844699146469
-15.975,12.75,22.19272183047889
-15.975,12.787499999999998,22.215876580184407
-15.975,12.825,22.228286205887812
-15.975,12.8625,
-15.975,12.899999999999999,22.25650831984029
-15.975,12.9375,22.273239615778145
-15.975,12.974999999999998,
-15.975,13.0125,
-15.975,13.05,
-15.975,13.087499999999999,
-15.975,13.125,
-15.975,13.162499999999998,
-15.975,13.2,
-15.975,13.2375,
-15.975,13.274999999999999,
-15.975,13.3125,
-15.975,13.349999999999998,
-15.975,13.3875,
-15.975,13.425,
-15.975,13.462499999999999,
-15.975,13.5,
-15.975,13.537499999999998,
-15.975,13.575,
-15.975,13.6125,
-15.975,13.649999999999999,
-15.975,13.6875,
-15.975,13.724999999999998,
-15.975,13.7625,
-15.975,13.8,
-15.975,13.837499999999999,
-15.975,13.875,
-15.975,13.912499999999998,
-15.975,13.95,
-15.975,13.9875,
-15.975,14.024999999999999,
-15.975,14.0625,
-15.975,14.099999999999998,
-15.975,14.1375,
-15.975,14.175,
-15.975,14.212499999999999,
-15.975,14.25,
-15.975,14.287499999999998,
-15.975,14.325,
-15.975,14.3625,
-15.975,14.399999999999999,
-15.975,14.4375,
-15.975,14.474999999999998,
-15.975,14.5125,
-15.975,14.55,
-15.975,14.587499999999999,
-15.975,14.625,
-15.975,14.662499999999998,
-15.975,14.7,
-15.975,14.7375,
-15.975,14.774999999999999,
-15.975,14.8125,
-15.975,14.849999999999998,
-15.975,14.8875,
-15.975,14.925,
-15.975,14.962499999999999,
-15.975,15.0,
-15.975,15.037499999999998,
-15.975,15.075,
-15.9375,12.45,
-15.9375,12.4875,
-15.9375,12.524999999999999,
-15.9375,12.5625,22.240274490561504
-15.9375,12.599999999999998,22.220983531703567
-15.9375,12.6375,22.208191795534315
-15.9375,12.675,22.206123072225886
-15.9375,12.712499999999999,22.20679731530354
-15.9375,12.75,22.21287481994963
-15.9375,12.787499999999998,22.223946846650612
-15.9375,12.825,22.24609936485502
-15.9375,12.8625,22.26073313899134
-15.9375,12.899999999999999,22.274762670054006
-15.9375,12.9375,22.29350016322314
-15.9375,12.974999999999998,22.313086265588346
-15.9375,13.0125,
-15.9375,13.05,
-15.9375,13.087499999999999,
-15.9375,13.125,
-15.9375,13.162499999999998,
-15.9375,13.2,
-15.9375,13.2375,
-15.9375,13.274999999999999,
-15.9375,13.3125,
-15.9375,13.349999999999998,
-15.9375,13.3875,
-15.9375,13.425,
-15.9375,13.462499999999999,
-15.9375,13.5,
-15.9375,13.537499999999998,
-15.9375,13.575,
-15.9375,13.6125,
-15.9375,13.649999999999999,
-15.9375,13.6875,
-15.9375,13.724999999999998,
-15.9375,13.7625,
-15.9375,13.8,
-15.9375,13.837499999999999,
-15.9375,13.875,
-15.9375,13.912499999999998,
-15.9375,13.95,
-15.9375,13.9875,
-15.9375,14.024999999999999,
-15.9375,14.0625,
-15.9375,14.099999999999998,
-15.9375,14.1375,
-15.9375,14.175,
-15.9375,14.212499999999999,
-15.9375,14.25,
-15.9375,14.287499999999998,
-15.9375,14.325,
-15.9375,14.3625,
-15.9375,14.399999999999999,
-15.9375,14.4375,
-15.9375,14.474999999999998,
-15.9375,14.5125,
-15.9375,14.55,
-15.9375,14.587499999999999,
-15.9375,14.625,
-15.9375,14.662499999999998,
-15.9375,14.7,
-15.9375,14.7375,
-15.9375,14.774999999999999,
-15.9375,14.8125,
-15.9375,14.849999999999998,
-15.9375,14.8875,
-15.9375,14.925,
-15.9375,14.962499999999999,
-15.9375,15.0,
-15.9375,15.037499999999998,
-15.9375,15.075,
-15.899999999999999,12.45,
-15.899999999999999,12.4875,22.2878675422809
-15.899999999999999,12.524999999999999,22.26603127673153
-15.899999999999999,12.5625,22.24326345248481
-15.899999999999999,12.599999999999998,22.22612237744153
-15.899999999999999,12.6375,22.21530197143405
-15.899999999999999,12.675,22.21405442045998
-15.899999999999999,12.712499999999999,22.21257096141697
-15.899999999999999,12.75,22.21877142501137
-15.899999999999999,12.787499999999998,22.23323622182567
-15.899999999999999,12.825,22.250968909707694
-15.899999999999999,12.8625,22.268466059781222
-15.899999999999999,12.899999999999999,22.289834348611507
-15.899999999999999,12.9375,22.307550002769766
-15.899999999999999,12.974999999999998,22.357451444226903
-15.899999999999999,13.0125,22.37969891014362
-15.899999999999999,13.05,22.40203493640587
-15.899999999999999,13.087499999999999,
-15.899999999999999,13.125,22.44466493020077
-15.899999999999999,13.162499999999998,
-15.899999999999999,13.2,
-15.899999999999999,13.2375,
-15.899999999999999,13.274999999999999,
-15.899999999999999,13.3125,
-15.899999999999999,13.349999999999998,
-15.899999999999999,13.3875,
-15.899999999999999,13.425,
-15.899999999999999,13.462499999999999,
-15.899999999999999,13.5,
-15.899999999999999,13.537499999999998,
-15.899999999999999,13.575,
-15.899999999999999,13.6125,
-15.899999999999999,13.649999999999999,
-15.899999999999999,13.6875,
-15.899999999999999,13.724999999999998,
-15.899999999999999,13.7625,
-15.899999999999999,13.8,
-15.899999999999999,13.837499999999999,
-15.899999999999999,13.875,
-15.899999999999999,13.912499999999998,
-15.899999999999999,13.95,
-15.899999999999999,13.9875,
-15.899999999999999,14.024999999999999,
-15.899999999999999,14.0625,
-15.899999999999999,14.099999999999998,
-15.899999999999999,14.1375,
-15.899999999999999,14.175,
-15.899999999999999,14.212499999999999,
-15.899999999999999,14.25,
-15.899999999999999,14.287499999999998,
-15.899999999999999,14.325,
-15.899999999999999,14.3625,
-15.899999999999999,14.399999999999999,
-15.899999999999999,14.4375,
-15.899999999999999,14.474999999999998,
-15.899999999999999,14.5125,
-15.899999999999999,14.55,
-15.899999999999999,14.587499999999999,
-15.899999999999999,14.625,
-15.899999999999999,14.662499999999998,
-15.899999999999999,14.7,
-15.899999999999999,14.7375,
-15.899999999999999,14.774999999999999,
-15.899999999999999,14.8125,
-15.899999999999999,14.849999999999998,
-15.899999999999999,14.8875,
-15.899999999999999,14.925,
-15.899999999999999,14.962499999999999,
-15.899999999999999,15.0,
-15.899999999999999,15.037499999999998,
-15.899999999999999,15.075,
-15.862499999999999,12.45,22.287191821443766
-15.862499999999999,12.4875,22.266629009848227
-15.862499999999999,12.524999999999999,22.24274829839506
-15.862499999999999,12.5625,22.246839062778836
-15.862499999999999,12.599999999999998,22.22955885388416
-15.862499999999999,12.6375,22.219086790768884
-15.862499999999999,12.675,22.218333337010275
-15.862499999999999,12.712499999999999,22.217261015646454
-15.862499999999999,12.75,22.22477428056112
-15.862499999999999,12.787499999999998,22.239067385544725
-15.862499999999999,12.825,22.255513248360838
-15.862499999999999,12.8625,22.274374260125114
-15.862499999999999,12.899999999999999,22.295154454375144
-15.862499999999999,12.9375,22.319391561670407
-15.862499999999999,12.974999999999998,22.37042076194222
-15.862499999999999,13.0125,22.3976106598092
-15.862499999999999,13.05,22.42360020690073
-15.862499999999999,13.087499999999999,22.44789502732963
-15.862499999999999,13.125,22.470265918531744
-15.862499999999999,13.162499999999998,22.492269422556834
-15.862499999999999,13.2,
-15.862499999999999,13.2375,
-15.862499999999999,13.274999999999999,
-15.862499999999999,13.3125,
-15.862499999999999,13.349999999999998,
-15.862499999999999,13.3875,
-15.862499999999999,13.425,
-15.862499999999999,13.462499999999999,
-15.862499999999999,13.5,
-15.862499999999999,13.537499999999998,
-15.862499999999999,13.575,
-15.862499999999999,13.6125,
-15.862499999999999,13.649999999999999,
-15.862499999999999,13.6875,
-15.862499999999999,13.724999999999998,
-15.862499999999999,13.7625,
-15.862499999999999,13.8,
-15.862499999999999,13.837499999999999,
-15.862499999999999,13.875,
-15.862499999999999,13.912499999999998,
-15.862499999999999,13.95,
-15.862499999999999,13.9875,
-15.862499999999999,14.024999999999999,
-15.862499999999999,14.0625,
-15.862499999999999,14.099999999999998,
-15.862499999999999,14.1375,
-15.862499999999999,14.175,
-15.862499999999999,14.212499999999999,
-15.862499999999999,14.25,
-15.862499999999999,14.287499999999998,
-15.862499999999999,14.325,
-15.862499999999999,14.3625,
-15.862499999999999,14.399999999999999,
-15.862499999999999,14.4375,
-15.862499999999999,14.474999999999998,
-15.862499999999999,14.5125,
-15.862499999999999,14.55,
-15.862499999999999,14.587499999999999,
-15.862499999999999,14.625,
-15.862499999999999,14.662499999999998,
-15.862499999999999,14.7,
-15.862499999999999,14.7375,
-15.862499999999999,14.774999999999999,
-15.862499999999999,14.8125,
-15.862499999999999,14.849999999999998,
-15.862499999999999,14.8875,
-15.862499999999999,14.925,
-15.862499999999999,14.962499999999999,
-15.862499999999999,15.0,
-15.862499999999999,15.037499999999998,
-15.862499999999999,15.075,
-15.825,12.45,22.284081429825946
-15.825,12.4875,22.265598684363468
-15.825,12.524999999999999,22.268950260006765
-15.825,12.5625,22.249178139039124
-15.825,12.599999999999998,22.232456974501517
-15.825,12.6375,22.222310380193058
-15.825,12.675,22.222265581355064
-15.825,12.712499999999999,22.222722597790355
-15.825,12.75,22.230233882382162
-15.825,12.787499999999998,22.244401978293073
-15.825,12.825,22.26325965069967
-15.825,12.8625,22.284197294216824
-15.825,12.899999999999999,22.30749184321559
-15.825,12.9375,22.32920791037618
-15.825,12.974999999999998,22.380290104519933
-15.825,13.0125,22.411775549319092
-15.825,13.05,22.440761755403514
-15.825,13.087499999999999,22.467274638957345
-15.825,13.125,22.495096466529777
-15.825,13.162499999999998,22.519002093959223
-15.825,13.2,
-15.825,13.2375,
-15.825,13.274999999999999,
-15.825,13.3125,
-15.825,13.349999999999998,
-15.825,13.3875,
-15.825,13.425,
-15.825,13.462499999999999,
-15.825,13.5,
-15.825,13.537499999999998,
-15.825,13.575,
-15.825,13.6125,
-15.825,13.649999999999999,
-15.825,13.6875,
-15.825,13.724999999999998,
-15.825,13.7625,
-15.825,13.8,
-15.825,13.837499999999999,
-15.825,13.875,
-15.825,13.912499999999998,
-15.825,13.95,
-15.825,13.9875,
-15.825,14.024999999999999,
-15.825,14.0625,
-15.825,14.099999999999998,
-15.825,14.1375,
-15.825,14.175,
-15.825,14.212499999999999,
-15.825,14.25,
-15.825,14.287499999999998,
-15.825,14.325,
-15.825,14.3625,
-15.825,14.399999999999999,
-15.825,14.4375,
-15.825,14.474999999999998,
-15.825,14.5125,
-15.825,14.55,
-15.825,14.587499999999999,
-15.825,14.625,
-15.825,14.662499999999998,
-15.825,14.7,
-15.825,14.7375,
-15.825,14.774999999999999,
-15.825,14.8125,
-15.825,14.849999999999998,
-15.825,14.8875,
-15.825,14.925,
-15.825,14.962499999999999,
-15.825,15.0,
-15.825,15.037499999999998,
-15.825,15.075,
-15.7875,12.45,22.285303920880974
-15.7875,12.4875,22.290342437060076
-15.7875,12.524999999999999,22.269413467055127
-15.7875,12.5625,22.25080333449166
-15.7875,12.599999999999998,22.235848869262515
-15.7875,12.6375,22.225943388371206
-15.7875,12.675,22.226580750882242
-15.7875,12.712499999999999,22.227909343223555
-15.7875,12.75,22.234016462221135
-15.7875,12.787499999999998,22.249096946931115
-15.7875,12.825,22.267619965374056
-15.7875,12.8625,22.289623587299253
-15.7875,12.899999999999999,22.31529355711412
-15.7875,12.9375,22.33913914342326
-15.7875,12.974999999999998,22.36771763068516
-15.7875,13.0125,22.397576343417242
-15.7875,13.05,22.451491341481113
-15.7875,13.087499999999999,22.486404591406693
-15.7875,13.125,22.517013079890194
-15.7875,13.162499999999998,22.544451880048726
-15.7875,13.2,22.572718600574674
-15.7875,13.2375,22.599936607105118
-15.7875,13.274999999999999,22.62821643321024
-15.7875,13.3125,22.651817374268127
-15.7875,13.349999999999998,
-15.7875,13.3875,
-15.7875,13.425,
-15.7875,13.462499999999999,
-15.7875,13.5,
-15.7875,13.537499999999998,
-15.7875,13.575,
-15.7875,13.6125,
-15.7875,13.649999999999999,
-15.7875,13.6875,
-15.7875,13.724999999999998,
-15.7875,13.7625,
-15.7875,13.8,
-15.7875,13.837499999999999,
-15.7875,13.875,
-15.7875,13.912499999999998,
-15.7875,13.95,
-15.7875,13.9875,
-15.7875,14.024999999999999,
-15.7875,14.0625,
-15.7875,14.099999999999998,
-15.7875,14.1375,
-15.7875,14.175,
-15.7875,14.212499999999999,
-15.7875,14.25,
-15.7875,14.287499999999998,
-15.7875,14.325,
-15.7875,14.3625,
-15.7875,14.399999999999999,
-15.7875,14.4375,
-15.7875,14.474999999999998,
-15.7875,14.5125,
-15.7875,14.55,
-15.7875,14.587499999999999,
-15.7875,14.625,
-15.7875,14.662499999999998,
-15.7875,14.7,
-15.7875,14.7375,
-15.7875,14.774999999999999,
-15.7875,14.8125,
-15.7875,14.849999999999998,
-15.7875,14.8875,
-15.7875,14.925,
-15.7875,14.962499999999999,
-15.7875,15.0,
-15.7875,15.037499999999998,
-15.7875,15.075,
-15.75,12.45,22.309220313239152
-15.75,12.4875,22.289803582287
-15.75,12.524999999999999,22.270768826659204
-15.75,12.5625,22.254208177687982
-15.75,12.599999999999998,22.238570851582683
-15.75,12.6375,22.232016703184307
-15.75,12.675,22.231626066248946
-15.75,12.712499999999999,22.232119045939857
-15.75,12.75,22.23555784035404
-15.75,12.787499999999998,22.25057322265418
-15.75,12.825,22.270381432607856
-15.75,12.8625,22.29257040898353
-15.75,12.899999999999999,22.317032556307066
-15.75,12.9375,22.345560047288394
-15.75,12.974999999999998,22.37247369068473
-15.75,13.0125,22.406049620207174
-15.75,13.05,22.437896883388817
-15.75,13.087499999999999,22.495717770701752
-15.75,13.125,22.532724752258282
-15.75,13.162499999999998,22.563552723927796
-15.75,13.2,22.592860372449497
-15.75,13.2375,22.62214855125069
-15.75,13.274999999999999,22.64914037849734
-15.75,13.3125,22.67133068346634
-15.75,13.349999999999998,
-15.75,13.3875,
-15.75,13.425,
-15.75,13.462499999999999,
-15.75,13.5,
-15.75,13.537499999999998,
-15.75,13.575,
-15.75,13.6125,
-15.75,13.649999999999999,
-15.75,13.6875,
-15.75,13.724999999999998,
-15.75,13.7625,
-15.75,13.8,
-15.75,13.837499999999999,
-15.75,13.875,
-15.75,13.912499999999998,
-15.75,13.95,
-15.75,13.9875,
-15.75,14.024999999999999,
-15.75,14.0625,
-15.75,14.099999999999998,
-15.75,14.1375,
-15.75,14.175,
-15.75,14.212499999999999,
-15.75,14.25,
-15.75,14.287499999999998,
-15.75,14.325,
-15.75,14.3625,
-15.75,14.399999999999999,
-15.75,14.4375,
-15.75,14.474999999999998,
-15.75,14.5125,
-15.75,14.55,
-15.75,14.587499999999999,
-15.75,14.625,
-15.75,14.662499999999998,
-15.75,14.7,
-15.75,14.7375,
-15.75,14.774999999999999,
-15.75,14.8125,
-15.75,14.849999999999998,
-15.75,14.8875,
-15.75,14.925,
-15.75,14.962499999999999,
-15.75,15.0,
-15.75,15.037499999999998,
-15.75,15.075,
-15.712499999999999,12.45,22.32117489981052
-15.712499999999999,12.4875,22.301623613931678
-15.712499999999999,12.524999999999999,22.285828639601892
-15.712499999999999,12.5625,22.26953013422546
-15.712499999999999,12.599999999999998,22.25464862531302
-15.712499999999999,12.6375,22.24815964430285
-15.712499999999999,12.675,22.247767922354196
-15.712499999999999,12.712499999999999,22.250169927406926
-15.712499999999999,12.75,22.2555001003215
-15.712499999999999,12.787499999999998,22.268375762460582
-15.712499999999999,12.825,22.288661129988462
-15.712499999999999,12.8625,22.308795632560802
-15.712499999999999,12.899999999999999,22.332875992534277
-15.712499999999999,12.9375,22.361228472766577
-15.712499999999999,12.974999999999998,22.388205314362835
-15.712499999999999,13.0125,22.422207185863435
-15.712499999999999,13.05,22.453985429824282
-15.712499999999999,13.087499999999999,22.49076259905112
-15.712499999999999,13.125,22.551437407572948
-15.712499999999999,13.162499999999998,22.58593668385449
-15.712499999999999,13.2,22.614728240548903
-15.712499999999999,13.2375,22.640987834355194
-15.712499999999999,13.274999999999999,22.66828208236642
-15.712499999999999,13.3125,22.689846931135556
-15.712499999999999,13.349999999999998,22.70445081993303
-15.712499999999999,13.3875,
-15.712499999999999,13.425,
-15.712499999999999,13.462499999999999,
-15.712499999999999,13.5,
-15.712499999999999,13.537499999999998,
-15.712499999999999,13.575,
-15.712499999999999,13.6125,
-15.712499999999999,13.649999999999999,
-15.712499999999999,13.6875,
-15.712499999999999,13.724999999999998,
-15.712499999999999,13.7625,
-15.712499999999999,13.8,
-15.712499999999999,13.837499999999999,
-15.712499999999999,13.875,
-15.712499999999999,13.912499999999998,
-15.712499999999999,13.95,
-15.712499999999999,13.9875,
-15.712499999999999,14.024999999999999,
-15.712499999999999,14.0625,
-15.712499999999999,14.099999999999998,
-15.712499999999999,14.1375,
-15.712499999999999,14.175,
-15.712499999999999,14.212499999999999,
-15.712499999999999,14.25,
-15.712499999999999,14.287499999999998,
-15.712499999999999,14.325,
-15.712499999999999,14.3625,
-15.712499999999999,14.399999999999999,
-15.712499999999999,14.4375,
-15.712499999999999,14.474999999999998,
-15.712499999999999,14.5125,
-15.712499999999999,14.55,
-15.712499999999999,14.587499999999999,
-15.712499999999999,14.625,
-15.712499999999999,14.662499999999998,
-15.712499999999999,14.7,
-15.712499999999999,14.7375,
-15.712499999999999,14.774999999999999,
-15.712499999999999,14.8125,
-15.712499999999999,14.849999999999998,
-15.712499999999999,14.8875,
-15.712499999999999,14.925,
-15.712499999999999,14.962499999999999,
-15.712499999999999,15.0,
-15.712499999999999,15.037499999999998,
-15.712499999999999,15.075,
-15.674999999999999,12.45,22.3322455213599
-15.674999999999999,12.4875,22.315357802177118
-15.674999999999999,12.524999999999999,22.30114529862244
-15.674999999999999,12.5625,22.282925289216372
-15.674999999999999,12.599999999999998,22.271014846718572
-15.674999999999999,12.6375,22.263345111928906
-15.674999999999999,12.675,22.265185437324032
-15.674999999999999,12.712499999999999,22.267464089439258
-15.674999999999999,12.75,22.273316978165397
-15.674999999999999,12.787499999999998,22.287965530113503
-15.674999999999999,12.825,22.303272298795818
-15.674999999999999,12.8625,22.321668185710283
-15.674999999999999,12.899999999999999,22.346704026930183
-15.674999999999999,12.9375,22.373557867437132
-15.674999999999999,12.974999999999998,22.39901866207418
-15.674999999999999,13.0125,22.43070822319215
-15.674999999999999,13.05,22.467620077195683
-15.674999999999999,13.087499999999999,22.5057586279616
-15.674999999999999,13.125,22.53953173205398
-15.674999999999999,13.162499999999998,22.57605777083364
-15.674999999999999,13.2,22.625146114729613
-15.674999999999999,13.2375,22.649234654769522
-15.674999999999999,13.274999999999999,22.673182543663117
-15.674999999999999,13.3125,22.68907727899771
-15.674999999999999,13.349999999999998,22.707023111767413
-15.674999999999999,13.3875,
-15.674999999999999,13.425,
-15.674999999999999,13.462499999999999,
-15.674999999999999,13.5,
-15.674999999999999,13.537499999999998,
-15.674999999999999,13.575,
-15.674999999999999,13.6125,
-15.674999999999999,13.649999999999999,
-15.674999999999999,13.6875,
-15.674999999999999,13.724999999999998,
-15.674999999999999,13.7625,
-15.674999999999999,13.8,
-15.674999999999999,13.837499999999999,
-15.674999999999999,13.875,
-15.674999999999999,13.912499999999998,
-15.674999999999999,13.95,
-15.674999999999999,13.9875,
-15.674999999999999,14.024999999999999,
-15.674999999999999,14.0625,
-15.674999999999999,14.099999999999998,
-15.674999999999999,14.1375,
-15.674999999999999,14.175,
-15.674999999999999,14.212499999999999,
-15.674999999999999,14.25,
-15.674999999999999,14.287499999999998,
-15.674999999999999,14.325,
-15.674999999999999,14.3625,
-15.674999999999999,14.399999999999999,
-15.674999999999999,14.4375,
-15.674999999999999,14.474999999999998,
-15.674999999999999,14.5125,
-15.674999999999999,14.55,
-15.674999999999999,14.587499999999999,
-15.674999999999999,14.625,
-15.674999999999999,14.662499999999998,
-15.674999999999999,14.7,
-15.674999999999999,14.7375,
-15.674999999999999,14.774999999999999,
-15.674999999999999,14.8125,
-15.674999999999999,14.849999999999998,
-15.674999999999999,14.8875,
-15.674999999999999,14.925,
-15.674999999999999,14.962499999999999,
-15.674999999999999,15.0,
-15.674999999999999,15.037499999999998,
-15.674999999999999,15.075,
-15.6375,12.45,22.33904866219549
-15.6375,12.4875,22.323241865537117
-15.6375,12.524999999999999,22.309452585083243
-15.6375,12.5625,22.297120660843856
-15.6375,12.599999999999998,22.290621047307855
-15.6375,12.6375,22.28278342153336
-15.6375,12.675,22.280704048490684
-15.6375,12.712499999999999,22.285357549013046
-15.6375,12.75,22.291330030754793
-15.6375,12.787499999999998,22.30248473799516
-15.6375,12.825,22.315942299843382
-15.6375,12.8625,22.332972774473316
-15.6375,12.899999999999999,22.354980208007653
-15.6375,12.9375,22.378267298202115
-15.6375,12.974999999999998,22.403215844668395
-15.6375,13.0125,22.436793535098793
-15.6375,13.05,22.473190538237482
-15.6375,13.087499999999999,22.510839359032456
-15.6375,13.125,22.545456255684183
-15.6375,13.162499999999998,22.57778073492712
-15.6375,13.2,22.603101556967705
-15.6375,13.2375,22.64594127164906
-15.6375,13.274999999999999,22.665133429496738
-15.6375,13.3125,22.678542127337778
-15.6375,13.349999999999998,22.696113048807526
-15.6375,13.3875,
-15.6375,13.425,
-15.6375,13.462499999999999,
-15.6375,13.5,
-15.6375,13.537499999999998,
-15.6375,13.575,
-15.6375,13.6125,
-15.6375,13.649999999999999,
-15.6375,13.6875,
-15.6375,13.724999999999998,
-15.6375,13.7625,
-15.6375,13.8,
-15.6375,13.837499999999999,
-15.6375,13.875,
-15.6375,13.912499999999998,
-15.6375,13.95,
-15.6375,13.9875,
-15.6375,14.024999999999999,
-15.6375,14.0625,
-15.6375,14.099999999999998,
-15.6375,14.1375,
-15.6375,14.175,
-15.6375,14.212499999999999,
-15.6375,14.25,
-15.6375,14.287499999999998,
-15.6375,14.325,
-15.6375,14.3625,
-15.6375,14.399999999999999,
-15.6375,14.4375,
-15.6375,14.474999999999998,
-15.6375,14.5125,
-15.6375,14.55,
-15.6375,14.587499999999999,
-15.6375,14.625,
-15.6375,14.662499999999998,
-15.6375,14.7,
-15.6375,14.7375,
-15.6375,14.774999999999999,
-15.6375,14.8125,
-15.6375,14.849999999999998,
-15.6375,14.8875,
-15.6375,14.925,
-15.6375,14.962499999999999,
-15.6375,15.0,
-15.6375,15.037499999999998,
-15.6375,15.075,
-15.6,12.45,
-15.6,12.4875,22.337305842838425
-15.6,12.524999999999999,22.32459136786178
-15.6,12.5625,22.310189004154623
-15.6,12.599999999999998,22.303235654589646
-15.6,12.6375,22.300449906187957
-15.6,12.675,22.29750368314607
-15.6,12.712499999999999,22.300315759438696
-15.6,12.75,22.304591731645935
-15.6,12.787499999999998,22.312545511293685
-15.6,12.825,22.327068681715478
-15.6,12.8625,22.342175690718964
-15.6,12.899999999999999,22.3587604645981
-15.6,12.9375,22.377721011647413
-15.6,12.974999999999998,22.40410961781402
-15.6,13.0125,22.435379684660017
-15.6,13.05,22.471831807465794
-15.6,13.087499999999999,22.509696390462956
-15.6,13.125,22.543157437242495
-15.6,13.162499999999998,22.57292372862228
-15.6,13.2,22.598129722185085
-15.6,13.2375,22.613263718224427
-15.6,13.274999999999999,22.630362861888155
-15.6,13.3125,22.66373475195588
-15.6,13.349999999999998,22.675547306559725
-15.6,13.3875,
-15.6,13.425,
-15.6,13.462499999999999,
-15.6,13.5,
-15.6,13.537499999999998,
-15.6,13.575,
-15.6,13.6125,
-15.6,13.649999999999999,
-15.6,13.6875,
-15.6,13.724999999999998,
-15.6,13.7625,
-15.6,13.8,
-15.6,13.837499999999999,
-15.6,13.875,
-15.6,13.912499999999998,
-15.6,13.95,
-15.6,13.9875,
-15.6,14.024999999999999,
-15.6,14.0625,
-15.6,14.099999999999998,
-15.6,14.1375,
-15.6,14.175,
-15.6,14.212499999999999,
-15.6,14.25,
-15.6,14.287499999999998,
-15.6,14.325,
-15.6,14.3625,
-15.6,14.399999999999999,
-15.6,14.4375,
-15.6,14.474999999999998,
-15.6,14.5125,
-15.6,14.55,
-15.6,14.587499999999999,
-15.6,14.625,
-15.6,14.662499999999998,
-15.6,14.7,
-15.6,14.7375,
-15.6,14.774999999999999,
-15.6,14.8125,
-15.6,14.849999999999998,
-15.6,14.8875,
-15.6,14.925,
-15.6,14.962499999999999,
-15.6,15.0,
-15.6,15.037499999999998,
-15.6,15.075,
-15.5625,12.45,
-15.5625,12.4875,22.348363486320956
-15.5625,12.524999999999999,22.335824424028555
-15.5625,12.5625,22.323045417624275
-15.5625,12.599999999999998,22.313265502139704
-15.5625,12.6375,22.310535781281658
-15.5625,12.675,22.31008607089738
-15.5625,12.712499999999999,22.313664859948155
-15.5625,12.75,22.316281336410658
-15.5625,12.787499999999998,22.3221302860572
-15.5625,12.825,22.33485159293288
-15.5625,12.8625,22.347269621765737
-15.5625,12.899999999999999,22.36407869195635
-15.5625,12.9375,22.382432210770897
-15.5625,12.974999999999998,22.407989989207056
-15.5625,13.0125,22.438708591707538
-15.5625,13.05,22.469777857969135
-15.5625,13.087499999999999,22.50673002477293
-15.5625,13.125,22.53979377951958
-15.5625,13.162499999999998,22.566361948381005
-15.5625,13.2,22.587112061780424
-15.5625,13.2375,22.600872463864643
-15.5625,13.274999999999999,22.612008810106904
-15.5625,13.3125,22.655152314335414
-15.5625,13.349999999999998,22.664222039643445
-15.5625,13.3875,
-15.5625,13.425,
-15.5625,13.462499999999999,
-15.5625,13.5,
-15.5625,13.537499999999998,
-15.5625,13.575,
-15.5625,13.6125,
-15.5625,13.649999999999999,
-15.5625,13.6875,
-15.5625,13.724999999999998,
-15.5625,13.7625,
-15.5625,13.8,
-15.5625,13.837499999999999,
-15.5625,13.875,
-15.5625,13.912499999999998,
-15.5625,13.95,
-15.5625,13.9875,
-15.5625,14.024999999999999,
-15.5625,14.0625,
-15.5625,14.099999999999998,
-15.5625,14.1375,
-15.5625,14.175,
-15.5625,14.212499999999999,
-15.5625,14.25,
-15.5625,14.287499999999998,
-15.5625,14.325,
-15.5625,14.3625,
-15.5625,14.399999999999999,
-15.5625,14.4375,
-15.5625,14.474999999999998,
-15.5625,14.5125,
-15.5625,14.55,
-15.5625,14.587499999999999,
-15.5625,14.625,
-15.5625,14.662499999999998,
-15.5625,14.7,
-15.5625,14.7375,
-15.5625,14.774999999999999,
-15.5625,14.8125,
-15.5625,14.849999999999998,
-15.5625,14.8875,
-15.5625,14.925,
-15.5625,14.962499999999999,
-15.5625,15.0,
-15.5625,15.037499999999998,
-15.5625,15.075,
-15.524999999999999,12.45,
-15.524999999999999,12.4875,
-15.524999999999999,12.524999999999999,22.345956305090446
-15.524999999999999,12.5625,22.338650807568243
-15.524999999999999,12.599999999999998,22.32929757456555
-15.524999999999999,12.6375,22.323387502751167
-15.524999999999999,12.675,22.321916886059206
-15.524999999999999,12.712499999999999,22.322896765347604
-15.524999999999999,12.75,22.327561439215323
-15.524999999999999,12.787499999999998,22.33104884894222
-15.524999999999999,12.825,22.341592018240735
-15.524999999999999,12.8625,22.355644695326948
-15.524999999999999,12.899999999999999,22.369272300945664
-15.524999999999999,12.9375,22.386869949880197
-15.524999999999999,12.974999999999998,22.412580363346994
-15.524999999999999,13.0125,22.439853482884345
-15.524999999999999,13.05,22.47129411810278
-15.524999999999999,13.087499999999999,22.509208041454905
-15.524999999999999,13.125,22.53671894318423
-15.524999999999999,13.162499999999998,22.56031279597008
-15.524999999999999,13.2,22.5749939887164
-15.524999999999999,13.2375,22.589118929302103
-15.524999999999999,13.274999999999999,22.598662936229207
-15.524999999999999,13.3125,22.63543882248614
-15.524999999999999,13.349999999999998,22.642031974750136
-15.524999999999999,13.3875,22.65292429441021
-15.524999999999999,13.425,
-15.524999999999999,13.462499999999999,
-15.524999999999999,13.5,
-15.524999999999999,13.537499999999998,
-15.524999999999999,13.575,
-15.524999999999999,13.6125,
-15.524999999999999,13.649999999999999,
-15.524999999999999,13.6875,
-15.524999999999999,13.724999999999998,
-15.524999999999999,13.7625,
-15.524999999999999,13.8,
-15.524999999999999,13.837499999999999,
-15.524999999999999,13.875,
-15.524999999999999,13.912499999999998,
-15.524999999999999,13.95,
-15.524999999999999,13.9875,
-15.524999999999999,14.024999999999999,
-15.524999999999999,14.0625,
-15.524999999999999,14.099999999999998,
-15.524999999999999,14.1375,
-15.524999999999999,14.175,
-15.524999999999999,14.212499999999999,
-15.524999999999999,14.25,
-15.524999999999999,14.287499999999998,
-15.524999999999999,14.325,
-15.524999999999999,14.3625,
-15.524999999999999,14.399999999999999,
-15.524999999999999,14.4375,
-15.524999999999999,14.474999999999998,
-15.524999999999999,14.5125,
-15.524999999999999,14.55,
-15.524999999999999,14.587499999999999,
-15.524999999999999,14.625,
-15.524999999999999,14.662499999999998,
-15.524999999999999,14.7,
-15.524999999999999,14.7375,
-15.524999999999999,14.774999999999999,
-15.524999999999999,14.8125,
-15.524999999999999,14.849999999999998,
-15.524999999999999,14.8875,
-15.524999999999999,14.925,
-15.524999999999999,14.962499999999999,
-15.524999999999999,15.0,
-15.524999999999999,15.037499999999998,
-15.524999999999999,15.075,
-15.487499999999999,12.45,
-15.487499999999999,12.4875,
-15.487499999999999,12.524999999999999,22.340776216829582
-15.487499999999999,12.5625,22.331280585139904
-15.487499999999999,12.599999999999998,22.345834797719483
-15.487499999999999,12.6375,22.341257893180288
-15.487499999999999,12.675,22.337201052887092
-15.487499999999999,12.712499999999999,22.33895713826498
-15.487499999999999,12.75,22.34126223527647
-15.487499999999999,12.787499999999998,22.34123409624947
-15.487499999999999,12.825,22.349891432052267
-15.487499999999999,12.8625,22.362469150040912
-15.487499999999999,12.899999999999999,22.37800106928668
-15.487499999999999,12.9375,22.398107835761873
-15.487499999999999,12.974999999999998,22.41975799866287
-15.487499999999999,13.0125,22.44568687224326
-15.487499999999999,13.05,22.475513470165424
-15.487499999999999,13.087499999999999,22.509110389775728
-15.487499999999999,13.125,22.53432054306064
-15.487499999999999,13.162499999999998,22.555467284309348
-15.487499999999999,13.2,22.569695958470916
-15.487499999999999,13.2375,22.579744257400368
-15.487499999999999,13.274999999999999,22.586245098147334
-15.487499999999999,13.3125,22.621215178270045
-15.487499999999999,13.349999999999998,22.627988688229472
-15.487499999999999,13.3875,22.640257915942268
-15.487499999999999,13.425,
-15.487499999999999,13.462499999999999,
-15.487499999999999,13.5,
-15.487499999999999,13.537499999999998,
-15.487499999999999,13.575,
-15.487499999999999,13.6125,
-15.487499999999999,13.649999999999999,
-15.487499999999999,13.6875,
-15.487499999999999,13.724999999999998,
-15.487499999999999,13.7625,
-15.487499999999999,13.8,
-15.487499999999999,13.837499999999999,
-15.487499999999999,13.875,
-15.487499999999999,13.912499999999998,
-15.487499999999999,13.95,
-15.487499999999999,13.9875,
-15.487499999999999,14.024999999999999,
-15.487499999999999,14.0625,
-15.487499999999999,14.099999999999998,
-15.487499999999999,14.1375,
-15.487499999999999,14.175,
-15.487499999999999,14.212499999999999,
-15.487499999999999,14.25,
-15.487499999999999,14.287499999999998,
-15.487499999999999,14.325,
-15.487499999999999,14.3625,
-15.487499999999999,14.399999999999999,
-15.487499999999999,14.4375,
-15.487499999999999,14.474999999999998,
-15.487499999999999,14.5125,
-15.487499999999999,14.55,
-15.487499999999999,14.587499999999999,
-15.487499999999999,14.625,
-15.487499999999999,14.662499999999998,
-15.487499999999999,14.7,
-15.487499999999999,14.7375,
-15.487499999999999,14.774999999999999,
-15.487499999999999,14.8125,
-15.487499999999999,14.849999999999998,
-15.487499999999999,14.8875,
-15.487499999999999,14.925,
-15.487499999999999,14.962499999999999,
-15.487499999999999,15.0,
-15.487499999999999,15.037499999999998,
-15.487499999999999,15.075,
-15.45,12.45,
-15.45,12.4875,
-15.45,12.524999999999999,
-15.45,12.5625,22.34354096420829
-15.45,12.599999999999998,22.33992975122229
-15.45,12.6375,22.354875021279977
-15.45,12.675,22.350436660353555
-15.45,12.712499999999999,22.352758441133542
-15.45,12.75,22.350620747721955
-15.45,12.787499999999998,22.351036391536045
-15.45,12.825,22.36068101224408
-15.45,12.8625,22.37474760971314
-15.45,12.899999999999999,22.389287508861717
-15.45,12.9375,22.40981064474926
-15.45,12.974999999999998,22.433983788379926
-15.45,13.0125,22.460677889472382
-15.45,13.05,22.48658319197713
-15.45,13.087499999999999,22.51748985789151
-15.45,13.125,22.53830233752364
-15.45,13.162499999999998,22.5560256959966
-15.45,13.2,22.570632725300413
-15.45,13.2375,22.57912322422235
-15.45,13.274999999999999,22.58833123221817
-15.45,13.3125,22.61854294080431
-15.45,13.349999999999998,22.624723437110173
-15.45,13.3875,
-15.45,13.425,
-15.45,13.462499999999999,
-15.45,13.5,
-15.45,13.537499999999998,
-15.45,13.575,
-15.45,13.6125,
-15.45,13.649999999999999,
-15.45,13.6875,
-15.45,13.724999999999998,
-15.45,13.7625,
-15.45,13.8,
-15.45,13.837499999999999,
-15.45,13.875,
-15.45,13.912499999999998,
-15.45,13.95,
-15.45,13.9875,
-15.45,14.024999999999999,
-15.45,14.0625,
-15.45,14.099999999999998,
-15.45,14.1375,
-15.45,14.175,
-15.45,14.212499999999999,
-15.45,14.25,
-15.45,14.287499999999998,
-15.45,14.325,
-15.45,14.3625,
-15.45,14.399999999999999,
-15.45,14.4375,
-15.45,14.474999999999998,
-15.45,14.5125,
-15.45,14.55,
-15.45,14.587499999999999,
-15.45,14.625,
-15.45,14.662499999999998,
-15.45,14.7,
-15.45,14.7375,
-15.45,14.774999999999999,
-15.45,14.8125,
-15.45,14.849999999999998,
-15.45,14.8875,
-15.45,14.925,
-15.45,14.962499999999999,
-15.45,15.0,
-15.45,15.037499999999998,
-15.45,15.075,
-15.4125,12.45,
-15.4125,12.4875,
-15.4125,12.524999999999999,
-15.4125,12.5625,22.357086724465685
-15.4125,12.599999999999998,22.35307864266991
-15.4125,12.6375,22.348496563772645
-15.4125,12.675,22.36470018598093
-15.4125,12.712499999999999,22.366073616121227
-15.4125,12.75,22.367915526506696
-15.4125,12.787499999999998,22.366936723647243
-15.4125,12.825,22.37280941005431
-15.4125,12.8625,22.393851095663845
-15.4125,12.899999999999999,22.40967670612832
-15.4125,12.9375,22.42656517396605
-15.4125,12.974999999999998,22.451347846100308
-15.4125,13.0125,22.477659107422475
-15.4125,13.05,22.501006422191942
-15.4125,13.087499999999999,22.530073147762355
-15.4125,13.125,22.552152906500616
-15.4125,13.162499999999998,22.565365853403243
-15.4125,13.2,22.579060916245158
-15.4125,13.2375,22.588074499944103
-15.4125,13.274999999999999,22.60000757971274
-15.4125,13.3125,22.628080027444817
-15.4125,13.349999999999998,22.633640797934177
-15.4125,13.3875,
-15.4125,13.425,
-15.4125,13.462499999999999,
-15.4125,13.5,
-15.4125,13.537499999999998,
-15.4125,13.575,
-15.4125,13.6125,
-15.4125,13.649999999999999,
-15.4125,13.6875,
-15.4125,13.724999999999998,
-15.4125,13.7625,
-15.4125,13.8,
-15.4125,13.837499999999999,
-15.4125,13.875,
-15.4125,13.912499999999998,
-15.4125,13.95,
-15.4125,13.9875,
-15.4125,14.024999999999999,
-15.4125,14.0625,
-15.4125,14.099999999999998,
-15.4125,14.1375,
-15.4125,14.175,
-15.4125,14.212499999999999,
-15.4125,14.25,
-15.4125,14.287499999999998,
-15.4125,14.325,
-15.4125,14.3625,
-15.4125,14.399999999999999,
-15.4125,14.4375,
-15.4125,14.474999999999998,
-15.4125,14.5125,
-15.4125,14.55,
-15.4125,14.587499999999999,
-15.4125,14.625,
-15.4125,14.662499999999998,
-15.4125,14.7,
-15.4125,14.7375,
-15.4125,14.774999999999999,
-15.4125,14.8125,
-15.4125,14.849999999999998,
-15.4125,14.8875,
-15.4125,14.925,
-15.4125,14.962499999999999,
-15.4125,15.0,
-15.4125,15.037499999999998,
-15.4125,15.075,
-15.375,12.45,
-15.375,12.4875,
-15.375,12.524999999999999,
-15.375,12.5625,
-15.375,12.599999999999998,22.36706243593662
-15.375,12.6375,22.363965072825717
-15.375,12.675,22.361726017187085
-15.375,12.712499999999999,22.363823590160987
-15.375,12.75,22.38542052152404
-15.375,12.787499999999998,22.38578098156688
-15.375,12.825,22.393925583812848
-15.375,12.8625,22.41344666689915
-15.375,12.899999999999999,22.4319191760739
-15.375,12.9375,22.45150053455922
-15.375,12.974999999999998,22.47510314484453
-15.375,13.0125,22.496809122814657
-15.375,13.05,22.518663082188237
-15.375,13.087499999999999,22.54317944708148
-15.375,13.125,22.565690625247747
-15.375,13.162499999999998,22.58399628685962
-15.375,13.2,22.59778974276242
-15.375,13.2375,22.607401303959705
-15.375,13.274999999999999,22.646979979022344
-15.375,13.3125,22.651088032957592
-15.375,13.349999999999998,22.657362182482174
-15.375,13.3875,
-15.375,13.425,
-15.375,13.462499999999999,
-15.375,13.5,
-15.375,13.537499999999998,
-15.375,13.575,
-15.375,13.6125,
-15.375,13.649999999999999,
-15.375,13.6875,
-15.375,13.724999999999998,
-15.375,13.7625,
-15.375,13.8,
-15.375,13.837499999999999,
-15.375,13.875,
-15.375,13.912499999999998,
-15.375,13.95,
-15.375,13.9875,
-15.375,14.024999999999999,
-15.375,14.0625,
-15.375,14.099999999999998,
-15.375,14.1375,
-15.375,14.175,
-15.375,14.212499999999999,
-15.375,14.25,
-15.375,14.287499999999998,
-15.375,14.325,
-15.375,14.3625,
-15.375,14.399999999999999,
-15.375,14.4375,
-15.375,14.474999999999998,
-15.375,14.5125,
-15.375,14.55,
-15.375,14.587499999999999,
-15.375,14.625,
-15.375,14.662499999999998,
-15.375,14.7,
-15.375,14.7375,
-15.375,14.774999999999999,
-15.375,14.8125,
-15.375,14.849999999999998,
-15.375,14.8875,
-15.375,14.925,
-15.375,14.962499999999999,
-15.375,15.0,
-15.375,15.037499999999998,
-15.375,15.075,
-15.337499999999999,12.45,
-15.337499999999999,12.4875,
-15.337499999999999,12.524999999999999,
-15.337499999999999,12.5625,
-15.337499999999999,12.599999999999998,
-15.337499999999999,12.6375,22.386653098944524
-15.337499999999999,12.675,22.38219976600162
-15.337499999999999,12.712499999999999,22.386003679658906
-15.337499999999999,12.75,22.388324736936095
-15.337499999999999,12.787499999999998,22.410391727059253
-15.337499999999999,12.825,22.420244276427486
-15.337499999999999,12.8625,22.43562136688097
-15.337499999999999,12.899999999999999,22.45340976271856
-15.337499999999999,12.9375,22.47411015621664
-15.337499999999999,12.974999999999998,22.498003832164493
-15.337499999999999,13.0125,22.523429015821943
-15.337499999999999,13.05,22.543977637237024
-15.337499999999999,13.087499999999999,22.565913563729698
-15.337499999999999,13.125,22.588530517130707
-15.337499999999999,13.162499999999998,22.606864763156956
-15.337499999999999,13.2,22.621606440913933
-15.337499999999999,13.2375,22.63955216365468
-15.337499999999999,13.274999999999999,22.67579564955093
-15.337499999999999,13.3125,22.682031050521953
-15.337499999999999,13.349999999999998,22.690079472036906
-15.337499999999999,13.3875,
-15.337499999999999,13.425,
-15.337499999999999,13.462499999999999,
-15.337499999999999,13.5,
-15.337499999999999,13.537499999999998,
-15.337499999999999,13.575,
-15.337499999999999,13.6125,
-15.337499999999999,13.649999999999999,
-15.337499999999999,13.6875,
-15.337499999999999,13.724999999999998,
-15.337499999999999,13.7625,
-15.337499999999999,13.8,
-15.337499999999999,13.837499999999999,
-15.337499999999999,13.875,
-15.337499999999999,13.912499999999998,
-15.337499999999999,13.95,
-15.337499999999999,13.9875,
-15.337499999999999,14.024999999999999,
-15.337499999999999,14.0625,
-15.337499999999999,14.099999999999998,
-15.337499999999999,14.1375,
-15.337499999999999,14.175,
-15.337499999999999,14.212499999999999,
-15.337499999999999,14.25,
-15.337499999999999,14.287499999999998,
-15.337499999999999,14.325,
-15.337499999999999,14.3625,
-15.337499999999999,14.399999999999999,
-15.337499999999999,14.4375,
-15.337499999999999,14.474999999999998,
-15.337499999999999,14.5125,
-15.337499999999999,14.55,
-15.337499999999999,14.587499999999999,
-15.337499999999999,14.625,
-15.337499999999999,14.662499999999998,
-15.337499999999999,14.7,
-15.337499999999999,14.7375,
-15.337499999999999,14.774999999999999,
-15.337499999999999,14.8125,
-15.337499999999999,14.849999999999998,
-15.337499999999999,14.8875,
-15.337499999999999,14.925,
-15.337499999999999,14.962499999999999,
-15.337499999999999,15.0,
-15.337499999999999,15.037499999999998,
-15.337499999999999,15.075,
-15.299999999999999,12.45,
-15.299999999999999,12.4875,
-15.299999999999999,12.524999999999999,
-15.299999999999999,12.5625,
-15.299999999999999,12.599999999999998,
-15.299999999999999,12.6375,22.404927460914973
-15.299999999999999,12.675,22.401812306437055
-15.299999999999999,12.712499999999999,22.406495510907348
-15.299999999999999,12.75,22.411168789780785
-15.299999999999999,12.787499999999998,22.414914438354007
-15.299999999999999,12.825,22.424138036545664
-15.299999999999999,12.8625,22.455709718572074
-15.299999999999999,12.899999999999999,22.478701094423748
-15.299999999999999,12.9375,22.498051682248175
-15.299999999999999,12.974999999999998,22.523429004583605
-15.299999999999999,13.0125,22.5471516321475
-15.299999999999999,13.05,22.56953143804582
-15.299999999999999,13.087499999999999,22.59089314352021
-15.299999999999999,13.125,22.611347807552814
-15.299999999999999,13.162499999999998,22.633512991654666
-15.299999999999999,13.2,22.652376179952284
-15.299999999999999,13.2375,22.67121996722751
-15.299999999999999,13.274999999999999,22.70850458062017
-15.299999999999999,13.3125,22.722209846461894
-15.299999999999999,13.349999999999998,22.730680009851614
-15.299999999999999,13.3875,
-15.299999999999999,13.425,
-15.299999999999999,13.462499999999999,
-15.299999999999999,13.5,
-15.299999999999999,13.537499999999998,
-15.299999999999999,13.575,
-15.299999999999999,13.6125,
-15.299999999999999,13.649999999999999,
-15.299999999999999,13.6875,
-15.299999999999999,13.724999999999998,
-15.299999999999999,13.7625,
-15.299999999999999,13.8,
-15.299999999999999,13.837499999999999,
-15.299999999999999,13.875,
-15.299999999999999,13.912499999999998,
-15.299999999999999,13.95,
-15.299999999999999,13.9875,
-15.299999999999999,14.024999999999999,
-15.299999999999999,14.0625,
-15.299999999999999,14.099999999999998,
-15.299999999999999,14.1375,
-15.299999999999999,14.175,
-15.299999999999999,14.212499999999999,
-15.299999999999999,14.25,
-15.299999999999999,14.287499999999998,
-15.299999999999999,14.325,
-15.299999999999999,14.3625,
-15.299999999999999,14.399999999999999,
-15.299999999999999,14.4375,
-15.299999999999999,14.474999999999998,
-15.299999999999999,14.5125,
-15.299999999999999,14.55,
-15.299999999999999,14.587499999999999,
-15.299999999999999,14.625,
-15.299999999999999,14.662499999999998,
-15.299999999999999,14.7,
-15.299999999999999,14.7375,
-15.299999999999999,14.774999999999999,
-15.299999999999999,14.8125,
-15.299999999999999,14.849999999999998,
-15.299999999999999,14.8875,
-15.299999999999999,14.925,
-15.299999999999999,14.962499999999999,
-15.299999999999999,15.0,
-15.299999999999999,15.037499999999998,
-15.299999999999999,15.075,
-15.2625,12.45,
-15.2625,12.4875,
-15.2625,12.524999999999999,
-15.2625,12.5625,
-15.2625,12.599999999999998,
-15.2625,12.6375,
-15.2625,12.675,22.42037972599301
-15.2625,12.712499999999999,22.423818124259633
-15.2625,12.75,22.429007023898315
-15.2625,12.787499999999998,22.433770375289328
-15.2625,12.825,22.442739449271542
-15.2625,12.8625,22.48646898288189
-15.2625,12.899999999999999,22.510722961073547
-15.2625,12.9375,22.534200627520455
-15.2625,12.974999999999998,22.549744579281885
-15.2625,13.0125,22.574338132182092
-15.2625,13.05,22.594701677711267
-15.2625,13.087499999999999,22.620153498316178
-15.2625,13.125,22.640780302082756
-15.2625,13.162499999999998,22.664230740648403
-15.2625,13.2,22.721931926860602
-15.2625,13.2375,22.738864642860385
-15.2625,13.274999999999999,22.756429117472763
-15.2625,13.3125,22.766786670376057
-15.2625,13.349999999999998,22.76544336979357
-15.2625,13.3875,22.776653555611126
-15.2625,13.425,
-15.2625,13.462499999999999,
-15.2625,13.5,
-15.2625,13.537499999999998,
-15.2625,13.575,
-15.2625,13.6125,
-15.2625,13.649999999999999,
-15.2625,13.6875,
-15.2625,13.724999999999998,
-15.2625,13.7625,
-15.2625,13.8,
-15.2625,13.837499999999999,
-15.2625,13.875,
-15.2625,13.912499999999998,
-15.2625,13.95,
-15.2625,13.9875,
-15.2625,14.024999999999999,
-15.2625,14.0625,
-15.2625,14.099999999999998,
-15.2625,14.1375,
-15.2625,14.175,
-15.2625,14.212499999999999,
-15.2625,14.25,
-15.2625,14.287499999999998,
-15.2625,14.325,
-15.2625,14.3625,
-15.2625,14.399999999999999,
-15.2625,14.4375,
-15.2625,14.474999999999998,
-15.2625,14.5125,
-15.2625,14.55,
-15.2625,14.587499999999999,
-15.2625,14.625,
-15.2625,14.662499999999998,
-15.2625,14.7,
-15.2625,14.7375,
-15.2625,14.774999999999999,
-15.2625,14.8125,
-15.2625,14.849999999999998,
-15.2625,14.8875,
-15.2625,14.925,
-15.2625,14.962499999999999,
-15.2625,15.0,
-15.2625,15.037499999999998,
-15.2625,15.075,
-15.225,12.45,
-15.225,12.4875,
-15.225,12.524999999999999,
-15.225,12.5625,
-15.225,12.599999999999998,
-15.225,12.6375,
-15.225,12.675,22.44415244609692
-15.225,12.712499999999999,22.446786648821316
-15.225,12.75,22.450664886453275
-15.225,12.787499999999998,22.455822444530295
-15.225,12.825,22.464411547203635
-15.225,12.8625,22.511737432736588
-15.225,12.899999999999999,22.530108391429582
-15.225,12.9375,22.55648807017052
-15.225,12.974999999999998,22.583395705652453
-15.225,13.0125,22.607642533459277
-15.225,13.05,22.631485076641773
-15.225,13.087499999999999,22.658349622270148
-15.225,13.125,22.706903593028027
-15.225,13.162499999999998,22.72925280120601
-15.225,13.2,22.757440857388467
-15.225,13.2375,22.77389297851075
-15.225,13.274999999999999,22.786879214469995
-15.225,13.3125,22.798631195145383
-15.225,13.349999999999998,22.809471108837883
-15.225,13.3875,22.819575697993976
-15.225,13.425,
-15.225,13.462499999999999,
-15.225,13.5,
-15.225,13.537499999999998,
-15.225,13.575,
-15.225,13.6125,
-15.225,13.649999999999999,
-15.225,13.6875,
-15.225,13.724999999999998,
-15.225,13.7625,
-15.225,13.8,
-15.225,13.837499999999999,
-15.225,13.875,
-15.225,13.912499999999998,
-15.225,13.95,
-15.225,13.9875,
-15.225,14.024999999999999,
-15.225,14.0625,
-15.225,14.099999999999998,
-15.225,14.1375,
-15.225,14.175,
-15.225,14.212499999999999,
-15.225,14.25,
-15.225,14.287499999999998,
-15.225,14.325,
-15.225,14.3625,
-15.225,14.399999999999999,
-15.225,14.4375,
-15.225,14.474999999999998,
-15.225,14.5125,
-15.225,14.55,
-15.225,14.587499999999999,
-15.225,14.625,
-15.225,14.662499999999998,
-15.225,14.7,
-15.225,14.7375,
-15.225,14.774999999999999,
-15.225,14.8125,
-15.225,14.849999999999998,
-15.225,14.8875,
-15.225,14.925,
-15.225,14.962499999999999,
-15.225,15.0,
-15.225,15.037499999999998,
-15.225,15.075,
-15.1875,12.45,
-15.1875,12.4875,
-15.1875,12.524999999999999,
-15.1875,12.5625,
-15.1875,12.599999999999998,
-15.1875,12.6375,
-15.1875,12.675,
-15.1875,12.712499999999999,22.46017507242876
-15.1875,12.75,22.473168380130893
-15.1875,12.787499999999998,22.4777959475486
-15.1875,12.825,22.485114543153415
-15.1875,12.8625,22.535278915894573
-15.1875,12.899999999999999,22.554622159928037
-15.1875,12.9375,22.575518739031526
-15.1875,12.974999999999998,22.60125216752374
-15.1875,13.0125,22.630173727518514
-15.1875,13.05,22.656551944024613
-15.1875,13.087499999999999,22.68411010820213
-15.1875,13.125,22.7338678334855
-15.1875,13.162499999999998,22.755035246389337
-15.1875,13.2,22.78519752757539
-15.1875,13.2375,22.803193940114806
-15.1875,13.274999999999999,22.813696591990077
-15.1875,13.3125,22.82247072665469
-15.1875,13.349999999999998,22.835264240775373
-15.1875,13.3875,22.845401298559477
-15.1875,13.425,22.864584870369814
-15.1875,13.462499999999999,22.893066282253546
-15.1875,13.5,22.929757716427215
-15.1875,13.537499999999998,
-15.1875,13.575,
-15.1875,13.6125,
-15.1875,13.649999999999999,
-15.1875,13.6875,
-15.1875,13.724999999999998,
-15.1875,13.7625,
-15.1875,13.8,
-15.1875,13.837499999999999,
-15.1875,13.875,
-15.1875,13.912499999999998,
-15.1875,13.95,
-15.1875,13.9875,
-15.1875,14.024999999999999,
-15.1875,14.0625,
-15.1875,14.099999999999998,
-15.1875,14.1375,
-15.1875,14.175,
-15.1875,14.212499999999999,
-15.1875,14.25,
-15.1875,14.287499999999998,
-15.1875,14.325,
-15.1875,14.3625,
-15.1875,14.399999999999999,
-15.1875,14.4375,
-15.1875,14.474999999999998,
-15.1875,14.5125,
-15.1875,14.55,
-15.1875,14.587499999999999,
-15.1875,14.625,
-15.1875,14.662499999999998,
-15.1875,14.7,
-15.1875,14.7375,
-15.1875,14.774999999999999,
-15.1875,14.8125,
-15.1875,14.849999999999998,
-15.1875,14.8875,
-15.1875,14.925,
-15.1875,14.962499999999999,
-15.1875,15.0,
-15.1875,15.037499999999998,
-15.1875,15.075,
-15.149999999999999,12.45,
-15.149999999999999,12.4875,
-15.149999999999999,12.524999999999999,
-15.149999999999999,12.5625,
-15.149999999999999,12.599999999999998,
-15.149999999999999,12.6375,
-15.149999999999999,12.675,
-15.149999999999999,12.712499999999999,22.463039194730655
-15.149999999999999,12.75,22.466817908967382
-15.149999999999999,12.787499999999998,22.474213785176616
-15.149999999999999,12.825,22.49250397445606
-15.149999999999999,12.8625,22.541776056723474
-15.149999999999999,12.899999999999999,22.557980682331017
-15.149999999999999,12.9375,22.57998658509316
-15.149999999999999,12.974999999999998,22.603565259750667
-15.149999999999999,13.0125,22.628344618383714
-15.149999999999999,13.05,22.66221379985588
-15.149999999999999,13.087499999999999,22.68896462134253
-15.149999999999999,13.125,22.739815548975347
-15.149999999999999,13.162499999999998,22.760117158730637
-15.149999999999999,13.2,22.792460002445917
-15.149999999999999,13.2375,22.811578521654376
-15.149999999999999,13.274999999999999,22.821230470036117
-15.149999999999999,13.3125,22.829308036677883
-15.149999999999999,13.349999999999998,22.837242239347542
-15.149999999999999,13.3875,22.849037830069772
-15.149999999999999,13.425,22.866393310549043
-15.149999999999999,13.462499999999999,22.889577568680405
-15.149999999999999,13.5,22.926288685013528
-15.149999999999999,13.537499999999998,22.971760355866664
-15.149999999999999,13.575,
-15.149999999999999,13.6125,
-15.149999999999999,13.649999999999999,
-15.149999999999999,13.6875,
-15.149999999999999,13.724999999999998,
-15.149999999999999,13.7625,
-15.149999999999999,13.8,
-15.149999999999999,13.837499999999999,
-15.149999999999999,13.875,
-15.149999999999999,13.912499999999998,
-15.149999999999999,13.95,
-15.149999999999999,13.9875,
-15.149999999999999,14.024999999999999,
-15.149999999999999,14.0625,
-15.149999999999999,14.099999999999998,
-15.149999999999999,14.1375,
-15.149999999999999,14.175,
-15.149999999999999,14.212499999999999,
-15.149999999999999,14.25,
-15.149999999999999,14.287499999999998,
-15.149999999999999,14.325,
-15.149999999999999,14.3625,
-15.149999999999999,14.399999999999999,
-15.149999999999999,14.4375,
-15.149999999999999,14.474999999999998,
-15.149999999999999,14.5125,
-15.149999999999999,14.55,
-15.149999999999999,14.587499999999999,
-15.149999999999999,14.625,
-15.149999999999999,14.662499999999998,
-15.149999999999999,14.7,
-15.149999999999999,14.7375,
-15.149999999999999,14.774999999999999,
-15.149999999999999,14.8125,
-15.149999999999999,14.849999999999998,
-15.149999999999999,14.8875,
-15.149999999999999,14.925,
-15.149999999999999,14.962499999999999,
-15.149999999999999,15.0,
-15.149999999999999,15.037499999999998,
-15.149999999999999,15.075,
-15.112499999999999,12.45,
-15.112499999999999,12.4875,
-15.112499999999999,12.524999999999999,
-15.112499999999999,12.5625,
-15.112499999999999,12.599999999999998,
-15.112499999999999,12.6375,
-15.112499999999999,12.675,
-15.112499999999999,12.712499999999999,22.469963079768174
-15.112499999999999,12.75,22.473169030814653
-15.112499999999999,12.787499999999998,22.476164564610613
-15.112499999999999,12.825,22.490711047126798
-15.112499999999999,12.8625,22.544265065738436
-15.112499999999999,12.899999999999999,22.562399084018754
-15.112499999999999,12.9375,22.582396759415165
-15.112499999999999,12.974999999999998,22.606309038348197
-15.112499999999999,13.0125,22.63423587117568
-15.112499999999999,13.05,22.660907578401165
-15.112499999999999,13.087499999999999,22.692393148939384
-15.112499999999999,13.125,22.745919960447548
-15.112499999999999,13.162499999999998,22.77206966216234
-15.112499999999999,13.2,22.795204735329992
-15.112499999999999,13.2375,22.81296317327502
-15.112499999999999,13.274999999999999,22.820179335144186
-15.112499999999999,13.3125,22.82666890825284
-15.112499999999999,13.349999999999998,22.83467283184779
-15.112499999999999,13.3875,22.84540953083539
-15.112499999999999,13.425,22.862253374909663
-15.112499999999999,13.462499999999999,22.8873670230582
-15.112499999999999,13.5,22.921464908004193
-15.112499999999999,13.537499999999998,22.965067177545713
-15.112499999999999,13.575,23.02152306598409
-15.112499999999999,13.6125,
-15.112499999999999,13.649999999999999,
-15.112499999999999,13.6875,
-15.112499999999999,13.724999999999998,
-15.112499999999999,13.7625,
-15.112499999999999,13.8,
-15.112499999999999,13.837499999999999,
-15.112499999999999,13.875,
-15.112499999999999,13.912499999999998,
-15.112499999999999,13.95,
-15.112499999999999,13.9875,
-15.112499999999999,14.024999999999999,
-15.112499999999999,14.0625,
-15.112499999999999,14.099999999999998,
-15.112499999999999,14.1375,
-15.112499999999999,14.175,
-15.112499999999999,14.212499999999999,
-15.112499999999999,14.25,
-15.112499999999999,14.287499999999998,
-15.112499999999999,14.325,
-15.112499999999999,14.3625,
-15.112499999999999,14.399999999999999,
-15.112499999999999,14.4375,
-15.112499999999999,14.474999999999998,
-15.112499999999999,14.5125,
-15.112499999999999,14.55,
-15.112499999999999,14.587499999999999,
-15.112499999999999,14.625,
-15.112499999999999,14.662499999999998,
-15.112499999999999,14.7,
-15.112499999999999,14.7375,
-15.112499999999999,14.774999999999999,
-15.112499999999999,14.8125,
-15.112499999999999,14.849999999999998,
-15.112499999999999,14.8875,
-15.112499999999999,14.925,
-15.112499999999999,14.962499999999999,
-15.112499999999999,15.0,
-15.112499999999999,15.037499999999998,
-15.112499999999999,15.075,
-15.075,12.45,
-15.075,12.4875,
-15.075,12.524999999999999,
-15.075,12.5625,
-15.075,12.599999999999998,
-15.075,12.6375,
-15.075,12.675,
-15.075,12.712499999999999,22.469454301638816
-15.075,12.75,22.470941711922755
-15.075,12.787499999999998,22.5220390180441
-15.075,12.825,22.53211068030553
-15.075,12.8625,22.546843082598183
-15.075,12.899999999999999,22.564589662507714
-15.075,12.9375,22.59325009953188
-15.075,12.974999999999998,22.61660381178512
-15.075,13.0125,22.64044528766176
-15.075,13.05,22.665366237908167
-15.075,13.087499999999999,22.69388130298984
-15.075,13.125,22.730052654058884
-15.075,13.162499999999998,22.770849518961775
-15.075,13.2,22.791268565170412
-15.075,13.2375,22.805978858009347
-15.075,13.274999999999999,22.81599364073705
-15.075,13.3125,22.82181764146037
-15.075,13.349999999999998,22.827579812041815
-15.075,13.3875,22.834684713701776
-15.075,13.425,22.851657786237592
-15.075,13.462499999999999,22.87908342571118
-15.075,13.5,22.913824606763992
-15.075,13.537499999999998,22.95606977972011
-15.075,13.575,
-15.075,13.6125,
-15.075,13.649999999999999,
-15.075,13.6875,
-15.075,13.724999999999998,
-15.075,13.7625,
-15.075,13.8,
-15.075,13.837499999999999,
-15.075,13.875,
-15.075,13.912499999999998,
-15.075,13.95,
-15.075,13.9875,
-15.075,14.024999999999999,
-15.075,14.0625,
-15.075,14.099999999999998,
-15.075,14.1375,
-15.075,14.175,
-15.075,14.212499999999999,
-15.075,14.25,
-15.075,14.287499999999998,
-15.075,14.325,
-15.075,14.3625,
-15.075,14.399999999999999,
-15.075,14.4375,
-15.075,14.474999999999998,
-15.075,14.5125,
-15.075,14.55,
-15.075,14.587499999999999,
-15.075,14.625,
-15.075,14.662499999999998,
-15.075,14.7,
-15.075,14.7375,
-15.075,14.774999999999999,
-15.075,14.8125,
-15.075,14.849999999999998,
-15.075,14.8875,
-15.075,14.925,
-15.075,14.962499999999999,
-15.075,15.0,
-15.075,15.037499999999998,
-15.075,15.075,
-15.0375,12.45,
-15.0375,12.4875,
-15.0375,12.524999999999999,
-15.0375,12.5625,
-15.0375,12.599999999999998,
-15.0375,12.6375,
-15.0375,12.675,
-15.0375,12.712499999999999,22.44893627390631
-15.0375,12.75,22.526325332898047
-15.0375,12.787499999999998,22.526692389159596
-15.0375,12.825,22.528911395514516
-15.0375,12.8625,22.545042613940073
-15.0375,12.899999999999999,22.562590310056738
-15.0375,12.9375,22.58907563056868
-15.0375,12.974999999999998,22.612473733209452
-15.0375,13.0125,22.636699364612074
-15.0375,13.05,22.660891211044827
-15.0375,13.087499999999999,22.68759073772689
-15.0375,13.125,22.723004534607238
-15.0375,13.162499999999998,22.74803081705761
-15.0375,13.2,22.788942315837858
-15.0375,13.2375,22.797857442472942
-15.0375,13.274999999999999,22.808015217727096
-15.0375,13.3125,22.815093688161273
-15.0375,13.349999999999998,22.821447573986426
-15.0375,13.3875,22.828834163234614
-15.0375,13.425,22.841930528682475
-15.0375,13.462499999999999,22.863397511016615
-15.0375,13.5,22.897205772484817
-15.0375,13.537499999999998,
-15.0375,13.575,
-15.0375,13.6125,
-15.0375,13.649999999999999,
-15.0375,13.6875,
-15.0375,13.724999999999998,
-15.0375,13.7625,
-15.0375,13.8,
-15.0375,13.837499999999999,
-15.0375,13.875,
-15.0375,13.912499999999998,
-15.0375,13.95,
-15.0375,13.9875,
-15.0375,14.024999999999999,
-15.0375,14.0625,
-15.0375,14.099999999999998,
-15.0375,14.1375,
-15.0375,14.175,
-15.0375,14.212499999999999,
-15.0375,14.25,
-15.0375,14.287499999999998,
-15.0375,14.325,
-15.0375,14.3625,
-15.0375,14.399999999999999,
-15.0375,14.4375,
-15.0375,14.474999999999998,
-15.0375,14.5125,
-15.0375,14.55,
-15.0375,14.587499999999999,
-15.0375,14.625,
-15.0375,14.662499999999998,
-15.0375,14.7,
-15.0375,14.7375,
-15.0375,14.774999999999999,
-15.0375,14.8125,
-15.0375,14.849999999999998,
-15.0375,14.8875,
-15.0375,14.925,
-15.0375,14.962499999999999,
-15.0375,15.0,
-15.0375,15.037499999999998,
-15.0375,15.075,
-15.0,12.45,
-15.0,12.4875,
-15.0,12.524999999999999,
-15.0,12.5625,
-15.0,12.599999999999998,
-15.0,12.6375,
-15.0,12.675,
-15.0,12.712499999999999,22.457622794440667
-15.0,12.75,22.53026587860508
-15.0,12.787499999999998,22.531860580823484
-15.0,12.825,22.534166894339574
-15.0,12.8625,22.540947070933914
-15.0,12.899999999999999,22.560162490663284
-15.0,12.9375,22.58865739601722
-15.0,12.974999999999998,22.58592866480067
-15.0,13.0125,22.61048779580966
-15.0,13.05,22.63560493571328
-15.0,13.087499999999999,22.665313414918714
-15.0,13.125,22.693176777057676
-15.0,13.162499999999998,22.714530665608375
-15.0,13.2,22.73484729303923
-15.0,13.2375,22.76536548349937
-15.0,13.274999999999999,22.771546865098856
-15.0,13.3125,22.77850559693659
-15.0,13.349999999999998,22.783983212981294
-15.0,13.3875,22.821523114419893
-15.0,13.425,22.83526580477449
-15.0,13.462499999999999,22.85291055253828
-15.0,13.5,
-15.0,13.537499999999998,
-15.0,13.575,
-15.0,13.6125,
-15.0,13.649999999999999,
-15.0,13.6875,
-15.0,13.724999999999998,
-15.0,13.7625,
-15.0,13.8,
-15.0,13.837499999999999,
-15.0,13.875,
-15.0,13.912499999999998,
-15.0,13.95,
-15.0,13.9875,
-15.0,14.024999999999999,
-15.0,14.0625,
-15.0,14.099999999999998,
-15.0,14.1375,
-15.0,14.175,
-15.0,14.212499999999999,
-15.0,14.25,
-15.0,14.287499999999998,
-15.0,14.325,
-15.0,14.3625,
-15.0,14.399999999999999,
-15.0,14.4375,
-15.0,14.474999999999998,
-15.0,14.5125,
-15.0,14.55,
-15.0,14.587499999999999,
-15.0,14.625,
-15.0,14.662499999999998,
-15.0,14.7,
-15.0,14.7375,
-15.0,14.774999999999999,
-15.0,14.8125,
-15.0,14.849999999999998,
-15.0,14.8875,
-15.0,14.925,
-15.0,14.962499999999999,
-15.0,15.0,
-15.0,15.037499999999998,
-15.0,15.075,
-14.962499999999999,12.45,
-14.962499999999999,12.4875,
-14.962499999999999,12.524999999999999,
-14.962499999999999,12.5625,
-14.962499999999999,12.599999999999998,
-14.962499999999999,12.6375,
-14.962499999999999,12.675,
-14.962499999999999,12.712499999999999,22.535112758748138
-14.962499999999999,12.75,22.508387434356695
-14.962499999999999,12.787499999999998,22.51164398320251
-14.962499999999999,12.825,22.515330477902452
-14.962499999999999,12.8625,22.520139656483583
-14.962499999999999,12.899999999999999,22.53707235841705
-14.962499999999999,12.9375,22.589213268541126
-14.962499999999999,12.974999999999998,22.58645375321024
-14.962499999999999,13.0125,22.61206272228473
-14.962499999999999,13.05,22.6356908441872
-14.962499999999999,13.087499999999999,22.666379026580884
-14.962499999999999,13.125,22.692621616996554
-14.962499999999999,13.162499999999998,22.714808658570867
-14.962499999999999,13.2,22.734578393663263
-14.962499999999999,13.2375,22.744252653680668
-14.962499999999999,13.274999999999999,22.752731759108222
-14.962499999999999,13.3125,22.776617133415023
-14.962499999999999,13.349999999999998,22.78222475709131
-14.962499999999999,13.3875,22.787189451967393
-14.962499999999999,13.425,22.800367746379585
-14.962499999999999,13.462499999999999,22.822923427280518
-14.962499999999999,13.5,
-14.962499999999999,13.537499999999998,
-14.962499999999999,13.575,
-14.962499999999999,13.6125,
-14.962499999999999,13.649999999999999,
-14.962499999999999,13.6875,
-14.962499999999999,13.724999999999998,
-14.962499999999999,13.7625,
-14.962499999999999,13.8,
-14.962499999999999,13.837499999999999,
-14.962499999999999,13.875,
-14.962499999999999,13.912499999999998,
-14.962499999999999,13.95,
-14.962499999999999,13.9875,
-14.962499999999999,14.024999999999999,
-14.962499999999999,14.0625,
-14.962499999999999,14.099999999999998,
-14.962499999999999,14.1375,
-14.962499999999999,14.175,
-14.962499999999999,14.212499999999999,
-14.962499999999999,14.25,
-14.962499999999999,14.287499999999998,
-14.962499999999999,14.325,
-14.962499999999999,14.3625,
-14.962499999999999,14.399999999999999,
-14.962499999999999,14.4375,
-14.962499999999999,14.474999999999998,
-14.962499999999999,14.5125,
-14.962499999999999,14.55,
-14.962499999999999,14.587499999999999,
-14.962499999999999,14.625,
-14.962499999999999,14.662499999999998,
-14.962499999999999,14.7,
-14.962499999999999,14.7375,
-14.962499999999999,14.774999999999999,
-14.962499999999999,14.8125,
-14.962499999999999,14.849999999999998,
-14.962499999999999,14.8875,
-14.962499999999999,14.925,
-14.962499999999999,14.962499999999999,
-14.962499999999999,15.0,
-14.962499999999999,15.037499999999998,
-14.962499999999999,15.075,
-14.925,12.45,
-14.925,12.4875,
-14.925,12.524999999999999,
-14.925,12.5625,
-14.925,12.599999999999998,
-14.925,12.6375,
-14.925,12.675,
-14.925,12.712499999999999,22.511404450226532
-14.925,12.75,22.513054600485322
-14.925,12.787499999999998,22.51571028710169
-14.925,12.825,22.518601725215355
-14.925,12.8625,22.527985712366707
-14.925,12.899999999999999,22.538198820239003
-14.925,12.9375,22.557272296487888
-14.925,12.974999999999998,22.58904075627625
-14.925,13.0125,22.61464625011242
-14.925,13.05,22.641545172624106
-14.925,13.087499999999999,22.66915039054698
-14.925,13.125,22.694301323737516
-14.925,13.162499999999998,22.716942622103097
-14.925,13.2,22.735942109084622
-14.925,13.2375,22.746361664175893
-14.925,13.274999999999999,22.75608130170728
-14.925,13.3125,22.76294488976773
-14.925,13.349999999999998,22.786081014610513
-14.925,13.3875,22.792121350489523
-14.925,13.425,22.805106962346144
-14.925,13.462499999999999,
-14.925,13.5,
-14.925,13.537499999999998,
-14.925,13.575,
-14.925,13.6125,
-14.925,13.649999999999999,
-14.925,13.6875,
-14.925,13.724999999999998,
-14.925,13.7625,
-14.925,13.8,
-14.925,13.837499999999999,
-14.925,13.875,
-14.925,13.912499999999998,
-14.925,13.95,
-14.925,13.9875,
-14.925,14.024999999999999,
-14.925,14.0625,
-14.925,14.099999999999998,
-14.925,14.1375,
-14.925,14.175,
-14.925,14.212499999999999,
-14.925,14.25,
-14.925,14.287499999999998,
-14.925,14.325,
-14.925,14.3625,
-14.925,14.399999999999999,
-14.925,14.4375,
-14.925,14.474999999999998,
-14.925,14.5125,
-14.925,14.55,
-14.925,14.587499999999999,
-14.925,14.625,
-14.925,14.662499999999998,
-14.925,14.7,
-14.925,14.7375,
-14.925,14.774999999999999,
-14.925,14.8125,
-14.925,14.849999999999998,
-14.925,14.8875,
-14.925,14.925,
-14.925,14.962499999999999,
-14.925,15.0,
-14.925,15.037499999999998,
-14.925,15.075,
-14.8875,12.45,
-14.8875,12.4875,
-14.8875,12.524999999999999,
-14.8875,12.5625,
-14.8875,12.599999999999998,
-14.8875,12.6375,
-14.8875,12.675,
-14.8875,12.712499999999999,22.51894527301993
-14.8875,12.75,22.520877554139982
-14.8875,12.787499999999998,22.52702239244142
-14.8875,12.825,22.528303011370607
-14.8875,12.8625,22.542322894952292
-14.8875,12.899999999999999,22.580573369458044
-14.8875,12.9375,22.599442745816486
-14.8875,12.974999999999998,22.62263563054055
-14.8875,13.0125,22.647095113533865
-14.8875,13.05,22.646051441356363
-14.8875,13.087499999999999,22.6725901768545
-14.8875,13.125,22.696607270106384
-14.8875,13.162499999999998,22.720255133928717
-14.8875,13.2,22.739849903938158
-14.8875,13.2375,22.751553602824266
-14.8875,13.274999999999999,22.762739905479098
-14.8875,13.3125,22.770326010307862
-14.8875,13.349999999999998,22.777687807140737
-14.8875,13.3875,22.78829748753905
-14.8875,13.425,22.82100210181732
-14.8875,13.462499999999999,
-14.8875,13.5,
-14.8875,13.537499999999998,
-14.8875,13.575,
-14.8875,13.6125,
-14.8875,13.649999999999999,
-14.8875,13.6875,
-14.8875,13.724999999999998,
-14.8875,13.7625,
-14.8875,13.8,
-14.8875,13.837499999999999,
-14.8875,13.875,
-14.8875,13.912499999999998,
-14.8875,13.95,
-14.8875,13.9875,
-14.8875,14.024999999999999,
-14.8875,14.0625,
-14.8875,14.099999999999998,
-14.8875,14.1375,
-14.8875,14.175,
-14.8875,14.212499999999999,
-14.8875,14.25,
-14.8875,14.287499999999998,
-14.8875,14.325,
-14.8875,14.3625,
-14.8875,14.399999999999999,
-14.8875,14.4375,
-14.8875,14.474999999999998,
-14.8875,14.5125,
-14.8875,14.55,
-14.8875,14.587499999999999,
-14.8875,14.625,
-14.8875,14.662499999999998,
-14.8875,14.7,
-14.8875,14.7375,
-14.8875,14.774999999999999,
-14.8875,14.8125,
-14.8875,14.849999999999998,
-14.8875,14.8875,
-14.8875,14.925,
-14.8875,14.962499999999999,
-14.8875,15.0,
-14.8875,15.037499999999998,
-14.8875,15.075,
-14.85,12.45,
-14.85,12.4875,
-14.85,12.524999999999999,
-14.85,12.5625,
-14.85,12.599999999999998,
-14.85,12.6375,
-14.85,12.675,
-14.85,12.712499999999999,22.522552607469727
-14.85,12.75,22.561620201557435
-14.85,12.787499999999998,22.564639818762537
-14.85,12.825,22.575184489137065
-14.85,12.8625,22.58832480797829
-14.85,12.899999999999999,22.594799887378425
-14.85,12.9375,22.61319305433967
-14.85,12.974999999999998,22.63411000598151
-14.85,13.0125,22.65763649751947
-14.85,13.05,22.679009576605836
-14.85,13.087499999999999,22.70509039971214
-14.85,13.125,22.705444689783278
-14.85,13.162499999999998,22.72596984799422
-14.85,13.2,22.747120920057327
-14.85,13.2375,22.76168983753823
-14.85,13.274999999999999,22.77332814181684
-14.85,13.3125,22.782607527591107
-14.85,13.349999999999998,22.795844163526585
-14.85,13.3875,22.8073961481476
-14.85,13.425,22.82628015490005
-14.85,13.462499999999999,
-14.85,13.5,
-14.85,13.537499999999998,
-14.85,13.575,
-14.85,13.6125,
-14.85,13.649999999999999,
-14.85,13.6875,
-14.85,13.724999999999998,
-14.85,13.7625,
-14.85,13.8,
-14.85,13.837499999999999,
-14.85,13.875,
-14.85,13.912499999999998,
-14.85,13.95,
-14.85,13.9875,
-14.85,14.024999999999999,
-14.85,14.0625,
-14.85,14.099999999999998,
-14.85,14.1375,
-14.85,14.175,
-14.85,14.212499999999999,
-14.85,14.25,
-14.85,14.287499999999998,
-14.85,14.325,
-14.85,14.3625,
-14.85,14.399999999999999,
-14.85,14.4375,
-14.85,14.474999999999998,
-14.85,14.5125,
-14.85,14.55,
-14.85,14.587499999999999,
-14.85,14.625,
-14.85,14.662499999999998,
-14.85,14.7,
-14.85,14.7375,
-14.85,14.774999999999999,
-14.85,14.8125,
-14.85,14.849999999999998,
-14.85,14.8875,
-14.85,14.925,
-14.85,14.962499999999999,
-14.85,15.0,
-14.85,15.037499999999998,
-14.85,15.075,
-14.8125,12.45,
-14.8125,12.4875,
-14.8125,12.524999999999999,
-14.8125,12.5625,
-14.8125,12.599999999999998,
-14.8125,12.6375,
-14.8125,12.675,
-14.8125,12.712499999999999,22.56334496587555
-14.8125,12.75,22.569200962148596
-14.8125,12.787499999999998,22.576942712252876
-14.8125,12.825,22.58859419297348
-14.8125,12.8625,22.59771360155995
-14.8125,12.899999999999999,22.61057401807387
-14.8125,12.9375,22.6349348948192
-14.8125,12.974999999999998,22.651862894104166
-14.8125,13.0125,22.671867260908744
-14.8125,13.05,22.69354032185864
-14.8125,13.087499999999999,22.71718705878163
-14.8125,13.125,22.740694917999747
-14.8125,13.162499999999998,22.761615403063047
-14.8125,13.2,22.758204182733156
-14.8125,13.2375,22.773522121827636
-14.8125,13.274999999999999,22.789205127086138
-14.8125,13.3125,22.800826949901722
-14.8125,13.349999999999998,22.81527707578624
-14.8125,13.3875,22.829801996976723
-14.8125,13.425,
-14.8125,13.462499999999999,
-14.8125,13.5,
-14.8125,13.537499999999998,
-14.8125,13.575,
-14.8125,13.6125,
-14.8125,13.649999999999999,
-14.8125,13.6875,
-14.8125,13.724999999999998,
-14.8125,13.7625,23.15777807093213
-14.8125,13.8,
-14.8125,13.837499999999999,
-14.8125,13.875,
-14.8125,13.912499999999998,
-14.8125,13.95,
-14.8125,13.9875,
-14.8125,14.024999999999999,
-14.8125,14.0625,
-14.8125,14.099999999999998,
-14.8125,14.1375,
-14.8125,14.175,
-14.8125,14.212499999999999,
-14.8125,14.25,
-14.8125,14.287499999999998,
-14.8125,14.325,
-14.8125,14.3625,
-14.8125,14.399999999999999,
-14.8125,14.4375,
-14.8125,14.474999999999998,
-14.8125,14.5125,
-14.8125,14.55,
-14.8125,14.587499999999999,
-14.8125,14.625,
-14.8125,14.662499999999998,
-14.8125,14.7,
-14.8125,14.7375,
-14.8125,14.774999999999999,
-14.8125,14.8125,
-14.8125,14.849999999999998,
-14.8125,14.8875,
-14.8125,14.925,
-14.8125,14.962499999999999,
-14.8125,15.0,
-14.8125,15.037499999999998,
-14.8125,15.075,
-14.774999999999999,12.45,
-14.774999999999999,12.4875,
-14.774999999999999,12.524999999999999,
-14.774999999999999,12.5625,
-14.774999999999999,12.599999999999998,
-14.774999999999999,12.6375,
-14.774999999999999,12.675,
-14.774999999999999,12.712499999999999,22.568495735031888
-14.774999999999999,12.75,22.575295119044572
-14.774999999999999,12.787499999999998,22.588893656744123
-14.774999999999999,12.825,22.59958203872101
-14.774999999999999,12.8625,22.61298204770555
-14.774999999999999,12.899999999999999,22.633985052244004
-14.774999999999999,12.9375,22.65517057573743
-14.774999999999999,12.974999999999998,22.673177358561887
-14.774999999999999,13.0125,22.692678225798296
-14.774999999999999,13.05,22.711712611536363
-14.774999999999999,13.087499999999999,22.73523380914936
-14.774999999999999,13.125,22.7553095020839
-14.774999999999999,13.162499999999998,22.77553112436049
-14.774999999999999,13.2,22.795570432109024
-14.774999999999999,13.2375,22.811401642239968
-14.774999999999999,13.274999999999999,22.804862553451127
-14.774999999999999,13.3125,22.817235975178942
-14.774999999999999,13.349999999999998,22.837978860817337
-14.774999999999999,13.3875,22.856381101137707
-14.774999999999999,13.425,
-14.774999999999999,13.462499999999999,
-14.774999999999999,13.5,
-14.774999999999999,13.537499999999998,
-14.774999999999999,13.575,
-14.774999999999999,13.6125,
-14.774999999999999,13.649999999999999,23.044091404485116
-14.774999999999999,13.6875,23.084735540566076
-14.774999999999999,13.724999999999998,23.125149959015257
-14.774999999999999,13.7625,23.172593683256057
-14.774999999999999,13.8,23.188114409373174
-14.774999999999999,13.837499999999999,
-14.774999999999999,13.875,
-14.774999999999999,13.912499999999998,
-14.774999999999999,13.95,
-14.774999999999999,13.9875,
-14.774999999999999,14.024999999999999,
-14.774999999999999,14.0625,
-14.774999999999999,14.099999999999998,
-14.774999999999999,14.1375,
-14.774999999999999,14.175,
-14.774999999999999,14.212499999999999,
-14.774999999999999,14.25,
-14.774999999999999,14.287499999999998,
-14.774999999999999,14.325,
-14.774999999999999,14.3625,
-14.774999999999999,14.399999999999999,
-14.774999999999999,14.4375,
-14.774999999999999,14.474999999999998,
-14.774999999999999,14.5125,
-14.774999999999999,14.55,
-14.774999999999999,14.587499999999999,
-14.774999999999999,14.625,
-14.774999999999999,14.662499999999998,
-14.774999999999999,14.7,
-14.774999999999999,14.7375,
-14.774999999999999,14.774999999999999,
-14.774999999999999,14.8125,
-14.774999999999999,14.849999999999998,
-14.774999999999999,14.8875,
-14.774999999999999,14.925,
-14.774999999999999,14.962499999999999,
-14.774999999999999,15.0,
-14.774999999999999,15.037499999999998,
-14.774999999999999,15.075,
-14.7375,12.45,
-14.7375,12.4875,
-14.7375,12.524999999999999,
-14.7375,12.5625,
-14.7375,12.599999999999998,
-14.7375,12.6375,
-14.7375,12.675,
-14.7375,12.712499999999999,22.57346411787608
-14.7375,12.75,22.587031075822956
-14.7375,12.787499999999998,22.597133852937525
-14.7375,12.825,22.611700050207862
-14.7375,12.8625,22.63310238443602
-14.7375,12.899999999999999,22.650339559523424
-14.7375,12.9375,22.669595599949663
-14.7375,12.974999999999998,22.688052456680584
-14.7375,13.0125,22.708342244528566
-14.7375,13.05,22.732369994711956
-14.7375,13.087499999999999,22.751627126630943
-14.7375,13.125,22.772180968172545
-14.7375,13.162499999999998,22.792617906220936
-14.7375,13.2,22.811872026509313
-14.7375,13.2375,22.82784471331045
-14.7375,13.274999999999999,22.845432069902646
-14.7375,13.3125,22.863099227140445
-14.7375,13.349999999999998,22.86495526678088
-14.7375,13.3875,
-14.7375,13.425,
-14.7375,13.462499999999999,
-14.7375,13.5,
-14.7375,13.537499999999998,
-14.7375,13.575,
-14.7375,13.6125,
-14.7375,13.649999999999999,23.06124957049902
-14.7375,13.6875,23.104155867234347
-14.7375,13.724999999999998,23.12647271045354
-14.7375,13.7625,23.15872762703444
-14.7375,13.8,23.179719204900174
-14.7375,13.837499999999999,
-14.7375,13.875,
-14.7375,13.912499999999998,
-14.7375,13.95,
-14.7375,13.9875,
-14.7375,14.024999999999999,
-14.7375,14.0625,
-14.7375,14.099999999999998,
-14.7375,14.1375,
-14.7375,14.175,
-14.7375,14.212499999999999,
-14.7375,14.25,
-14.7375,14.287499999999998,
-14.7375,14.325,
-14.7375,14.3625,
-14.7375,14.399999999999999,
-14.7375,14.4375,
-14.7375,14.474999999999998,
-14.7375,14.5125,
-14.7375,14.55,
-14.7375,14.587499999999999,
-14.7375,14.625,
-14.7375,14.662499999999998,
-14.7375,14.7,
-14.7375,14.7375,
-14.7375,14.774999999999999,
-14.7375,14.8125,
-14.7375,14.849999999999998,
-14.7375,14.8875,
-14.7375,14.925,
-14.7375,14.962499999999999,
-14.7375,15.0,
-14.7375,15.037499999999998,
-14.7375,15.075,
-14.7,12.45,
-14.7,12.4875,
-14.7,12.524999999999999,
-14.7,12.5625,
-14.7,12.599999999999998,
-14.7,12.6375,
-14.7,12.675,
-14.7,12.712499999999999,22.57984049246063
-14.7,12.75,22.59414563090909
-14.7,12.787499999999998,22.606997671413048
-14.7,12.825,22.63121624778045
-14.7,12.8625,22.647948528044278
-14.7,12.899999999999999,22.672459690753495
-14.7,12.9375,22.687752895750894
-14.7,12.974999999999998,22.710182142027573
-14.7,13.0125,22.731483234628016
-14.7,13.05,22.754293430414922
-14.7,13.087499999999999,22.77384174205572
-14.7,13.125,22.79296452935176
-14.7,13.162499999999998,22.81202714624117
-14.7,13.2,22.831098677870045
-14.7,13.2375,22.848235422580306
-14.7,13.274999999999999,22.86641500209148
-14.7,13.3125,22.88746899121776
-14.7,13.349999999999998,22.908864656442674
-14.7,13.3875,
-14.7,13.425,
-14.7,13.462499999999999,
-14.7,13.5,
-14.7,13.537499999999998,
-14.7,13.575,
-14.7,13.6125,
-14.7,13.649999999999999,23.05866590955039
-14.7,13.6875,23.099176006209866
-14.7,13.724999999999998,23.14440160408879
-14.7,13.7625,23.175961498724444
-14.7,13.8,23.194994747841882
-14.7,13.837499999999999,23.256213877394224
-14.7,13.875,
-14.7,13.912499999999998,
-14.7,13.95,
-14.7,13.9875,
-14.7,14.024999999999999,
-14.7,14.0625,
-14.7,14.099999999999998,
-14.7,14.1375,
-14.7,14.175,
-14.7,14.212499999999999,
-14.7,14.25,
-14.7,14.287499999999998,
-14.7,14.325,
-14.7,14.3625,
-14.7,14.399999999999999,
-14.7,14.4375,
-14.7,14.474999999999998,
-14.7,14.5125,
-14.7,14.55,
-14.7,14.587499999999999,
-14.7,14.625,
-14.7,14.662499999999998,
-14.7,14.7,
-14.7,14.7375,
-14.7,14.774999999999999,
-14.7,14.8125,
-14.7,14.849999999999998,
-14.7,14.8875,
-14.7,14.925,
-14.7,14.962499999999999,
-14.7,15.0,
-14.7,15.037499999999998,
-14.7,15.075,
-14.6625,12.45,
-14.6625,12.4875,
-14.6625,12.524999999999999,
-14.6625,12.5625,
-14.6625,12.599999999999998,
-14.6625,12.6375,
-14.6625,12.675,
-14.6625,12.712499999999999,22.594436770777307
-14.6625,12.75,22.609010490794635
-14.6625,12.787499999999998,22.623194018396482
-14.6625,12.825,22.64742003175633
-14.6625,12.8625,22.66254184289378
-14.6625,12.899999999999999,22.69281118397765
-14.6625,12.9375,22.705346916244835
-14.6625,12.974999999999998,22.72604048965586
-14.6625,13.0125,22.749545561046265
-14.6625,13.05,22.776622133114245
-14.6625,13.087499999999999,22.793532145513442
-14.6625,13.125,22.81488977057207
-14.6625,13.162499999999998,22.8352225653061
-14.6625,13.2,22.85185679543604
-14.6625,13.2375,22.870574650347454
-14.6625,13.274999999999999,22.894692098462997
-14.6625,13.3125,22.914238707833253
-14.6625,13.349999999999998,
-14.6625,13.3875,
-14.6625,13.425,
-14.6625,13.462499999999999,
-14.6625,13.5,
-14.6625,13.537499999999998,
-14.6625,13.575,
-14.6625,13.6125,
-14.6625,13.649999999999999,23.079603106277144
-14.6625,13.6875,23.12838865003296
-14.6625,13.724999999999998,23.164538785445963
-14.6625,13.7625,23.198726500001133
-14.6625,13.8,23.21870388519166
-14.6625,13.837499999999999,23.27832816620091
-14.6625,13.875,23.30066409958561
-14.6625,13.912499999999998,
-14.6625,13.95,
-14.6625,13.9875,
-14.6625,14.024999999999999,
-14.6625,14.0625,
-14.6625,14.099999999999998,
-14.6625,14.1375,
-14.6625,14.175,
-14.6625,14.212499999999999,
-14.6625,14.25,
-14.6625,14.287499999999998,
-14.6625,14.325,
-14.6625,14.3625,
-14.6625,14.399999999999999,
-14.6625,14.4375,
-14.6625,14.474999999999998,
-14.6625,14.5125,
-14.6625,14.55,
-14.6625,14.587499999999999,
-14.6625,14.625,
-14.6625,14.662499999999998,
-14.6625,14.7,
-14.6625,14.7375,
-14.6625,14.774999999999999,
-14.6625,14.8125,
-14.6625,14.849999999999998,
-14.6625,14.8875,
-14.6625,14.925,
-14.6625,14.962499999999999,
-14.6625,15.0,
-14.6625,15.037499999999998,
-14.6625,15.075,
-14.625,12.45,
-14.625,12.4875,
-14.625,12.524999999999999,
-14.625,12.5625,
-14.625,12.599999999999998,
-14.625,12.6375,
-14.625,12.675,
-14.625,12.712499999999999,22.60391175618316
-14.625,12.75,22.618177577132084
-14.625,12.787499999999998,22.64147647126923
-14.625,12.825,22.662230252451778
-14.625,12.8625,22.68048831175911
-14.625,12.899999999999999,22.710188308889705
-14.625,12.9375,22.72996247735309
-14.625,12.974999999999998,22.749397240647777
-14.625,13.0125,22.77073614788306
-14.625,13.05,22.79802227988652
-14.625,13.087499999999999,22.819694566529556
-14.625,13.125,22.839809847009427
-14.625,13.162499999999998,22.85906062331917
-14.625,13.2,22.87699826832836
-14.625,13.2375,22.897631397022675
-14.625,13.274999999999999,22.918621864979006
-14.625,13.3125,22.94084589608947
-14.625,13.349999999999998,
-14.625,13.3875,
-14.625,13.425,
-14.625,13.462499999999999,
-14.625,13.5,
-14.625,13.537499999999998,
-14.625,13.575,
-14.625,13.6125,
-14.625,13.649999999999999,
-14.625,13.6875,23.149406989146815
-14.625,13.724999999999998,23.184841067271766
-14.625,13.7625,23.219925341551736
-14.625,13.8,23.285542336510336
-14.625,13.837499999999999,23.30692096365724
-14.625,13.875,23.330778834438
-14.625,13.912499999999998,23.352061067339616
-14.625,13.95,
-14.625,13.9875,
-14.625,14.024999999999999,
-14.625,14.0625,
-14.625,14.099999999999998,
-14.625,14.1375,
-14.625,14.175,
-14.625,14.212499999999999,
-14.625,14.25,
-14.625,14.287499999999998,23.556173224860572
-14.625,14.325,23.543985176239048
-14.625,14.3625,23.585453367637008
-14.625,14.399999999999999,23.601737648082608
-14.625,14.4375,23.61318036330625
-14.625,14.474999999999998,23.666993256237568
-14.625,14.5125,23.682343622049242
-14.625,14.55,23.689549347049322
-14.625,14.587499999999999,
-14.625,14.625,
-14.625,14.662499999999998,
-14.625,14.7,
-14.625,14.7375,
-14.625,14.774999999999999,
-14.625,14.8125,
-14.625,14.849999999999998,
-14.625,14.8875,
-14.625,14.925,
-14.625,14.962499999999999,
-14.625,15.0,
-14.625,15.037499999999998,
-14.625,15.075,
-14.587499999999999,12.45,
-14.587499999999999,12.4875,
-14.587499999999999,12.524999999999999,
-14.587499999999999,12.5625,
-14.587499999999999,12.599999999999998,
-14.587499999999999,12.6375,
-14.587499999999999,12.675,
-14.587499999999999,12.712499999999999,22.613540774605955
-14.587499999999999,12.75,22.624613319947624
-14.587499999999999,12.787499999999998,22.648199406159584
-14.587499999999999,12.825,22.67043662563793
-14.587499999999999,12.8625,22.690420864000803
-14.587499999999999,12.899999999999999,22.720358873549483
-14.587499999999999,12.9375,22.744443902748877
-14.587499999999999,12.974999999999998,22.763590075565197
-14.587499999999999,13.0125,22.78309947539107
-14.587499999999999,13.05,22.812466540657116
-14.587499999999999,13.087499999999999,22.83316598829422
-14.587499999999999,13.125,22.854165504378216
-14.587499999999999,13.162499999999998,22.875755876806533
-14.587499999999999,13.2,22.897135056882977
-14.587499999999999,13.2375,22.913016232238945
-14.587499999999999,13.274999999999999,22.935414673819537
-14.587499999999999,13.3125,22.95772705185909
-14.587499999999999,13.349999999999998,
-14.587499999999999,13.3875,
-14.587499999999999,13.425,
-14.587499999999999,13.462499999999999,
-14.587499999999999,13.5,
-14.587499999999999,13.537499999999998,
-14.587499999999999,13.575,
-14.587499999999999,13.6125,
-14.587499999999999,13.649999999999999,
-14.587499999999999,13.6875,23.202407148134846
-14.587499999999999,13.724999999999998,23.237879082471387
-14.587499999999999,13.7625,23.27350432937563
-14.587499999999999,13.8,23.303250951209225
-14.587499999999999,13.837499999999999,23.32498278494523
-14.587499999999999,13.875,23.346249517010556
-14.587499999999999,13.912499999999998,23.371509960997493
-14.587499999999999,13.95,23.393262360176546
-14.587499999999999,13.9875,23.407980268308332
-14.587499999999999,14.024999999999999,
-14.587499999999999,14.0625,23.459019802278167
-14.587499999999999,14.099999999999998,23.494198024758074
-14.587499999999999,14.1375,
-14.587499999999999,14.175,23.540460818632027
-14.587499999999999,14.212499999999999,23.557912470002975
-14.587499999999999,14.25,23.571402100682835
-14.587499999999999,14.287499999999998,23.585398499088623
-14.587499999999999,14.325,23.5979581851433
-14.587499999999999,14.3625,23.623272995616663
-14.587499999999999,14.399999999999999,23.630135104915613
-14.587499999999999,14.4375,23.642441332478903
-14.587499999999999,14.474999999999998,23.651356347283695
-14.587499999999999,14.5125,23.706586008787326
-14.587499999999999,14.55,23.713685004511373
-14.587499999999999,14.587499999999999,
-14.587499999999999,14.625,
-14.587499999999999,14.662499999999998,
-14.587499999999999,14.7,
-14.587499999999999,14.7375,
-14.587499999999999,14.774999999999999,
-14.587499999999999,14.8125,
-14.587499999999999,14.849999999999998,
-14.587499999999999,14.8875,
-14.587499999999999,14.925,
-14.587499999999999,14.962499999999999,
-14.587499999999999,15.0,
-14.587499999999999,15.037499999999998,
-14.587499999999999,15.075,
-14.55,12.45,
-14.55,12.4875,
-14.55,12.524999999999999,
-14.55,12.5625,
-14.55,12.599999999999998,
-14.55,12.6375,
-14.55,12.675,
-14.55,12.712499999999999,22.617496156257896
-14.55,12.75,22.631829607766296
-14.55,12.787499999999998,22.65496167631833
-14.55,12.825,22.680870160694976
-14.55,12.8625,22.701830548511452
-14.55,12.899999999999999,22.730188689006766
-14.55,12.9375,22.756392106258986
-14.55,12.974999999999998,22.77792713836982
-14.55,13.0125,22.804362456634863
-14.55,13.05,22.826087953468345
-14.55,13.087499999999999,22.858477390434757
-14.55,13.125,22.880317896934066
-14.55,13.162499999999998,22.901173830105822
-14.55,13.2,22.925672827556983
-14.55,13.2375,22.942781980145792
-14.55,13.274999999999999,22.96235452236814
-14.55,13.3125,22.982295007430384
-14.55,13.349999999999998,
-14.55,13.3875,
-14.55,13.425,
-14.55,13.462499999999999,
-14.55,13.5,
-14.55,13.537499999999998,
-14.55,13.575,
-14.55,13.6125,
-14.55,13.649999999999999,23.20510929935371
-14.55,13.6875,23.23775187782688
-14.55,13.724999999999998,23.25180194202191
-14.55,13.7625,23.29203198084834
-14.55,13.8,23.308452833540873
-14.55,13.837499999999999,23.334689040465946
-14.55,13.875,23.365294878526363
-14.55,13.912499999999998,23.387535153357682
-14.55,13.95,23.40906382704377
-14.55,13.9875,23.428937609449417
-14.55,14.024999999999999,23.45554443534855
-14.55,14.0625,23.492014736213573
-14.55,14.099999999999998,23.518153079707403
-14.55,14.1375,23.54130827439253
-14.55,14.175,23.564773295042382
-14.55,14.212499999999999,23.584374560044164
-14.55,14.25,23.60109379564759
-14.55,14.287499999999998,23.611392273637698
-14.55,14.325,23.6283364900323
-14.55,14.3625,23.654054084653072
-14.55,14.399999999999999,23.66426427058049
-14.55,14.4375,23.66782017047731
-14.55,14.474999999999998,23.68026401545456
-14.55,14.5125,23.690927062222453
-14.55,14.55,23.741254295014688
-14.55,14.587499999999999,
-14.55,14.625,
-14.55,14.662499999999998,
-14.55,14.7,
-14.55,14.7375,
-14.55,14.774999999999999,
-14.55,14.8125,
-14.55,14.849999999999998,
-14.55,14.8875,
-14.55,14.925,
-14.55,14.962499999999999,
-14.55,15.0,
-14.55,15.037499999999998,
-14.55,15.075,
-14.5125,12.45,
-14.5125,12.4875,
-14.5125,12.524999999999999,
-14.5125,12.5625,
-14.5125,12.599999999999998,
-14.5125,12.6375,
-14.5125,12.675,
-14.5125,12.712499999999999,22.583030217083056
-14.5125,12.75,22.603390175351382
-14.5125,12.787499999999998,22.66615716414843
-14.5125,12.825,22.693841973715458
-14.5125,12.8625,22.714528922311313
-14.5125,12.899999999999999,22.745444414605004
-14.5125,12.9375,22.772973012492443
-14.5125,12.974999999999998,22.801096664216143
-14.5125,13.0125,22.830029860049844
-14.5125,13.05,22.84954619780602
-14.5125,13.087499999999999,22.876784467111325
-14.5125,13.125,22.90533133086561
-14.5125,13.162499999999998,22.92859863645174
-14.5125,13.2,22.951015115604886
-14.5125,13.2375,22.968896522333516
-14.5125,13.274999999999999,22.984886118999267
-14.5125,13.3125,
-14.5125,13.349999999999998,
-14.5125,13.3875,
-14.5125,13.425,
-14.5125,13.462499999999999,
-14.5125,13.5,
-14.5125,13.537499999999998,
-14.5125,13.575,
-14.5125,13.6125,
-14.5125,13.649999999999999,23.222143970327057
-14.5125,13.6875,23.25670462027697
-14.5125,13.724999999999998,23.274497368127154
-14.5125,13.7625,23.30837256768102
-14.5125,13.8,23.327837349105597
-14.5125,13.837499999999999,23.353139854798975
-14.5125,13.875,23.37954555469795
-14.5125,13.912499999999998,23.403750721812393
-14.5125,13.95,23.42786057856052
-14.5125,13.9875,23.446886612075765
-14.5125,14.024999999999999,23.475497093477028
-14.5125,14.0625,23.505287736149786
-14.5125,14.099999999999998,23.530641427774654
-14.5125,14.1375,23.56543641788772
-14.5125,14.175,23.590921874332444
-14.5125,14.212499999999999,23.6120792667752
-14.5125,14.25,23.628074493131734
-14.5125,14.287499999999998,23.641164349683372
-14.5125,14.325,23.656288255376165
-14.5125,14.3625,23.682243803080055
-14.5125,14.399999999999999,23.69497205070057
-14.5125,14.4375,23.69787423495871
-14.5125,14.474999999999998,23.70792559137993
-14.5125,14.5125,23.716805700636623
-14.5125,14.55,23.751264718118485
-14.5125,14.587499999999999,
-14.5125,14.625,
-14.5125,14.662499999999998,
-14.5125,14.7,
-14.5125,14.7375,
-14.5125,14.774999999999999,
-14.5125,14.8125,
-14.5125,14.849999999999998,
-14.5125,14.8875,
-14.5125,14.925,
-14.5125,14.962499999999999,
-14.5125,15.0,
-14.5125,15.037499999999998,
-14.5125,15.075,
-14.475,12.45,
-14.475,12.4875,
-14.475,12.524999999999999,
-14.475,12.5625,
-14.475,12.599999999999998,
-14.475,12.6375,
-14.475,12.675,
-14.475,12.712499999999999,22.591958614298658
-14.475,12.75,22.61488857628507
-14.475,12.787499999999998,22.638095915119735
-14.475,12.825,22.664046627538667
-14.475,12.8625,22.72895290323163
-14.475,12.899999999999999,22.755846227098814
-14.475,12.9375,22.787617673318817
-14.475,12.974999999999998,22.814796928393843
-14.475,13.0125,22.845188627387262
-14.475,13.05,22.87242384965065
-14.475,13.087499999999999,22.900007570906382
-14.475,13.125,22.92616627086596
-14.475,13.162499999999998,22.95178883249627
-14.475,13.2,22.976521844547626
-14.475,13.2375,22.99460220304677
-14.475,13.274999999999999,23.010490891417597
-14.475,13.3125,
-14.475,13.349999999999998,
-14.475,13.3875,
-14.475,13.425,
-14.475,13.462499999999999,
-14.475,13.5,
-14.475,13.537499999999998,
-14.475,13.575,
-14.475,13.6125,23.203010367915113
-14.475,13.649999999999999,23.2350365508197
-14.475,13.6875,23.275162357482635
-14.475,13.724999999999998,23.315128113367088
-14.475,13.7625,23.331181739229994
-14.475,13.8,23.350469521464227
-14.475,13.837499999999999,23.375750483833237
-14.475,13.875,23.4015934005631
-14.475,13.912499999999998,23.428288182078305
-14.475,13.95,23.452289715533613
-14.475,13.9875,23.47233856975457
-14.475,14.024999999999999,23.503492360048707
-14.475,14.0625,23.533625759110556
-14.475,14.099999999999998,23.55962701009462
-14.475,14.1375,23.584250694524084
-14.475,14.175,23.606746026939177
-14.475,14.212499999999999,23.631429690358768
-14.475,14.25,23.648320036453622
-14.475,14.287499999999998,23.663294060477337
-14.475,14.325,23.67709440582904
-14.475,14.3625,23.68887083317374
-14.475,14.399999999999999,23.717149556193863
-14.475,14.4375,23.72466507395908
-14.475,14.474999999999998,23.735483444640256
-14.475,14.5125,23.766164925817392
-14.475,14.55,23.773461085194302
-14.475,14.587499999999999,23.78135685500442
-14.475,14.625,
-14.475,14.662499999999998,
-14.475,14.7,
-14.475,14.7375,
-14.475,14.774999999999999,
-14.475,14.8125,
-14.475,14.849999999999998,
-14.475,14.8875,
-14.475,14.925,
-14.475,14.962499999999999,
-14.475,15.0,
-14.475,15.037499999999998,
-14.475,15.075,
-14.4375,12.45,
-14.4375,12.4875,
-14.4375,12.524999999999999,
-14.4375,12.5625,
-14.4375,12.599999999999998,
-14.4375,12.6375,
-14.4375,12.675,
-14.4375,12.712499999999999,22.601457230428732
-14.4375,12.75,22.6258014700067
-14.4375,12.787499999999998,22.651751282713214
-14.4375,12.825,22.678801109060192
-14.4375,12.8625,22.707422979463022
-14.4375,12.899999999999999,22.733240753336876
-14.4375,12.9375,22.803581826693154
-14.4375,12.974999999999998,22.832699987799167
-14.4375,13.0125,22.866656755435475
-14.4375,13.05,22.889888306601645
-14.4375,13.087499999999999,22.923744937440535
-14.4375,13.125,22.951022661617095
-14.4375,13.162499999999998,22.976098257859576
-14.4375,13.2,23.001830086217616
-14.4375,13.2375,23.018562008687702
-14.4375,13.274999999999999,
-14.4375,13.3125,
-14.4375,13.349999999999998,
-14.4375,13.3875,
-14.4375,13.425,
-14.4375,13.462499999999999,
-14.4375,13.5,
-14.4375,13.537499999999998,23.161224760009304
-14.4375,13.575,23.18692914293758
-14.4375,13.6125,23.22750352451009
-14.4375,13.649999999999999,23.256967851376036
-14.4375,13.6875,23.290035453561035
-14.4375,13.724999999999998,23.330575609517073
-14.4375,13.7625,23.348298540845636
-14.4375,13.8,23.373511241674727
-14.4375,13.837499999999999,23.398695735267218
-14.4375,13.875,23.42591042692267
-14.4375,13.912499999999998,23.451381501961887
-14.4375,13.95,23.47642665956996
-14.4375,13.9875,23.496362519908857
-14.4375,14.024999999999999,23.526722115017318
-14.4375,14.0625,23.558926204889797
-14.4375,14.099999999999998,23.584005462072174
-14.4375,14.1375,23.61119334805964
-14.4375,14.175,23.634510737431963
-14.4375,14.212499999999999,23.657581782631365
-14.4375,14.25,23.67502569660238
-14.4375,14.287499999999998,23.690151896964373
-14.4375,14.325,23.704424509677967
-14.4375,14.3625,23.717669776901
-14.4375,14.399999999999999,23.743255786352663
-14.4375,14.4375,23.753274099944132
-14.4375,14.474999999999998,23.787741602225857
-14.4375,14.5125,23.792874181097815
-14.4375,14.55,23.79938346084484
-14.4375,14.587499999999999,23.797533848873172
-14.4375,14.625,
-14.4375,14.662499999999998,
-14.4375,14.7,
-14.4375,14.7375,
-14.4375,14.774999999999999,
-14.4375,14.8125,
-14.4375,14.849999999999998,
-14.4375,14.8875,
-14.4375,14.925,
-14.4375,14.962499999999999,
-14.4375,15.0,
-14.4375,15.037499999999998,
-14.4375,15.075,
-14.399999999999999,12.45,
-14.399999999999999,12.4875,
-14.399999999999999,12.524999999999999,
-14.399999999999999,12.5625,
-14.399999999999999,12.599999999999998,
-14.399999999999999,12.6375,
-14.399999999999999,12.675,
-14.399999999999999,12.712499999999999,22.6177309060232
-14.399999999999999,12.75,22.641447078185323
-14.399999999999999,12.787499999999998,22.66633865573029
-14.399999999999999,12.825,22.695028424530154
-14.399999999999999,12.8625,22.725994369149085
-14.399999999999999,12.899999999999999,22.754390937495938
-14.399999999999999,12.9375,22.784571645166505
-14.399999999999999,12.974999999999998,22.818340902565676
-14.399999999999999,13.0125,22.88407910656377
-14.399999999999999,13.05,22.9115588458687
-14.399999999999999,13.087499999999999,22.941575112294572
-14.399999999999999,13.125,22.973844205428794
-14.399999999999999,13.162499999999998,22.94040113178901
-14.399999999999999,13.2,22.96690937086981
-14.399999999999999,13.2375,22.983637499633847
-14.399999999999999,13.274999999999999,
-14.399999999999999,13.3125,
-14.399999999999999,13.349999999999998,
-14.399999999999999,13.3875,
-14.399999999999999,13.425,
-14.399999999999999,13.462499999999999,
-14.399999999999999,13.5,23.104807871611122
-14.399999999999999,13.537499999999998,23.114324250697248
-14.399999999999999,13.575,23.213067819310975
-14.399999999999999,13.6125,23.2352298026532
-14.399999999999999,13.649999999999999,23.279810597791272
-14.399999999999999,13.6875,23.31471281264129
-14.399999999999999,13.724999999999998,23.35297348603426
-14.399999999999999,13.7625,23.3038826074265
-14.399999999999999,13.8,23.327681011673267
-14.399999999999999,13.837499999999999,23.424431673578137
-14.399999999999999,13.875,23.44996916096242
-14.399999999999999,13.912499999999998,23.47581777474574
-14.399999999999999,13.95,23.50110106756946
-14.399999999999999,13.9875,23.52190904473315
-14.399999999999999,14.024999999999999,23.552746341791725
-14.399999999999999,14.0625,23.5875417958668
-14.399999999999999,14.099999999999998,23.610475795036567
-14.399999999999999,14.1375,23.636090375916364
-14.399999999999999,14.175,23.659534503188237
-14.399999999999999,14.212499999999999,23.680390769370273
-14.399999999999999,14.25,23.700647196222317
-14.399999999999999,14.287499999999998,23.71778547982277
-14.399999999999999,14.325,23.732149736289717
-14.399999999999999,14.3625,23.742289471091667
-14.399999999999999,14.399999999999999,23.76935511773903
-14.399999999999999,14.4375,23.738795642276067
-14.399999999999999,14.474999999999998,23.749433687208974
-14.399999999999999,14.5125,23.67028208790337
-14.399999999999999,14.55,23.6783227977707
-14.399999999999999,14.587499999999999,23.68303476918579
-14.399999999999999,14.625,
-14.399999999999999,14.662499999999998,
-14.399999999999999,14.7,
-14.399999999999999,14.7375,
-14.399999999999999,14.774999999999999,
-14.399999999999999,14.8125,
-14.399999999999999,14.849999999999998,
-14.399999999999999,14.8875,
-14.399999999999999,14.925,
-14.399999999999999,14.962499999999999,
-14.399999999999999,15.0,
-14.399999999999999,15.037499999999998,
-14.399999999999999,15.075,
-14.3625,12.45,
-14.3625,12.4875,
-14.3625,12.524999999999999,
-14.3625,12.5625,
-14.3625,12.599999999999998,
-14.3625,12.6375,
-14.3625,12.675,
-14.3625,12.712499999999999,22.62276723094034
-14.3625,12.75,22.64704870799985
-14.3625,12.787499999999998,22.67477240359263
-14.3625,12.825,22.704611277459176
-14.3625,12.8625,22.734455890949206
-14.3625,12.899999999999999,22.769810864444867
-14.3625,12.9375,22.801134164724324
-14.3625,12.974999999999998,22.834654537041235
-14.3625,13.0125,22.86398073002903
-14.3625,13.05,22.84773272900095
-14.3625,13.087499999999999,22.88105523643344
-14.3625,13.125,22.936718891778803
-14.3625,13.162499999999998,22.96510686356549
-14.3625,13.2,22.99330313992149
-14.3625,13.2375,
-14.3625,13.274999999999999,
-14.3625,13.3125,
-14.3625,13.349999999999998,
-14.3625,13.3875,
-14.3625,13.425,
-14.3625,13.462499999999999,
-14.3625,13.5,23.127471696836846
-14.3625,13.537499999999998,23.09910920904016
-14.3625,13.575,23.112084080874748
-14.3625,13.6125,23.136962058950772
-14.3625,13.649999999999999,23.157034254661657
-14.3625,13.6875,23.200950709121912
-14.3625,13.724999999999998,23.230520300004823
-14.3625,13.7625,23.263956551333177
-14.3625,13.8,23.342472284362906
-14.3625,13.837499999999999,23.294876483192493
-14.3625,13.875,23.31898272986923
-14.3625,13.912499999999998,23.34283356133985
-14.3625,13.95,23.36883596015858
-14.3625,13.9875,23.390128700532514
-14.3625,14.024999999999999,23.415818981435827
-14.3625,14.0625,23.452040295526466
-14.3625,14.099999999999998,23.479029829056348
-14.3625,14.1375,23.50363294827607
-14.3625,14.175,23.52803797569616
-14.3625,14.212499999999999,23.54986378937878
-14.3625,14.25,23.56915741720593
-14.3625,14.287499999999998,23.58752974092556
-14.3625,14.325,23.60232588370006
-14.3625,14.3625,23.605036652450742
-14.3625,14.399999999999999,23.61196432260562
-14.3625,14.4375,23.75056450384033
-14.3625,14.474999999999998,23.671677765320783
-14.3625,14.5125,23.681655008414264
-14.3625,14.55,23.701132808147303
-14.3625,14.587499999999999,23.706295991333864
-14.3625,14.625,
-14.3625,14.662499999999998,
-14.3625,14.7,
-14.3625,14.7375,
-14.3625,14.774999999999999,
-14.3625,14.8125,
-14.3625,14.849999999999998,
-14.3625,14.8875,
-14.3625,14.925,
-14.3625,14.962499999999999,
-14.3625,15.0,
-14.3625,15.037499999999998,
-14.3625,15.075,
-14.325,12.45,
-14.325,12.4875,
-14.325,12.524999999999999,
-14.325,12.5625,
-14.325,12.599999999999998,
-14.325,12.6375,
-14.325,12.675,
-14.325,12.712499999999999,22.633746100467512
-14.325,12.75,22.664621966494618
-14.325,12.787499999999998,22.689845420582778
-14.325,12.825,22.721624206138085
-14.325,12.8625,22.75577516448277
-14.325,12.899999999999999,22.794242524901147
-14.325,12.9375,22.829517397563066
-14.325,12.974999999999998,22.864868354391948
-14.325,13.0125,22.8321130832651
-14.325,13.05,22.86329264156852
-14.325,13.087499999999999,22.89384142484132
-14.325,13.125,22.92392436847844
-14.325,13.162499999999998,22.986575499061995
-14.325,13.2,23.01660143930472
-14.325,13.2375,
-14.325,13.274999999999999,
-14.325,13.3125,
-14.325,13.349999999999998,
-14.325,13.3875,
-14.325,13.425,
-14.325,13.462499999999999,23.136902850321082
-14.325,13.5,23.117515202595662
-14.325,13.537499999999998,23.125414147553577
-14.325,13.575,23.141834654597787
-14.325,13.6125,23.152284773202318
-14.325,13.649999999999999,23.179339975009466
-14.325,13.6875,23.206393767675717
-14.325,13.724999999999998,23.2350390431427
-14.325,13.7625,23.28310283782774
-14.325,13.8,23.293772823980824
-14.325,13.837499999999999,23.314159153950943
-14.325,13.875,23.340485380243184
-14.325,13.912499999999998,23.36644553623083
-14.325,13.95,23.388902075162687
-14.325,13.9875,23.41733019411487
-14.325,14.024999999999999,23.44184844543438
-14.325,14.0625,23.47419267370763
-14.325,14.099999999999998,23.50062606464377
-14.325,14.1375,23.52547286801739
-14.325,14.175,23.5488630579728
-14.325,14.212499999999999,23.570441854755252
-14.325,14.25,23.58887939682342
-14.325,14.287499999999998,23.600717816737383
-14.325,14.325,23.614994363668007
-14.325,14.3625,23.62688634315946
-14.325,14.399999999999999,23.632691434981908
-14.325,14.4375,23.687151043633087
-14.325,14.474999999999998,23.694764173806544
-14.325,14.5125,23.70291155499017
-14.325,14.55,23.711005411726294
-14.325,14.587499999999999,23.72736338859854
-14.325,14.625,
-14.325,14.662499999999998,
-14.325,14.7,
-14.325,14.7375,
-14.325,14.774999999999999,
-14.325,14.8125,
-14.325,14.849999999999998,
-14.325,14.8875,
-14.325,14.925,
-14.325,14.962499999999999,
-14.325,15.0,
-14.325,15.037499999999998,
-14.325,15.075,
-14.2875,12.45,
-14.2875,12.4875,
-14.2875,12.524999999999999,
-14.2875,12.5625,
-14.2875,12.599999999999998,
-14.2875,12.6375,
-14.2875,12.675,
-14.2875,12.712499999999999,22.65306196979553
-14.2875,12.75,22.677618344724177
-14.2875,12.787499999999998,22.707153605891303
-14.2875,12.825,22.741459944411773
-14.2875,12.8625,22.782366695882146
-14.2875,12.899999999999999,22.82109271312664
-14.2875,12.9375,22.787546245825446
-14.2875,12.974999999999998,22.819991989700597
-14.2875,13.0125,22.853181624292134
-14.2875,13.05,22.88285212398893
-14.2875,13.087499999999999,22.914716090323278
-14.2875,13.125,22.952196636096165
-14.2875,13.162499999999998,22.982783925432553
-14.2875,13.2,23.04063394300375
-14.2875,13.2375,
-14.2875,13.274999999999999,
-14.2875,13.3125,
-14.2875,13.349999999999998,
-14.2875,13.3875,
-14.2875,13.425,
-14.2875,13.462499999999999,
-14.2875,13.5,23.144976626047466
-14.2875,13.537499999999998,23.15497168076661
-14.2875,13.575,23.17222020097149
-14.2875,13.6125,23.17775606386455
-14.2875,13.649999999999999,23.19707420644161
-14.2875,13.6875,23.223318333100096
-14.2875,13.724999999999998,23.26052799069327
-14.2875,13.7625,23.28063599593266
-14.2875,13.8,23.31581044566001
-14.2875,13.837499999999999,23.322508423834446
-14.2875,13.875,23.360549023629538
-14.2875,13.912499999999998,23.387401420819195
-14.2875,13.95,23.412771168991135
-14.2875,13.9875,23.43903915802043
-14.2875,14.024999999999999,23.464860201307577
-14.2875,14.0625,23.49601530478931
-14.2875,14.099999999999998,23.520567732466457
-14.2875,14.1375,23.545062967041243
-14.2875,14.175,23.568681099509096
-14.2875,14.212499999999999,23.58310610268624
-14.2875,14.25,23.601938530582185
-14.2875,14.287499999999998,23.6182051082054
-14.2875,14.325,23.63436324219487
-14.2875,14.3625,23.644660171023784
-14.2875,14.399999999999999,23.686944025482244
-14.2875,14.4375,23.708210872962038
-14.2875,14.474999999999998,23.717646513678908
-14.2875,14.5125,23.723740910029317
-14.2875,14.55,23.73036274790371
-14.2875,14.587499999999999,
-14.2875,14.625,
-14.2875,14.662499999999998,
-14.2875,14.7,
-14.2875,14.7375,
-14.2875,14.774999999999999,
-14.2875,14.8125,
-14.2875,14.849999999999998,
-14.2875,14.8875,
-14.2875,14.925,
-14.2875,14.962499999999999,
-14.2875,15.0,
-14.2875,15.037499999999998,
-14.2875,15.075,
-14.25,12.45,
-14.25,12.4875,
-14.25,12.524999999999999,
-14.25,12.5625,
-14.25,12.599999999999998,
-14.25,12.6375,
-14.25,12.675,
-14.25,12.712499999999999,22.674360075893293
-14.25,12.75,22.707159989219765
-14.25,12.787499999999998,22.728583277978036
-14.25,12.825,22.763451687771866
-14.25,12.8625,22.738219667363857
-14.25,12.899999999999999,22.77866378811989
-14.25,12.9375,22.80595406901191
-14.25,12.974999999999998,22.840594333353238
-14.25,13.0125,22.871245027638647
-14.25,13.05,22.90295213941243
-14.25,13.087499999999999,22.932977240363495
-14.25,13.125,22.973052856631316
-14.25,13.162499999999998,23.007985996927044
-14.25,13.2,23.03466704410292
-14.25,13.2375,
-14.25,13.274999999999999,
-14.25,13.3125,
-14.25,13.349999999999998,
-14.25,13.3875,
-14.25,13.425,
-14.25,13.462499999999999,
-14.25,13.5,23.173432709759535
-14.25,13.537499999999998,23.18452874405547
-14.25,13.575,23.19842082906661
-14.25,13.6125,23.207435051218848
-14.25,13.649999999999999,23.217691877023118
-14.25,13.6875,23.251230383782445
-14.25,13.724999999999998,23.275390607447
-14.25,13.7625,23.297128825967164
-14.25,13.8,23.316379645276335
-14.25,13.837499999999999,23.349937534149042
-14.25,13.875,23.361345119124074
-14.25,13.912499999999998,23.387455351870678
-14.25,13.95,23.42385016422084
-14.25,13.9875,23.449686062991766
-14.25,14.024999999999999,23.472619412240306
-14.25,14.0625,23.51302901108418
-14.25,14.099999999999998,23.541262134205265
-14.25,14.1375,23.558404416175396
-14.25,14.175,23.57856188718008
-14.25,14.212499999999999,23.602548261803573
-14.25,14.25,23.621663227816533
-14.25,14.287499999999998,23.63374200665362
-14.25,14.325,23.64933465299655
-14.25,14.3625,23.720200155766367
-14.25,14.399999999999999,23.734085343402146
-14.25,14.4375,23.72761088862603
-14.25,14.474999999999998,23.737239349173183
-14.25,14.5125,23.743031932551443
-14.25,14.55,23.74776509964191
-14.25,14.587499999999999,
-14.25,14.625,
-14.25,14.662499999999998,
-14.25,14.7,
-14.25,14.7375,
-14.25,14.774999999999999,
-14.25,14.8125,
-14.25,14.849999999999998,
-14.25,14.8875,
-14.25,14.925,
-14.25,14.962499999999999,
-14.25,15.0,
-14.25,15.037499999999998,
-14.25,15.075,
-14.212499999999999,12.45,
-14.212499999999999,12.4875,
-14.212499999999999,12.524999999999999,
-14.212499999999999,12.5625,
-14.212499999999999,12.599999999999998,
-14.212499999999999,12.6375,
-14.212499999999999,12.675,
-14.212499999999999,12.712499999999999,22.695517594858167
-14.212499999999999,12.75,22.65827394525399
-14.212499999999999,12.787499999999998,22.689855722384475
-14.212499999999999,12.825,22.71614608591296
-14.212499999999999,12.8625,22.756183374247104
-14.212499999999999,12.899999999999999,22.79932415316347
-14.212499999999999,12.9375,22.82708126577614
-14.212499999999999,12.974999999999998,22.857380388991526
-14.212499999999999,13.0125,22.890262709975058
-14.212499999999999,13.05,22.920487780509443
-14.212499999999999,13.087499999999999,22.95397490454581
-14.212499999999999,13.125,22.993337556280586
-14.212499999999999,13.162499999999998,23.029026158970087
-14.212499999999999,13.2,23.069632385091115
-14.212499999999999,13.2375,
-14.212499999999999,13.274999999999999,
-14.212499999999999,13.3125,
-14.212499999999999,13.349999999999998,
-14.212499999999999,13.3875,
-14.212499999999999,13.425,
-14.212499999999999,13.462499999999999,
-14.212499999999999,13.5,
-14.212499999999999,13.537499999999998,23.21059998094109
-14.212499999999999,13.575,23.21798457265076
-14.212499999999999,13.6125,23.224374684711204
-14.212499999999999,13.649999999999999,23.243724868910284
-14.212499999999999,13.6875,23.27119433510254
-14.212499999999999,13.724999999999998,23.291098086665652
-14.212499999999999,13.7625,23.31784767998284
-14.212499999999999,13.8,23.339921013911983
-14.212499999999999,13.837499999999999,23.366761114608487
-14.212499999999999,13.875,23.377357828825602
-14.212499999999999,13.912499999999998,23.403381521764647
-14.212499999999999,13.95,23.431347112752487
-14.212499999999999,13.9875,23.465497110115564
-14.212499999999999,14.024999999999999,23.492130019737775
-14.212499999999999,14.0625,23.51156412978319
-14.212499999999999,14.099999999999998,23.54879592188513
-14.212499999999999,14.1375,23.57363588706562
-14.212499999999999,14.175,23.5978335590032
-14.212499999999999,14.212499999999999,23.618813436284736
-14.212499999999999,14.25,23.63517200152346
-14.212499999999999,14.287499999999998,23.708172063360994
-14.212499999999999,14.325,23.725040049585
-14.212499999999999,14.3625,23.734086496701106
-14.212499999999999,14.399999999999999,23.746977785015307
-14.212499999999999,14.4375,23.75676328962483
-14.212499999999999,14.474999999999998,23.752061694557927
-14.212499999999999,14.5125,23.759490979980335
-14.212499999999999,14.55,
-14.212499999999999,14.587499999999999,
-14.212499999999999,14.625,
-14.212499999999999,14.662499999999998,
-14.212499999999999,14.7,
-14.212499999999999,14.7375,
-14.212499999999999,14.774999999999999,
-14.212499999999999,14.8125,
-14.212499999999999,14.849999999999998,
-14.212499999999999,14.8875,
-14.212499999999999,14.925,
-14.212499999999999,14.962499999999999,
-14.212499999999999,15.0,
-14.212499999999999,15.037499999999998,
-14.212499999999999,15.075,
-14.175,12.45,
-14.175,12.4875,
-14.175,12.524999999999999,
-14.175,12.5625,
-14.175,12.599999999999998,
-14.175,12.6375,
-14.175,12.675,
-14.175,12.712499999999999,22.64377213010273
-14.175,12.75,22.672560652006133
-14.175,12.787499999999998,22.707123179956163
-14.175,12.825,22.738470342658506
-14.175,12.8625,22.78445332741176
-14.175,12.899999999999999,22.816535070376506
-14.175,12.9375,22.8461016844855
-14.175,12.974999999999998,22.875919020217257
-14.175,13.0125,22.90863656243564
-14.175,13.05,22.941097886394125
-14.175,13.087499999999999,22.97621108293759
-14.175,13.125,23.011749541051888
-14.175,13.162499999999998,23.055161120190824
-14.175,13.2,23.0874423635011
-14.175,13.2375,
-14.175,13.274999999999999,
-14.175,13.3125,
-14.175,13.349999999999998,
-14.175,13.3875,
-14.175,13.425,
-14.175,13.462499999999999,
-14.175,13.5,
-14.175,13.537499999999998,23.235668881298725
-14.175,13.575,23.242286766956035
-14.175,13.6125,23.250516752891553
-14.175,13.649999999999999,23.26183700972975
-14.175,13.6875,23.275516460241935
-14.175,13.724999999999998,23.306174534008317
-14.175,13.7625,23.337411679299233
-14.175,13.8,23.357006979628743
-14.175,13.837499999999999,23.384992560501072
-14.175,13.875,23.410637208780052
-14.175,13.912499999999998,23.418907361702995
-14.175,13.95,23.446880473141864
-14.175,13.9875,23.473051676195247
-14.175,14.024999999999999,23.500601120649
-14.175,14.0625,23.527918154993923
-14.175,14.099999999999998,23.550321441633294
-14.175,14.1375,23.587445673875035
-14.175,14.175,23.61068664608258
-14.175,14.212499999999999,23.62923907442915
-14.175,14.25,23.704550643329274
-14.175,14.287499999999998,23.72183203394955
-14.175,14.325,23.73387501326637
-14.175,14.3625,23.744798224475492
-14.175,14.399999999999999,23.75657279119207
-14.175,14.4375,23.757891184487317
-14.175,14.474999999999998,23.838315143704275
-14.175,14.5125,23.857824269519046
-14.175,14.55,
-14.175,14.587499999999999,
-14.175,14.625,
-14.175,14.662499999999998,
-14.175,14.7,
-14.175,14.7375,
-14.175,14.774999999999999,
-14.175,14.8125,
-14.175,14.849999999999998,
-14.175,14.8875,
-14.175,14.925,
-14.175,14.962499999999999,
-14.175,15.0,
-14.175,15.037499999999998,
-14.175,15.075,
-14.1375,12.45,
-14.1375,12.4875,
-14.1375,12.524999999999999,
-14.1375,12.5625,
-14.1375,12.599999999999998,
-14.1375,12.6375,
-14.1375,12.675,
-14.1375,12.712499999999999,22.6591131396364
-14.1375,12.75,22.686575816883966
-14.1375,12.787499999999998,22.72268856732187
-14.1375,12.825,22.752767883280725
-14.1375,12.8625,22.802561850984663
-14.1375,12.899999999999999,22.836743815651964
-14.1375,12.9375,22.8617099878667
-14.1375,12.974999999999998,22.891377351769734
-14.1375,13.0125,22.924197986538278
-14.1375,13.05,22.959523257398686
-14.1375,13.087499999999999,22.994534750361563
-14.1375,13.125,23.03608402669898
-14.1375,13.162499999999998,23.069625185521986
-14.1375,13.2,23.108053400172327
-14.1375,13.2375,
-14.1375,13.274999999999999,
-14.1375,13.3125,
-14.1375,13.349999999999998,
-14.1375,13.3875,
-14.1375,13.425,
-14.1375,13.462499999999999,
-14.1375,13.5,
-14.1375,13.537499999999998,23.255335829691287
-14.1375,13.575,23.263062953344647
-14.1375,13.6125,23.27118230318394
-14.1375,13.649999999999999,23.274101619582968
-14.1375,13.6875,23.291293976225656
-14.1375,13.724999999999998,23.31677638042654
-14.1375,13.7625,23.347229939245768
-14.1375,13.8,23.364137196743737
-14.1375,13.837499999999999,23.395900460675662
-14.1375,13.875,23.420449157386848
-14.1375,13.912499999999998,23.42949903099896
-14.1375,13.95,23.45673802070311
-14.1375,13.9875,23.48563847517574
-14.1375,14.024999999999999,23.51400712676844
-14.1375,14.0625,23.539417139583563
-14.1375,14.099999999999998,23.563616375535524
-14.1375,14.1375,23.58561676659805
-14.1375,14.175,23.60502739006544
-14.1375,14.212499999999999,23.696449203135163
-14.1375,14.25,23.714013869311653
-14.1375,14.287499999999998,23.730559959126293
-14.1375,14.325,23.743481680797654
-14.1375,14.3625,23.76197786841567
-14.1375,14.399999999999999,23.772440808306314
-14.1375,14.4375,23.843529644371642
-14.1375,14.474999999999998,23.851948564990746
-14.1375,14.5125,23.878849658526676
-14.1375,14.55,
-14.1375,14.587499999999999,
-14.1375,14.625,
-14.1375,14.662499999999998,
-14.1375,14.7,
-14.1375,14.7375,
-14.1375,14.774999999999999,
-14.1375,14.8125,
-14.1375,14.849999999999998,
-14.1375,14.8875,
-14.1375,14.925,
-14.1375,14.962499999999999,
-14.1375,15.0,
-14.1375,15.037499999999998,
-14.1375,15.075,
-14.1,12.45,
-14.1,12.4875,
-14.1,12.524999999999999,
-14.1,12.5625,
-14.1,12.599999999999998,
-14.1,12.6375,
-14.1,12.675,
-14.1,12.712499999999999,22.671853745872607
-14.1,12.75,22.704732120124387
-14.1,12.787499999999998,22.737467838238924
-14.1,12.825,22.768860242899315
-14.1,12.8625,22.8114847311378
-14.1,12.899999999999999,22.843463822537135
-14.1,12.9375,22.87311934652786
-14.1,12.974999999999998,22.90516051578787
-14.1,13.0125,22.93938440109582
-14.1,13.05,22.97548279762782
-14.1,13.087499999999999,23.01324840980528
-14.1,13.125,23.047941761172403
-14.1,13.162499999999998,23.084825748004686
-14.1,13.2,23.124196176004634
-14.1,13.2375,23.14227370793151
-14.1,13.274999999999999,23.156520060913575
-14.1,13.3125,
-14.1,13.349999999999998,
-14.1,13.3875,
-14.1,13.425,
-14.1,13.462499999999999,
-14.1,13.5,
-14.1,13.537499999999998,
-14.1,13.575,23.274418195605303
-14.1,13.6125,23.287229211246032
-14.1,13.649999999999999,23.28759818806803
-14.1,13.6875,23.300649563496847
-14.1,13.724999999999998,23.324700838264654
-14.1,13.7625,23.348897699144423
-14.1,13.8,23.36751770124768
-14.1,13.837499999999999,23.396391479135197
-14.1,13.875,23.42229100231988
-14.1,13.912499999999998,23.45608108761535
-14.1,13.95,23.464549489675264
-14.1,13.9875,23.491556573201205
-14.1,14.024999999999999,23.522425009272418
-14.1,14.0625,23.548216632121406
-14.1,14.099999999999998,23.571903470835544
-14.1,14.1375,23.595061457332122
-14.1,14.175,23.669069945790984
-14.1,14.212499999999999,23.686958222108252
-14.1,14.25,23.737245908010905
-14.1,14.287499999999998,23.752282959056096
-14.1,14.325,23.758450229907005
-14.1,14.3625,23.769387487601474
-14.1,14.399999999999999,23.841991758392947
-14.1,14.4375,23.85422432985911
-14.1,14.474999999999998,23.860014008732318
-14.1,14.5125,23.8500749285247
-14.1,14.55,
-14.1,14.587499999999999,
-14.1,14.625,
-14.1,14.662499999999998,
-14.1,14.7,
-14.1,14.7375,
-14.1,14.774999999999999,
-14.1,14.8125,
-14.1,14.849999999999998,
-14.1,14.8875,
-14.1,14.925,
-14.1,14.962499999999999,
-14.1,15.0,
-14.1,15.037499999999998,
-14.1,15.075,
-14.0625,12.45,
-14.0625,12.4875,
-14.0625,12.524999999999999,
-14.0625,12.5625,
-14.0625,12.599999999999998,
-14.0625,12.6375,
-14.0625,12.675,
-14.0625,12.712499999999999,22.66086512394713
-14.0625,12.75,22.713216211484575
-14.0625,12.787499999999998,22.74860638451651
-14.0625,12.825,22.77845587963189
-14.0625,12.8625,22.817094531462214
-14.0625,12.899999999999999,22.859223200376547
-14.0625,12.9375,22.88715985625061
-14.0625,12.974999999999998,22.919722770672276
-14.0625,13.0125,22.95315835561356
-14.0625,13.05,22.993491020100297
-14.0625,13.087499999999999,23.02746068174653
-14.0625,13.125,23.063346538254315
-14.0625,13.162499999999998,23.102378371936506
-14.0625,13.2,23.130812690556
-14.0625,13.2375,23.15165804747578
-14.0625,13.274999999999999,23.17385588215778
-14.0625,13.3125,
-14.0625,13.349999999999998,
-14.0625,13.3875,
-14.0625,13.425,
-14.0625,13.462499999999999,
-14.0625,13.5,
-14.0625,13.537499999999998,
-14.0625,13.575,23.279051658785193
-14.0625,13.6125,23.294589648907625
-14.0625,13.649999999999999,23.30650762833835
-14.0625,13.6875,23.30658313873402
-14.0625,13.724999999999998,23.33083743057928
-14.0625,13.7625,23.36122968351524
-14.0625,13.8,23.379103155687705
-14.0625,13.837499999999999,23.39810841090616
-14.0625,13.875,23.424977404151573
-14.0625,13.912499999999998,23.45338065217889
-14.0625,13.95,23.46181739283303
-14.0625,13.9875,23.499715997078525
-14.0625,14.024999999999999,23.524090631600053
-14.0625,14.0625,23.55167506502517
-14.0625,14.099999999999998,23.62923367982749
-14.0625,14.1375,23.651974263940602
-14.0625,14.175,23.689939800664266
-14.0625,14.212499999999999,23.7092547846529
-14.0625,14.25,23.725888501682935
-14.0625,14.287499999999998,23.748102781224173
-14.0625,14.325,23.76217214936054
-14.0625,14.3625,23.838726716540226
-14.0625,14.399999999999999,23.848394238611004
-14.0625,14.4375,23.84184066149817
-14.0625,14.474999999999998,23.851395713158745
-14.0625,14.5125,23.86048013377848
-14.0625,14.55,23.867406108297587
-14.0625,14.587499999999999,
-14.0625,14.625,
-14.0625,14.662499999999998,
-14.0625,14.7,
-14.0625,14.7375,
-14.0625,14.774999999999999,
-14.0625,14.8125,
-14.0625,14.849999999999998,
-14.0625,14.8875,
-14.0625,14.925,
-14.0625,14.962499999999999,
-14.0625,15.0,
-14.0625,15.037499999999998,
-14.0625,15.075,
-14.024999999999999,12.45,
-14.024999999999999,12.4875,
-14.024999999999999,12.524999999999999,
-14.024999999999999,12.5625,
-14.024999999999999,12.599999999999998,
-14.024999999999999,12.6375,
-14.024999999999999,12.675,22.605869790412157
-14.024999999999999,12.712499999999999,22.64506558470153
-14.024999999999999,12.75,22.684419572187842
-14.024999999999999,12.787499999999998,22.717649063443826
-14.024999999999999,12.825,22.75391966789668
-14.024999999999999,12.8625,22.797318103610387
-14.024999999999999,12.899999999999999,22.85410861720921
-14.024999999999999,12.9375,22.88105544182288
-14.024999999999999,12.974999999999998,22.912630133631623
-14.024999999999999,13.0125,22.952919773537896
-14.024999999999999,13.05,22.99128660420057
-14.024999999999999,13.087499999999999,23.024237515637118
-14.024999999999999,13.125,23.064438586999138
-14.024999999999999,13.162499999999998,23.096867487611068
-14.024999999999999,13.2,23.127992677297517
-14.024999999999999,13.2375,23.146706179263983
-14.024999999999999,13.274999999999999,23.169531261775813
-14.024999999999999,13.3125,
-14.024999999999999,13.349999999999998,
-14.024999999999999,13.3875,
-14.024999999999999,13.425,
-14.024999999999999,13.462499999999999,
-14.024999999999999,13.5,
-14.024999999999999,13.537499999999998,
-14.024999999999999,13.575,23.270895196229876
-14.024999999999999,13.6125,23.284319977141287
-14.024999999999999,13.649999999999999,23.29645990794467
-14.024999999999999,13.6875,23.306947149485932
-14.024999999999999,13.724999999999998,23.328914844238025
-14.024999999999999,13.7625,23.360056676118198
-14.024999999999999,13.8,23.381486085890796
-14.024999999999999,13.837499999999999,23.403417693723558
-14.024999999999999,13.875,23.422193574435862
-14.024999999999999,13.912499999999998,23.44868828388865
-14.024999999999999,13.95,23.47241994603202
-14.024999999999999,13.9875,23.49293939152245
-14.024999999999999,14.024999999999999,23.52276979646769
-14.024999999999999,14.0625,23.61284617748188
-14.024999999999999,14.099999999999998,23.640383370818675
-14.024999999999999,14.1375,23.662551117748446
-14.024999999999999,14.175,23.683809814678657
-14.024999999999999,14.212499999999999,23.70203154015759
-14.024999999999999,14.25,23.718604067934688
-14.024999999999999,14.287499999999998,23.81279274516319
-14.024999999999999,14.325,23.829096797392694
-14.024999999999999,14.3625,23.8400586045212
-14.024999999999999,14.399999999999999,23.83320348825458
-14.024999999999999,14.4375,23.843899635583465
-14.024999999999999,14.474999999999998,23.85267090114424
-14.024999999999999,14.5125,23.86387356628936
-14.024999999999999,14.55,23.872201223731494
-14.024999999999999,14.587499999999999,
-14.024999999999999,14.625,
-14.024999999999999,14.662499999999998,
-14.024999999999999,14.7,
-14.024999999999999,14.7375,
-14.024999999999999,14.774999999999999,
-14.024999999999999,14.8125,
-14.024999999999999,14.849999999999998,
-14.024999999999999,14.8875,
-14.024999999999999,14.925,
-14.024999999999999,14.962499999999999,
-14.024999999999999,15.0,
-14.024999999999999,15.037499999999998,
-14.024999999999999,15.075,
-13.9875,12.45,
-13.9875,12.4875,
-13.9875,12.524999999999999,
-13.9875,12.5625,
-13.9875,12.599999999999998,
-13.9875,12.6375,
-13.9875,12.675,22.591014499823952
-13.9875,12.712499999999999,22.612147726985054
-13.9875,12.75,22.654478308333783
-13.9875,12.787499999999998,22.694526381001797
-13.9875,12.825,22.72668765320809
-13.9875,12.8625,22.775954342205075
-13.9875,12.899999999999999,22.81483237478918
-13.9875,12.9375,22.859382255658947
-13.9875,12.974999999999998,22.898005433563057
-13.9875,13.0125,22.94799075134508
-13.9875,13.05,22.987598065848108
-13.9875,13.087499999999999,23.022758686498115
-13.9875,13.125,23.051158200725677
-13.9875,13.162499999999998,23.081472883542673
-13.9875,13.2,23.118262037121173
-13.9875,13.2375,23.13868782774925
-13.9875,13.274999999999999,23.159166659977494
-13.9875,13.3125,
-13.9875,13.349999999999998,
-13.9875,13.3875,
-13.9875,13.425,
-13.9875,13.462499999999999,
-13.9875,13.5,
-13.9875,13.537499999999998,
-13.9875,13.575,
-13.9875,13.6125,23.27191793587847
-13.9875,13.649999999999999,23.288186686569535
-13.9875,13.6875,23.29855811923714
-13.9875,13.724999999999998,23.31804609557328
-13.9875,13.7625,23.34209801489516
-13.9875,13.8,23.365203891483677
-13.9875,13.837499999999999,23.38791600471518
-13.9875,13.875,23.421653822826343
-13.9875,13.912499999999998,23.448779355848092
-13.9875,13.95,23.56975102473562
-13.9875,13.9875,23.575928252994654
-13.9875,14.024999999999999,23.61064026856514
-13.9875,14.0625,23.64246532889283
-13.9875,14.099999999999998,23.626922836462594
-13.9875,14.1375,23.647766072700264
-13.9875,14.175,23.669889726774787
-13.9875,14.212499999999999,23.688497639511134
-13.9875,14.25,23.78466233786098
-13.9875,14.287499999999998,23.800913866497336
-13.9875,14.325,23.815670245132047
-13.9875,14.3625,23.820870173561488
-13.9875,14.399999999999999,23.83173993916903
-13.9875,14.4375,23.843742368780944
-13.9875,14.474999999999998,23.854062391284014
-13.9875,14.5125,23.865095813230507
-13.9875,14.55,23.873097975113357
-13.9875,14.587499999999999,
-13.9875,14.625,
-13.9875,14.662499999999998,
-13.9875,14.7,
-13.9875,14.7375,
-13.9875,14.774999999999999,
-13.9875,14.8125,
-13.9875,14.849999999999998,
-13.9875,14.8875,
-13.9875,14.925,
-13.9875,14.962499999999999,
-13.9875,15.0,
-13.9875,15.037499999999998,
-13.9875,15.075,
-13.95,12.45,
-13.95,12.4875,
-13.95,12.524999999999999,
-13.95,12.5625,
-13.95,12.599999999999998,
-13.95,12.6375,
-13.95,12.675,22.565170606689815
-13.95,12.712499999999999,22.595484466417922
-13.95,12.75,22.63333211582598
-13.95,12.787499999999998,22.677539264079414
-13.95,12.825,22.709147871076684
-13.95,12.8625,22.741591640707423
-13.95,12.899999999999999,22.781010033867187
-13.95,12.9375,22.836006496733756
-13.95,12.974999999999998,22.874839796541682
-13.95,13.0125,22.919089919419832
-13.95,13.05,22.954688776016518
-13.95,13.087499999999999,22.990684648789216
-13.95,13.125,23.02400156024965
-13.95,13.162499999999998,23.06979314866873
-13.95,13.2,23.099114731495888
-13.95,13.2375,23.123923676308095
-13.95,13.274999999999999,23.141024939377367
-13.95,13.3125,23.148211855871537
-13.95,13.349999999999998,
-13.95,13.3875,
-13.95,13.425,
-13.95,13.462499999999999,
-13.95,13.5,
-13.95,13.537499999999998,
-13.95,13.575,23.234573322946762
-13.95,13.6125,23.25397945069643
-13.95,13.649999999999999,23.26723253950122
-13.95,13.6875,23.2898687450383
-13.95,13.724999999999998,23.30595773124239
-13.95,13.7625,23.330047710270932
-13.95,13.8,23.34339547440258
-13.95,13.837499999999999,23.46026863031655
-13.95,13.875,23.49822947476316
-13.95,13.912499999999998,23.529039699480254
-13.95,13.95,23.567005409826592
-13.95,13.9875,23.61576677770466
-13.95,14.024999999999999,23.637617351729247
-13.95,14.0625,23.670109446451292
-13.95,14.099999999999998,23.698314253084995
-13.95,14.1375,23.73045255901566
-13.95,14.175,23.753863627707904
-13.95,14.212499999999999,23.758265982849196
-13.95,14.25,23.778839043320385
-13.95,14.287499999999998,23.78004292927022
-13.95,14.325,23.80004520574073
-13.95,14.3625,23.81415372153533
-13.95,14.399999999999999,23.82559202202441
-13.95,14.4375,23.83757078404232
-13.95,14.474999999999998,23.848136053930254
-13.95,14.5125,23.860543338902477
-13.95,14.55,23.8695984361893
-13.95,14.587499999999999,
-13.95,14.625,
-13.95,14.662499999999998,
-13.95,14.7,
-13.95,14.7375,
-13.95,14.774999999999999,
-13.95,14.8125,
-13.95,14.849999999999998,
-13.95,14.8875,
-13.95,14.925,
-13.95,14.962499999999999,
-13.95,15.0,
-13.95,15.037499999999998,
-13.95,15.075,
-13.9125,12.45,
-13.9125,12.4875,
-13.9125,12.524999999999999,
-13.9125,12.5625,
-13.9125,12.599999999999998,
-13.9125,12.6375,
-13.9125,12.675,22.548506007963095
-13.9125,12.712499999999999,22.577991153455983
-13.9125,12.75,22.6131356659438
-13.9125,12.787499999999998,22.65515914811227
-13.9125,12.825,22.69116551732491
-13.9125,12.8625,22.73212519627098
-13.9125,12.899999999999999,22.76199216634525
-13.9125,12.9375,22.804326025447423
-13.9125,12.974999999999998,22.841742485226472
-13.9125,13.0125,22.877724619224793
-13.9125,13.05,22.935103142120926
-13.9125,13.087499999999999,22.97345370562501
-13.9125,13.125,23.007793054249746
-13.9125,13.162499999999998,23.043545215242045
-13.9125,13.2,23.072526232862348
-13.9125,13.2375,23.087260069110094
-13.9125,13.274999999999999,23.104494974911795
-13.9125,13.3125,23.134988405336454
-13.9125,13.349999999999998,
-13.9125,13.3875,
-13.9125,13.425,
-13.9125,13.462499999999999,
-13.9125,13.5,
-13.9125,13.537499999999998,
-13.9125,13.575,23.2051205739384
-13.9125,13.6125,23.228201161194512
-13.9125,13.649999999999999,23.245232382449238
-13.9125,13.6875,23.265360715701743
-13.9125,13.724999999999998,23.37313608939169
-13.9125,13.7625,23.39952009171757
-13.9125,13.8,23.413537242053653
-13.9125,13.837499999999999,23.440767918988964
-13.9125,13.875,23.480484758134356
-13.9125,13.912499999999998,23.516716350830006
-13.9125,13.95,23.546297000693873
-13.9125,13.9875,23.59378135752733
-13.9125,14.024999999999999,23.62048321452789
-13.9125,14.0625,23.65054713302289
-13.9125,14.099999999999998,23.68537937060809
-13.9125,14.1375,23.714118423526106
-13.9125,14.175,23.74327281693739
-13.9125,14.212499999999999,23.764117773977098
-13.9125,14.25,23.750555570340655
-13.9125,14.287499999999998,23.76718900799574
-13.9125,14.325,23.784142773974363
-13.9125,14.3625,23.803180987894635
-13.9125,14.399999999999999,23.817731468830313
-13.9125,14.4375,23.831007011469197
-13.9125,14.474999999999998,23.841468349582946
-13.9125,14.5125,23.855372594528237
-13.9125,14.55,23.866455704948876
-13.9125,14.587499999999999,
-13.9125,14.625,
-13.9125,14.662499999999998,
-13.9125,14.7,
-13.9125,14.7375,
-13.9125,14.774999999999999,
-13.9125,14.8125,
-13.9125,14.849999999999998,
-13.9125,14.8875,
-13.9125,14.925,
-13.9125,14.962499999999999,
-13.9125,15.0,
-13.9125,15.037499999999998,
-13.9125,15.075,
-13.875,12.45,
-13.875,12.4875,
-13.875,12.524999999999999,
-13.875,12.5625,
-13.875,12.599999999999998,
-13.875,12.6375,
-13.875,12.675,22.528451727780148
-13.875,12.712499999999999,22.56093179761167
-13.875,12.75,22.594044343793126
-13.875,12.787499999999998,22.63131407309189
-13.875,12.825,22.6712492402379
-13.875,12.8625,22.70675805378667
-13.875,12.899999999999999,22.739169017145038
-13.875,12.9375,22.78700085433248
-13.875,12.974999999999998,22.82635730069391
-13.875,13.0125,22.8592900977201
-13.875,13.05,22.899222499087713
-13.875,13.087499999999999,22.94132654285443
-13.875,13.125,22.988542383295755
-13.875,13.162499999999998,23.02479668966789
-13.875,13.2,23.05651514028389
-13.875,13.2375,23.06836982559609
-13.875,13.274999999999999,23.086023724634018
-13.875,13.3125,23.10260961797503
-13.875,13.349999999999998,
-13.875,13.3875,
-13.875,13.425,
-13.875,13.462499999999999,
-13.875,13.5,
-13.875,13.537499999999998,23.188113550975118
-13.875,13.575,23.203576647281597
-13.875,13.6125,23.27330473940708
-13.875,13.649999999999999,23.298209022883967
-13.875,13.6875,23.322512155651317
-13.875,13.724999999999998,23.35367499836925
-13.875,13.7625,23.380890094269148
-13.875,13.8,23.387322135365025
-13.875,13.837499999999999,23.410601561415138
-13.875,13.875,23.45357456172386
-13.875,13.912499999999998,23.482351756556422
-13.875,13.95,23.514147582940204
-13.875,13.9875,23.561507459478683
-13.875,14.024999999999999,23.59167144370246
-13.875,14.0625,23.61739030112788
-13.875,14.099999999999998,23.66702389558281
-13.875,14.1375,23.697475025745543
-13.875,14.175,23.711797167773714
-13.875,14.212499999999999,23.736925708990153
-13.875,14.25,23.738602756675956
-13.875,14.287499999999998,23.753998097388266
-13.875,14.325,23.774300961490223
-13.875,14.3625,23.787416146290862
-13.875,14.399999999999999,23.806076000608414
-13.875,14.4375,23.820627939040158
-13.875,14.474999999999998,23.835680594372842
-13.875,14.5125,23.84883491568354
-13.875,14.55,23.86037549953298
-13.875,14.587499999999999,
-13.875,14.625,
-13.875,14.662499999999998,
-13.875,14.7,
-13.875,14.7375,
-13.875,14.774999999999999,
-13.875,14.8125,
-13.875,14.849999999999998,
-13.875,14.8875,
-13.875,14.925,
-13.875,14.962499999999999,
-13.875,15.0,
-13.875,15.037499999999998,
-13.875,15.075,
-13.837499999999999,12.45,
-13.837499999999999,12.4875,
-13.837499999999999,12.524999999999999,
-13.837499999999999,12.5625,
-13.837499999999999,12.599999999999998,
-13.837499999999999,12.6375,
-13.837499999999999,12.675,22.510730306739735
-13.837499999999999,12.712499999999999,22.539335653382167
-13.837499999999999,12.75,22.575615738003314
-13.837499999999999,12.787499999999998,22.6151336913179
-13.837499999999999,12.825,22.653985706522406
-13.837499999999999,12.8625,22.686036710779465
-13.837499999999999,12.899999999999999,22.716594725675883
-13.837499999999999,12.9375,22.761836565576225
-13.837499999999999,12.974999999999998,22.80209204078748
-13.837499999999999,13.0125,22.843063053577275
-13.837499999999999,13.05,22.87672826748798
-13.837499999999999,13.087499999999999,22.91942097574194
-13.837499999999999,13.125,22.957380759133947
-13.837499999999999,13.162499999999998,22.994209250947108
-13.837499999999999,13.2,23.035982009052987
-13.837499999999999,13.2375,23.04680624268063
-13.837499999999999,13.274999999999999,23.067447100255528
-13.837499999999999,13.3125,23.081566331898124
-13.837499999999999,13.349999999999998,
-13.837499999999999,13.3875,
-13.837499999999999,13.425,
-13.837499999999999,13.462499999999999,
-13.837499999999999,13.5,23.13838779976557
-13.837499999999999,13.537499999999998,23.157935723902664
-13.837499999999999,13.575,23.179659257344518
-13.837499999999999,13.6125,23.244547712393338
-13.837499999999999,13.649999999999999,23.270678641799353
-13.837499999999999,13.6875,23.292713609630017
-13.837499999999999,13.724999999999998,23.32349862521352
-13.837499999999999,13.7625,23.34870596747267
-13.837499999999999,13.8,23.37134126232156
-13.837499999999999,13.837499999999999,23.39982480418511
-13.837499999999999,13.875,23.433786238972615
-13.837499999999999,13.912499999999998,23.462181930769034
-13.837499999999999,13.95,23.488000822184443
-13.837499999999999,13.9875,23.539615875185905
-13.837499999999999,14.024999999999999,23.5717226982672
-13.837499999999999,14.0625,23.598523798624235
-13.837499999999999,14.099999999999998,23.62986639635677
-13.837499999999999,14.1375,23.661644442160416
-13.837499999999999,14.175,23.69468373228018
-13.837499999999999,14.212499999999999,23.7187839824919
-13.837499999999999,14.25,23.72444513683103
-13.837499999999999,14.287499999999998,23.743451188147713
-13.837499999999999,14.325,23.762439326322134
-13.837499999999999,14.3625,23.76740128735043
-13.837499999999999,14.399999999999999,23.78150768446587
-13.837499999999999,14.4375,23.809833039058923
-13.837499999999999,14.474999999999998,23.823938895257395
-13.837499999999999,14.5125,
-13.837499999999999,14.55,
-13.837499999999999,14.587499999999999,
-13.837499999999999,14.625,
-13.837499999999999,14.662499999999998,
-13.837499999999999,14.7,
-13.837499999999999,14.7375,
-13.837499999999999,14.774999999999999,
-13.837499999999999,14.8125,
-13.837499999999999,14.849999999999998,
-13.837499999999999,14.8875,
-13.837499999999999,14.925,
-13.837499999999999,14.962499999999999,
-13.837499999999999,15.0,
-13.837499999999999,15.037499999999998,
-13.837499999999999,15.075,
-13.8,12.45,
-13.8,12.4875,
-13.8,12.524999999999999,
-13.8,12.5625,
-13.8,12.599999999999998,
-13.8,12.6375,
-13.8,12.675,22.491037112387964
-13.8,12.712499999999999,22.522118156688965
-13.8,12.75,22.559677035945857
-13.8,12.787499999999998,22.59220549976714
-13.8,12.825,22.627313883084547
-13.8,12.8625,22.66165738684549
-13.8,12.899999999999999,22.698952702657376
-13.8,12.9375,22.73770217450381
-13.8,12.974999999999998,22.782465201086975
-13.8,13.0125,22.81851213196902
-13.8,13.05,22.85529360615644
-13.8,13.087499999999999,22.89953950429459
-13.8,13.125,22.935631797835146
-13.8,13.162499999999998,22.9668732426227
-13.8,13.2,23.000822936895716
-13.8,13.2375,23.015468283456364
-13.8,13.274999999999999,23.03236999139016
-13.8,13.3125,23.064690836415387
-13.8,13.349999999999998,23.07366041910246
-13.8,13.3875,
-13.8,13.425,
-13.8,13.462499999999999,23.107850237562275
-13.8,13.5,23.115929726449384
-13.8,13.537499999999998,23.125128255767763
-13.8,13.575,23.135906593930773
-13.8,13.6125,23.21561627952635
-13.8,13.649999999999999,23.238331906002585
-13.8,13.6875,23.26412856731456
-13.8,13.724999999999998,23.289150549853016
-13.8,13.7625,23.31714870152015
-13.8,13.8,23.337707465212578
-13.8,13.837499999999999,23.386683423217733
-13.8,13.875,23.412894961085094
-13.8,13.912499999999998,23.441279720405465
-13.8,13.95,23.466943290299422
-13.8,13.9875,23.516896129713214
-13.8,14.024999999999999,23.54755129539947
-13.8,14.0625,23.57699065648944
-13.8,14.099999999999998,23.61075019198508
-13.8,14.1375,23.64346730727686
-13.8,14.175,23.672693448033723
-13.8,14.212499999999999,23.687557213598343
-13.8,14.25,23.696779885676424
-13.8,14.287499999999998,23.7183684045645
-13.8,14.325,23.736675295629237
-13.8,14.3625,23.75725328181256
-13.8,14.399999999999999,23.771243599778412
-13.8,14.4375,
-13.8,14.474999999999998,
-13.8,14.5125,
-13.8,14.55,
-13.8,14.587499999999999,
-13.8,14.625,
-13.8,14.662499999999998,
-13.8,14.7,
-13.8,14.7375,
-13.8,14.774999999999999,
-13.8,14.8125,
-13.8,14.849999999999998,
-13.8,14.8875,
-13.8,14.925,
-13.8,14.962499999999999,
-13.8,15.0,
-13.8,15.037499999999998,
-13.8,15.075,
-13.7625,12.45,
-13.7625,12.4875,
-13.7625,12.524999999999999,
-13.7625,12.5625,
-13.7625,12.599999999999998,
-13.7625,12.6375,
-13.7625,12.675,22.476239377427312
-13.7625,12.712499999999999,22.51215296588357
-13.7625,12.75,22.540336202073103
-13.7625,12.787499999999998,22.57654786189966
-13.7625,12.825,22.608105376582124
-13.7625,12.8625,22.651576368260155
-13.7625,12.899999999999999,22.682950211401067
-13.7625,12.9375,22.7234575735579
-13.7625,12.974999999999998,22.765121892123993
-13.7625,13.0125,22.80424692483468
-13.7625,13.05,22.842220160023576
-13.7625,13.087499999999999,22.882151995849267
-13.7625,13.125,22.91606005844487
-13.7625,13.162499999999998,22.952279890183704
-13.7625,13.2,22.98616260295161
-13.7625,13.2375,23.022595911731425
-13.7625,13.274999999999999,23.033189720856452
-13.7625,13.3125,23.05038489550186
-13.7625,13.349999999999998,23.050845612173102
-13.7625,13.3875,23.057832442205903
-13.7625,13.425,23.0662433252647
-13.7625,13.462499999999999,23.07061387951028
-13.7625,13.5,23.080035890956516
-13.7625,13.537499999999998,23.095575365490973
-13.7625,13.575,23.11683139068275
-13.7625,13.6125,23.190355615085068
-13.7625,13.649999999999999,23.215086198025574
-13.7625,13.6875,23.241652809601064
-13.7625,13.724999999999998,23.26833050893221
-13.7625,13.7625,23.29819629426978
-13.7625,13.8,23.317480730313566
-13.7625,13.837499999999999,23.343022259161632
-13.7625,13.875,23.37162284812871
-13.7625,13.912499999999998,23.405502294387965
-13.7625,13.95,23.432909676210404
-13.7625,13.9875,23.48307504232345
-13.7625,14.024999999999999,23.528329070035227
-13.7625,14.0625,23.560251239263128
-13.7625,14.099999999999998,23.59388683069682
-13.7625,14.1375,23.629367929218287
-13.7625,14.175,23.644124048648106
-13.7625,14.212499999999999,23.674137025494026
-13.7625,14.25,23.685646944143095
-13.7625,14.287499999999998,23.708192953160403
-13.7625,14.325,23.72918731730165
-13.7625,14.3625,23.744946398483137
-13.7625,14.399999999999999,23.76579723974893
-13.7625,14.4375,
-13.7625,14.474999999999998,
-13.7625,14.5125,
-13.7625,14.55,
-13.7625,14.587499999999999,
-13.7625,14.625,
-13.7625,14.662499999999998,
-13.7625,14.7,
-13.7625,14.7375,
-13.7625,14.774999999999999,
-13.7625,14.8125,
-13.7625,14.849999999999998,
-13.7625,14.8875,
-13.7625,14.925,
-13.7625,14.962499999999999,
-13.7625,15.0,
-13.7625,15.037499999999998,
-13.7625,15.075,
-13.725,12.45,
-13.725,12.4875,
-13.725,12.524999999999999,
-13.725,12.5625,
-13.725,12.599999999999998,
-13.725,12.6375,
-13.725,12.675,22.469179514839123
-13.725,12.712499999999999,22.499817893267224
-13.725,12.75,22.527791725029083
-13.725,12.787499999999998,22.556366138645135
-13.725,12.825,22.59666150771435
-13.725,12.8625,22.63682217983036
-13.725,12.899999999999999,22.670375262825576
-13.725,12.9375,22.714391652277815
-13.725,12.974999999999998,22.75162832022208
-13.725,13.0125,22.789208436978075
-13.725,13.05,22.829988671019073
-13.725,13.087499999999999,22.869500540138688
-13.725,13.125,22.90706735647068
-13.725,13.162499999999998,22.939936338813705
-13.725,13.2,23.023412982347182
-13.725,13.2375,23.010235243470547
-13.725,13.274999999999999,23.01723833893707
-13.725,13.3125,23.030351573361997
-13.725,13.349999999999998,23.029844718992884
-13.725,13.3875,23.03338234261311
-13.725,13.425,23.03781894587397
-13.725,13.462499999999999,23.04592004086263
-13.725,13.5,23.067370883615077
-13.725,13.537499999999998,23.073267650632246
-13.725,13.575,23.095420799842756
-13.725,13.6125,23.17106797846565
-13.725,13.649999999999999,23.194335376355305
-13.725,13.6875,23.221877822138023
-13.725,13.724999999999998,23.250736856845478
-13.725,13.7625,23.2762307599885
-13.725,13.8,23.306399953037424
-13.725,13.837499999999999,23.328117235261125
-13.725,13.875,23.3488569839864
-13.725,13.912499999999998,23.384161209143706
-13.725,13.95,23.40774654074814
-13.725,13.9875,23.46108985436985
-13.725,14.024999999999999,23.495013575060618
-13.725,14.0625,23.533843777306824
-13.725,14.099999999999998,23.569906527781647
-13.725,14.1375,23.60192713812922
-13.725,14.175,23.634063391732752
-13.725,14.212499999999999,23.663105680280065
-13.725,14.25,23.675281856140792
-13.725,14.287499999999998,23.701335407899666
-13.725,14.325,23.724138323879426
-13.725,14.3625,23.741860236005625
-13.725,14.399999999999999,23.755543332724322
-13.725,14.4375,
-13.725,14.474999999999998,
-13.725,14.5125,
-13.725,14.55,
-13.725,14.587499999999999,
-13.725,14.625,
-13.725,14.662499999999998,
-13.725,14.7,
-13.725,14.7375,
-13.725,14.774999999999999,
-13.725,14.8125,
-13.725,14.849999999999998,
-13.725,14.8875,
-13.725,14.925,
-13.725,14.962499999999999,
-13.725,15.0,
-13.725,15.037499999999998,
-13.725,15.075,
-13.6875,12.45,
-13.6875,12.4875,
-13.6875,12.524999999999999,
-13.6875,12.5625,
-13.6875,12.599999999999998,
-13.6875,12.6375,
-13.6875,12.675,22.456172310296164
-13.6875,12.712499999999999,22.48189334561055
-13.6875,12.75,22.513016852931674
-13.6875,12.787499999999998,22.54664906857319
-13.6875,12.825,22.585683513785433
-13.6875,12.8625,22.62798491082357
-13.6875,12.899999999999999,22.662793977407677
-13.6875,12.9375,22.70004713358486
-13.6875,12.974999999999998,22.742053265323477
-13.6875,13.0125,22.778951631061243
-13.6875,13.05,22.81787132801247
-13.6875,13.087499999999999,22.908659398221108
-13.6875,13.125,22.94027976573165
-13.6875,13.162499999999998,22.980203398963727
-13.6875,13.2,23.013840419990302
-13.6875,13.2375,23.01855163828792
-13.6875,13.274999999999999,23.022374583070107
-13.6875,13.3125,23.03140504345975
-13.6875,13.349999999999998,23.006257021502257
-13.6875,13.3875,23.019550315528832
-13.6875,13.425,23.024101616988847
-13.6875,13.462499999999999,23.02958467586838
-13.6875,13.5,23.047220401524008
-13.6875,13.537499999999998,23.06057178158054
-13.6875,13.575,23.078433840326245
-13.6875,13.6125,23.155509213253936
-13.6875,13.649999999999999,23.179024932393727
-13.6875,13.6875,23.2049902116424
-13.6875,13.724999999999998,23.232678963509922
-13.6875,13.7625,23.259517172040866
-13.6875,13.8,23.289684780840904
-13.6875,13.837499999999999,23.314621476381475
-13.6875,13.875,23.336564520032645
-13.6875,13.912499999999998,23.360921831568433
-13.6875,13.95,23.39283943898567
-13.6875,13.9875,23.444464952131025
-13.6875,14.024999999999999,23.477737467705186
-13.6875,14.0625,23.515760709522073
-13.6875,14.099999999999998,23.553986128559973
-13.6875,14.1375,23.591693537637752
-13.6875,14.175,23.624166384134544
-13.6875,14.212499999999999,23.656968067626
-13.6875,14.25,23.67016587486256
-13.6875,14.287499999999998,23.698920119594323
-13.6875,14.325,23.722137875531477
-13.6875,14.3625,23.739909734171533
-13.6875,14.399999999999999,23.757827511499208
-13.6875,14.4375,
-13.6875,14.474999999999998,
-13.6875,14.5125,
-13.6875,14.55,
-13.6875,14.587499999999999,
-13.6875,14.625,
-13.6875,14.662499999999998,
-13.6875,14.7,
-13.6875,14.7375,
-13.6875,14.774999999999999,
-13.6875,14.8125,
-13.6875,14.849999999999998,
-13.6875,14.8875,
-13.6875,14.925,
-13.6875,14.962499999999999,
-13.6875,15.0,
-13.6875,15.037499999999998,
-13.6875,15.075,
-13.649999999999999,12.45,
-13.649999999999999,12.4875,
-13.649999999999999,12.524999999999999,
-13.649999999999999,12.5625,
-13.649999999999999,12.599999999999998,
-13.649999999999999,12.6375,
-13.649999999999999,12.675,22.448923199941046
-13.649999999999999,12.712499999999999,22.476405294053304
-13.649999999999999,12.75,22.50797359611834
-13.649999999999999,12.787499999999998,22.548888996038574
-13.649999999999999,12.825,22.580907812574914
-13.649999999999999,12.8625,22.622887668596945
-13.649999999999999,12.899999999999999,22.659993148307617
-13.649999999999999,12.9375,22.69327612012604
-13.649999999999999,12.974999999999998,22.78171624245385
-13.649999999999999,13.0125,22.815760174952764
-13.649999999999999,13.05,22.849727168602875
-13.649999999999999,13.087499999999999,22.898822314755886
-13.649999999999999,13.125,22.92694935829646
-13.649999999999999,13.162499999999998,22.962564457631697
-13.649999999999999,13.2,22.994634236439406
-13.649999999999999,13.2375,23.00799559585388
-13.649999999999999,13.274999999999999,23.001928167055656
-13.649999999999999,13.3125,23.01188969745301
-13.649999999999999,13.349999999999998,23.020180583506935
-13.649999999999999,13.3875,23.043102745110346
-13.649999999999999,13.425,23.051334875146928
-13.649999999999999,13.462499999999999,23.05663751231157
-13.649999999999999,13.5,23.017367178278068
-13.649999999999999,13.537499999999998,23.029052907529604
-13.649999999999999,13.575,23.043124729244504
-13.649999999999999,13.6125,23.139643714340117
-13.649999999999999,13.649999999999999,23.16487333855555
-13.649999999999999,13.6875,23.190920955566103
-13.649999999999999,13.724999999999998,23.22020813797326
-13.649999999999999,13.7625,23.24772072519851
-13.649999999999999,13.8,23.27305483584314
-13.649999999999999,13.837499999999999,23.30093210051519
-13.649999999999999,13.875,23.3206520685624
-13.649999999999999,13.912499999999998,23.35476156492798
-13.649999999999999,13.95,23.385740020163574
-13.649999999999999,13.9875,23.438941240900544
-13.649999999999999,14.024999999999999,23.474968961549788
-13.649999999999999,14.0625,23.510021940139662
-13.649999999999999,14.099999999999998,23.5522204929415
-13.649999999999999,14.1375,23.58626247523665
-13.649999999999999,14.175,23.626730128770113
-13.649999999999999,14.212499999999999,23.656447069152456
-13.649999999999999,14.25,23.672558317025157
-13.649999999999999,14.287499999999998,23.701516779859848
-13.649999999999999,14.325,23.72615226560374
-13.649999999999999,14.3625,23.740924474437033
-13.649999999999999,14.399999999999999,23.741687117996108
-13.649999999999999,14.4375,
-13.649999999999999,14.474999999999998,
-13.649999999999999,14.5125,
-13.649999999999999,14.55,
-13.649999999999999,14.587499999999999,
-13.649999999999999,14.625,
-13.649999999999999,14.662499999999998,
-13.649999999999999,14.7,
-13.649999999999999,14.7375,
-13.649999999999999,14.774999999999999,
-13.649999999999999,14.8125,
-13.649999999999999,14.849999999999998,
-13.649999999999999,14.8875,
-13.649999999999999,14.925,
-13.649999999999999,14.962499999999999,
-13.649999999999999,15.0,
-13.649999999999999,15.037499999999998,
-13.649999999999999,15.075,
-13.6125,12.45,
-13.6125,12.4875,
-13.6125,12.524999999999999,
-13.6125,12.5625,
-13.6125,12.599999999999998,
-13.6125,12.6375,
-13.6125,12.675,22.441781766037526
-13.6125,12.712499999999999,22.475999619518802
-13.6125,12.75,22.50526670021642
-13.6125,12.787499999999998,22.548306923459833
-13.6125,12.825,22.5802193316871
-13.6125,12.8625,22.61703990561031
-13.6125,12.899999999999999,22.702632653141755
-13.6125,12.9375,22.739267963043527
-13.6125,12.974999999999998,22.776263141153414
-13.6125,13.0125,22.811333213883238
-13.6125,13.05,22.844074791925397
-13.6125,13.087499999999999,22.88700333650901
-13.6125,13.125,22.9065066466988
-13.6125,13.162499999999998,22.93884013723235
-13.6125,13.2,22.971540183669333
-13.6125,13.2375,22.985016865503827
-13.6125,13.274999999999999,22.99569224380456
-13.6125,13.3125,23.013095974749227
-13.6125,13.349999999999998,23.022999429536014
-13.6125,13.3875,23.03748368237782
-13.6125,13.425,23.048203198748467
-13.6125,13.462499999999999,23.056073537771006
-13.6125,13.5,23.05688272941405
-13.6125,13.537499999999998,23.076528212268155
-13.6125,13.575,23.090849555273834
-13.6125,13.6125,23.11070189666675
-13.6125,13.649999999999999,23.13819363099894
-13.6125,13.6875,23.18056682728442
-13.6125,13.724999999999998,23.208746187808636
-13.6125,13.7625,23.240190987668793
-13.6125,13.8,23.26486132238481
-13.6125,13.837499999999999,23.286242942651175
-13.6125,13.875,23.310799559326096
-13.6125,13.912499999999998,23.338417148326265
-13.6125,13.95,23.37923942936607
-13.6125,13.9875,23.433985604707345
-13.6125,14.024999999999999,23.47278096792727
-13.6125,14.0625,23.51246737740681
-13.6125,14.099999999999998,23.536817010930235
-13.6125,14.1375,23.573464888871975
-13.6125,14.175,23.602584981338847
-13.6125,14.212499999999999,23.639266369680445
-13.6125,14.25,23.658801472963216
-13.6125,14.287499999999998,23.686305694984632
-13.6125,14.325,23.710143843826305
-13.6125,14.3625,23.729365274267092
-13.6125,14.399999999999999,23.7454236241133
-13.6125,14.4375,
-13.6125,14.474999999999998,
-13.6125,14.5125,
-13.6125,14.55,
-13.6125,14.587499999999999,
-13.6125,14.625,
-13.6125,14.662499999999998,
-13.6125,14.7,
-13.6125,14.7375,
-13.6125,14.774999999999999,
-13.6125,14.8125,
-13.6125,14.849999999999998,
-13.6125,14.8875,
-13.6125,14.925,
-13.6125,14.962499999999999,
-13.6125,15.0,
-13.6125,15.037499999999998,
-13.6125,15.075,
-13.575,12.45,
-13.575,12.4875,
-13.575,12.524999999999999,
-13.575,12.5625,
-13.575,12.599999999999998,
-13.575,12.6375,
-13.575,12.675,
-13.575,12.712499999999999,22.498337713660376
-13.575,12.75,22.525601968305843
-13.575,12.787499999999998,22.591503072475696
-13.575,12.825,22.627911412044746
-13.575,12.8625,22.666695670241698
-13.575,12.899999999999999,22.70301644158304
-13.575,12.9375,22.74018613545691
-13.575,12.974999999999998,22.777910194842793
-13.575,13.0125,22.80589697598103
-13.575,13.05,22.838848113142756
-13.575,13.087499999999999,22.871794563216902
-13.575,13.125,22.90554134870187
-13.575,13.162499999999998,22.94751633333168
-13.575,13.2,22.979686557383253
-13.575,13.2375,22.98932569699718
-13.575,13.274999999999999,23.00431024085016
-13.575,13.3125,23.00165000356839
-13.575,13.349999999999998,23.022820119668392
-13.575,13.3875,23.039748656780663
-13.575,13.425,23.049254350391966
-13.575,13.462499999999999,23.054554944003616
-13.575,13.5,23.054638987955894
-13.575,13.537499999999998,23.077340378725673
-13.575,13.575,23.092990923605047
-13.575,13.6125,23.107530209445567
-13.575,13.649999999999999,23.131478431533765
-13.575,13.6875,23.162028513215237
-13.575,13.724999999999998,23.192174582177472
-13.575,13.7625,23.222016675951956
-13.575,13.8,23.24593528456351
-13.575,13.837499999999999,23.26806018282464
-13.575,13.875,23.29070824609281
-13.575,13.912499999999998,23.328142178447116
-13.575,13.95,23.36005766642326
-13.575,13.9875,23.415594787382823
-13.575,14.024999999999999,23.457175233833617
-13.575,14.0625,23.500169618296624
-13.575,14.099999999999998,23.53779011285788
-13.575,14.1375,23.576487111506328
-13.575,14.175,23.609784578433146
-13.575,14.212499999999999,23.6430665236486
-13.575,14.25,23.662272423724744
-13.575,14.287499999999998,23.692097253026223
-13.575,14.325,23.717329824085006
-13.575,14.3625,23.733973565965947
-13.575,14.399999999999999,23.75085771228439
-13.575,14.4375,
-13.575,14.474999999999998,
-13.575,14.5125,
-13.575,14.55,
-13.575,14.587499999999999,
-13.575,14.625,
-13.575,14.662499999999998,
-13.575,14.7,
-13.575,14.7375,
-13.575,14.774999999999999,
-13.575,14.8125,
-13.575,14.849999999999998,
-13.575,14.8875,
-13.575,14.925,
-13.575,14.962499999999999,
-13.575,15.0,
-13.575,15.037499999999998,
-13.575,15.075,
-13.5375,12.45,
-13.5375,12.4875,
-13.5375,12.524999999999999,
-13.5375,12.5625,
-13.5375,12.599999999999998,
-13.5375,12.6375,
-13.5375,12.675,22.46157905733747
-13.5375,12.712499999999999,22.49706189970116
-13.5375,12.75,22.5284287580136
-13.5375,12.787499999999998,22.591297531649403
-13.5375,12.825,22.634244736828162
-13.5375,12.8625,22.671834019118258
-13.5375,12.899999999999999,22.696839885217877
-13.5375,12.9375,22.736907914763766
-13.5375,12.974999999999998,22.770477454723956
-13.5375,13.0125,22.804727116363626
-13.5375,13.05,22.834233788329087
-13.5375,13.087499999999999,22.87569452709319
-13.5375,13.125,22.909816244740455
-13.5375,13.162499999999998,22.956492916102757
-13.5375,13.2,22.99256054780109
-13.5375,13.2375,23.002263409921742
-13.5375,13.274999999999999,23.009997024515066
-13.5375,13.3125,23.004763156780204
-13.5375,13.349999999999998,23.01693254635443
-13.5375,13.3875,23.040237039758573
-13.5375,13.425,23.04998612326225
-13.5375,13.462499999999999,23.05348217735154
-13.5375,13.5,23.061618422338167
-13.5375,13.537499999999998,23.076631142045343
-13.5375,13.575,23.092607948136003
-13.5375,13.6125,23.104290719295065
-13.5375,13.649999999999999,23.128447884200128
-13.5375,13.6875,23.15603262376513
-13.5375,13.724999999999998,23.18885777149404
-13.5375,13.7625,23.217096202992316
-13.5375,13.8,23.23938273719204
-13.5375,13.837499999999999,23.26285428884572
-13.5375,13.875,23.29362499463859
-13.5375,13.912499999999998,23.331036205319826
-13.5375,13.95,23.39759410011703
-13.5375,13.9875,23.434833459177387
-13.5375,14.024999999999999,23.4760295066312
-13.5375,14.0625,23.502920317622657
-13.5375,14.099999999999998,23.542962509059564
-13.5375,14.1375,23.583138664500797
-13.5375,14.175,23.61770839870512
-13.5375,14.212499999999999,23.65309385472383
-13.5375,14.25,23.67112009314786
-13.5375,14.287499999999998,23.69917958698464
-13.5375,14.325,23.72408501301218
-13.5375,14.3625,23.74255067786161
-13.5375,14.399999999999999,23.759393144514195
-13.5375,14.4375,
-13.5375,14.474999999999998,
-13.5375,14.5125,
-13.5375,14.55,
-13.5375,14.587499999999999,
-13.5375,14.625,
-13.5375,14.662499999999998,
-13.5375,14.7,
-13.5375,14.7375,
-13.5375,14.774999999999999,
-13.5375,14.8125,
-13.5375,14.849999999999998,
-13.5375,14.8875,
-13.5375,14.925,
-13.5375,14.962499999999999,
-13.5375,15.0,
-13.5375,15.037499999999998,
-13.5375,15.075,
-13.5,12.45,
-13.5,12.4875,
-13.5,12.524999999999999,
-13.5,12.5625,
-13.5,12.599999999999998,
-13.5,12.6375,
-13.5,12.675,
-13.5,12.712499999999999,22.48661888247744
-13.5,12.75,22.519169953648127
-13.5,12.787499999999998,22.555438000973293
-13.5,12.825,22.626092249065074
-13.5,12.8625,22.662020488480856
-13.5,12.899999999999999,22.690516633556488
-13.5,12.9375,22.7254667864639
-13.5,12.974999999999998,22.761562853948043
-13.5,13.0125,22.804866977332093
-13.5,13.05,22.83817641300054
-13.5,13.087499999999999,22.874952847067117
-13.5,13.125,22.916265688205403
-13.5,13.162499999999998,22.95792542425117
-13.5,13.2,22.992790510777073
-13.5,13.2375,23.0037589522337
-13.5,13.274999999999999,23.01099754038404
-13.5,13.3125,23.005079149600537
-13.5,13.349999999999998,23.022372892035182
-13.5,13.3875,23.037476262784473
-13.5,13.425,23.051131154637666
-13.5,13.462499999999999,23.059573113723168
-13.5,13.5,23.067688555602082
-13.5,13.537499999999998,23.078706478509144
-13.5,13.575,23.093355240864444
-13.5,13.6125,23.102544986674715
-13.5,13.649999999999999,23.13362926065207
-13.5,13.6875,23.160571763543256
-13.5,13.724999999999998,23.189319392090432
-13.5,13.7625,23.21980788868677
-13.5,13.8,23.238854535675554
-13.5,13.837499999999999,23.26490742337011
-13.5,13.875,23.291497990108713
-13.5,13.912499999999998,23.353895674619213
-13.5,13.95,23.39253136198469
-13.5,13.9875,23.438830905297337
-13.5,14.024999999999999,23.480280382231367
-13.5,14.0625,23.52143516106812
-13.5,14.099999999999998,23.562261314877137
-13.5,14.1375,23.590330227264943
-13.5,14.175,23.62694412886571
-13.5,14.212499999999999,23.662489536511284
-13.5,14.25,23.661431301095053
-13.5,14.287499999999998,23.68658878194315
-13.5,14.325,23.710774652215687
-13.5,14.3625,23.73088884469725
-13.5,14.399999999999999,23.74803708555935
-13.5,14.4375,
-13.5,14.474999999999998,
-13.5,14.5125,
-13.5,14.55,
-13.5,14.587499999999999,
-13.5,14.625,
-13.5,14.662499999999998,
-13.5,14.7,
-13.5,14.7375,
-13.5,14.774999999999999,
-13.5,14.8125,
-13.5,14.849999999999998,
-13.5,14.8875,
-13.5,14.925,
-13.5,14.962499999999999,
-13.5,15.0,
-13.5,15.037499999999998,
-13.5,15.075,
-13.462499999999999,12.45,
-13.462499999999999,12.4875,
-13.462499999999999,12.524999999999999,
-13.462499999999999,12.5625,
-13.462499999999999,12.599999999999998,
-13.462499999999999,12.6375,
-13.462499999999999,12.675,22.44863434172689
-13.462499999999999,12.712499999999999,22.480836100433308
-13.462499999999999,12.75,22.515449814245894
-13.462499999999999,12.787499999999998,22.55153580511556
-13.462499999999999,12.825,22.593119861241536
-13.462499999999999,12.8625,22.659517495230737
-13.462499999999999,12.899999999999999,22.69646902552431
-13.462499999999999,12.9375,22.746171890663
-13.462499999999999,12.974999999999998,22.784902107712785
-13.462499999999999,13.0125,22.81786403359663
-13.462499999999999,13.05,22.84364895618737
-13.462499999999999,13.087499999999999,22.875974732946418
-13.462499999999999,13.125,22.92378974443433
-13.462499999999999,13.162499999999998,22.958052852520666
-13.462499999999999,13.2,22.987971431104857
-13.462499999999999,13.2375,23.00599039562491
-13.462499999999999,13.274999999999999,23.013035701851784
-13.462499999999999,13.3125,23.010731909142603
-13.462499999999999,13.349999999999998,23.020554232591323
-13.462499999999999,13.3875,23.02935537090667
-13.462499999999999,13.425,23.046316464591186
-13.462499999999999,13.462499999999999,23.062787427413515
-13.462499999999999,13.5,23.06740331917318
-13.462499999999999,13.537499999999998,23.079353375653604
-13.462499999999999,13.575,23.08808713114469
-13.462499999999999,13.6125,23.103123839450486
-13.462499999999999,13.649999999999999,23.121730602421326
-13.462499999999999,13.6875,23.155608610431383
-13.462499999999999,13.724999999999998,23.18580977800228
-13.462499999999999,13.7625,23.215846853515345
-13.462499999999999,13.8,23.23867570746013
-13.462499999999999,13.837499999999999,23.266087311577387
-13.462499999999999,13.875,23.29045573787736
-13.462499999999999,13.912499999999998,23.354558705830396
-13.462499999999999,13.95,23.386971160619886
-13.462499999999999,13.9875,23.425719017105482
-13.462499999999999,14.024999999999999,23.47233247917277
-13.462499999999999,14.0625,23.518573391502844
-13.462499999999999,14.099999999999998,23.558086682052828
-13.462499999999999,14.1375,23.595861564990333
-13.462499999999999,14.175,23.629553037150867
-13.462499999999999,14.212499999999999,23.63224834380703
-13.462499999999999,14.25,23.650154568143407
-13.462499999999999,14.287499999999998,23.681582215413734
-13.462499999999999,14.325,23.706477296526433
-13.462499999999999,14.3625,23.72163331364895
-13.462499999999999,14.399999999999999,23.741555342286414
-13.462499999999999,14.4375,23.754668088184182
-13.462499999999999,14.474999999999998,
-13.462499999999999,14.5125,
-13.462499999999999,14.55,
-13.462499999999999,14.587499999999999,
-13.462499999999999,14.625,
-13.462499999999999,14.662499999999998,
-13.462499999999999,14.7,
-13.462499999999999,14.7375,
-13.462499999999999,14.774999999999999,
-13.462499999999999,14.8125,
-13.462499999999999,14.849999999999998,
-13.462499999999999,14.8875,
-13.462499999999999,14.925,
-13.462499999999999,14.962499999999999,
-13.462499999999999,15.0,
-13.462499999999999,15.037499999999998,
-13.462499999999999,15.075,
-13.425,12.45,
-13.425,12.4875,
-13.425,12.524999999999999,
-13.425,12.5625,
-13.425,12.599999999999998,
-13.425,12.6375,
-13.425,12.675,22.44658790388248
-13.425,12.712499999999999,22.48665346997692
-13.425,12.75,22.531856031055668
-13.425,12.787499999999998,22.561746337223113
-13.425,12.825,22.602731665938812
-13.425,12.8625,22.645174612645906
-13.425,12.899999999999999,22.71246048170293
-13.425,12.9375,22.75325502883527
-13.425,12.974999999999998,22.79226170984593
-13.425,13.0125,22.81610788099058
-13.425,13.05,22.846644944067744
-13.425,13.087499999999999,22.883154211245422
-13.425,13.125,22.92596268412594
-13.425,13.162499999999998,22.957363281952702
-13.425,13.2,22.995238009938912
-13.425,13.2375,23.008917668470023
-13.425,13.274999999999999,23.009209968538187
-13.425,13.3125,23.010613161982324
-13.425,13.349999999999998,23.01624580131524
-13.425,13.3875,23.030693284765427
-13.425,13.425,23.04643311771631
-13.425,13.462499999999999,23.061938782662345
-13.425,13.5,23.071012841229823
-13.425,13.537499999999998,23.07930476065298
-13.425,13.575,23.08670002245942
-13.425,13.6125,23.10735902378813
-13.425,13.649999999999999,23.127646914665647
-13.425,13.6875,23.145428486220123
-13.425,13.724999999999998,23.179196634753794
-13.425,13.7625,23.2139257310978
-13.425,13.8,23.237728422853095
-13.425,13.837499999999999,23.260343648353302
-13.425,13.875,23.321708237220584
-13.425,13.912499999999998,23.35098557140413
-13.425,13.95,23.39234215252574
-13.425,13.9875,23.42106981006247
-13.425,14.024999999999999,23.463893533932303
-13.425,14.0625,23.506418230730272
-13.425,14.099999999999998,23.545134243338165
-13.425,14.1375,23.583340645610853
-13.425,14.175,23.594294792833146
-13.425,14.212499999999999,23.627413017509358
-13.425,14.25,23.662612252934345
-13.425,14.287499999999998,23.668980659542584
-13.425,14.325,23.693828115336125
-13.425,14.3625,23.715538209156815
-13.425,14.399999999999999,23.733476147963742
-13.425,14.4375,23.752708162887696
-13.425,14.474999999999998,
-13.425,14.5125,
-13.425,14.55,
-13.425,14.587499999999999,
-13.425,14.625,
-13.425,14.662499999999998,
-13.425,14.7,
-13.425,14.7375,
-13.425,14.774999999999999,
-13.425,14.8125,
-13.425,14.849999999999998,
-13.425,14.8875,
-13.425,14.925,
-13.425,14.962499999999999,
-13.425,15.0,
-13.425,15.037499999999998,
-13.425,15.075,
-13.3875,12.45,
-13.3875,12.4875,
-13.3875,12.524999999999999,
-13.3875,12.5625,
-13.3875,12.599999999999998,
-13.3875,12.6375,
-13.3875,12.675,22.446209143252563
-13.3875,12.712499999999999,22.492337588963185
-13.3875,12.75,22.53732461689048
-13.3875,12.787499999999998,22.572290899129033
-13.3875,12.825,22.60409428551626
-13.3875,12.8625,22.65634062584092
-13.3875,12.899999999999999,22.724847709422367
-13.3875,12.9375,22.7622092419204
-13.3875,12.974999999999998,22.79117032940495
-13.3875,13.0125,22.828819713668413
-13.3875,13.05,22.852612469632994
-13.3875,13.087499999999999,22.887158630844436
-13.3875,13.125,22.924355223475015
-13.3875,13.162499999999998,22.96168129085093
-13.3875,13.2,22.98438934084148
-13.3875,13.2375,22.99204685287883
-13.3875,13.274999999999999,22.999912629393332
-13.3875,13.3125,23.008104068674925
-13.3875,13.349999999999998,23.018745639743436
-13.3875,13.3875,23.02906566204928
-13.3875,13.425,23.050341378267447
-13.3875,13.462499999999999,23.062016274665005
-13.3875,13.5,23.065560458276234
-13.3875,13.537499999999998,23.07510003111636
-13.3875,13.575,23.085633516812145
-13.3875,13.6125,23.082894305065867
-13.3875,13.649999999999999,23.098042383964685
-13.3875,13.6875,23.138283149994116
-13.3875,13.724999999999998,23.17157914957672
-13.3875,13.7625,23.205307540987228
-13.3875,13.8,23.22802517507322
-13.3875,13.837499999999999,23.25714518809608
-13.3875,13.875,23.316060719437655
-13.3875,13.912499999999998,23.343899510734953
-13.3875,13.95,23.387202033674125
-13.3875,13.9875,23.42239536404585
-13.3875,14.024999999999999,23.45546424396523
-13.3875,14.0625,23.496518019077183
-13.3875,14.099999999999998,23.54088403520639
-13.3875,14.1375,23.5565884744581
-13.3875,14.175,23.5894397511113
-13.3875,14.212499999999999,23.625069788610425
-13.3875,14.25,23.65703743151424
-13.3875,14.287499999999998,23.66015352975857
-13.3875,14.325,23.685813887044862
-13.3875,14.3625,23.703290133610434
-13.3875,14.399999999999999,23.722002678179486
-13.3875,14.4375,23.742587442955163
-13.3875,14.474999999999998,23.763665788919898
-13.3875,14.5125,
-13.3875,14.55,
-13.3875,14.587499999999999,
-13.3875,14.625,
-13.3875,14.662499999999998,
-13.3875,14.7,
-13.3875,14.7375,
-13.3875,14.774999999999999,
-13.3875,14.8125,
-13.3875,14.849999999999998,
-13.3875,14.8875,
-13.3875,14.925,
-13.3875,14.962499999999999,
-13.3875,15.0,
-13.3875,15.037499999999998,
-13.3875,15.075,
-13.35,12.45,
-13.35,12.4875,
-13.35,12.524999999999999,
-13.35,12.5625,
-13.35,12.599999999999998,
-13.35,12.6375,
-13.35,12.675,
-13.35,12.712499999999999,22.506349457045033
-13.35,12.75,22.539879603622104
-13.35,12.787499999999998,22.575695838284563
-13.35,12.825,22.607792004461544
-13.35,12.8625,22.65857044079634
-13.35,12.899999999999999,22.69665933887521
-13.35,12.9375,22.763733703481755
-13.35,12.974999999999998,22.79980477722576
-13.35,13.0125,22.824305513091375
-13.35,13.05,22.84913297324633
-13.35,13.087499999999999,22.881846815372814
-13.35,13.125,22.91161541412271
-13.35,13.162499999999998,22.951082691687468
-13.35,13.2,22.98122938482039
-13.35,13.2375,22.986820286684466
-13.35,13.274999999999999,23.000767448943176
-13.35,13.3125,23.013761839774688
-13.35,13.349999999999998,23.01358893521864
-13.35,13.3875,23.024242869839977
-13.35,13.425,23.037468093596647
-13.35,13.462499999999999,23.033328662588623
-13.35,13.5,23.037055137970288
-13.35,13.537499999999998,23.050562436174094
-13.35,13.575,23.06330437789507
-13.35,13.6125,23.077500540368785
-13.35,13.649999999999999,23.0935873946205
-13.35,13.6875,23.13559192414781
-13.35,13.724999999999998,23.161248826228885
-13.35,13.7625,23.194632587317752
-13.35,13.8,23.22048436870297
-13.35,13.837499999999999,23.249761090270862
-13.35,13.875,23.286570991089153
-13.35,13.912499999999998,23.321899496558885
-13.35,13.95,23.37784081801238
-13.35,13.9875,23.410983815358613
-13.35,14.024999999999999,23.446930647410486
-13.35,14.0625,23.480423567278386
-13.35,14.099999999999998,23.503547365859017
-13.35,14.1375,23.545690771896762
-13.35,14.175,23.579263295894258
-13.35,14.212499999999999,23.609498916929184
-13.35,14.25,23.639998182751206
-13.35,14.287499999999998,23.668326287010252
-13.35,14.325,23.675701799399274
-13.35,14.3625,23.695028877563225
-13.35,14.399999999999999,23.71730632840636
-13.35,14.4375,23.734797755702104
-13.35,14.474999999999998,23.752996482285024
-13.35,14.5125,23.767305787314648
-13.35,14.55,
-13.35,14.587499999999999,
-13.35,14.625,
-13.35,14.662499999999998,
-13.35,14.7,
-13.35,14.7375,
-13.35,14.774999999999999,
-13.35,14.8125,
-13.35,14.849999999999998,
-13.35,14.8875,
-13.35,14.925,
-13.35,14.962499999999999,
-13.35,15.0,
-13.35,15.037499999999998,
-13.35,15.075,
-13.3125,12.45,
-13.3125,12.4875,
-13.3125,12.524999999999999,
-13.3125,12.5625,
-13.3125,12.599999999999998,
-13.3125,12.6375,
-13.3125,12.675,22.450217273181565
-13.3125,12.712499999999999,22.50585673481874
-13.3125,12.75,22.55272500761745
-13.3125,12.787499999999998,22.58068974117416
-13.3125,12.825,22.61284217914992
-13.3125,12.8625,22.652011094539322
-13.3125,12.899999999999999,22.687065767547324
-13.3125,12.9375,22.720551434057654
-13.3125,12.974999999999998,22.793159326890752
-13.3125,13.0125,22.808237051955754
-13.3125,13.05,22.840145230802378
-13.3125,13.087499999999999,22.872982100478442
-13.3125,13.125,22.909122096906614
-13.3125,13.162499999999998,22.9415688364286
-13.3125,13.2,22.975747341432264
-13.3125,13.2375,22.98699453371857
-13.3125,13.274999999999999,23.012058773482273
-13.3125,13.3125,22.996935879718194
-13.3125,13.349999999999998,23.003071751064876
-13.3125,13.3875,23.016832675366548
-13.3125,13.425,23.012114256608122
-13.3125,13.462499999999999,23.02061469326576
-13.3125,13.5,23.03821220264499
-13.3125,13.537499999999998,23.046257430492396
-13.3125,13.575,23.056890034109344
-13.3125,13.6125,23.070035933640376
-13.3125,13.649999999999999,23.104132524226134
-13.3125,13.6875,23.127575311236384
-13.3125,13.724999999999998,23.154240268346033
-13.3125,13.7625,23.184786858146133
-13.3125,13.8,23.211534656385894
-13.3125,13.837499999999999,23.239069792172245
-13.3125,13.875,23.276893505912895
-13.3125,13.912499999999998,23.309641193651032
-13.3125,13.95,23.34725923545543
-13.3125,13.9875,23.382136070871095
-13.3125,14.024999999999999,23.431292922559518
-13.3125,14.0625,23.455564659446065
-13.3125,14.099999999999998,23.483853128465707
-13.3125,14.1375,23.52789628110739
-13.3125,14.175,23.561648761724932
-13.3125,14.212499999999999,23.595250514974516
-13.3125,14.25,23.628544670787416
-13.3125,14.287499999999998,23.654191282153285
-13.3125,14.325,23.66331694096353
-13.3125,14.3625,23.68281101107722
-13.3125,14.399999999999999,23.70706454871929
-13.3125,14.4375,23.724468482414895
-13.3125,14.474999999999998,23.741693220054735
-13.3125,14.5125,23.75830770804386
-13.3125,14.55,23.777043240573775
-13.3125,14.587499999999999,
-13.3125,14.625,
-13.3125,14.662499999999998,
-13.3125,14.7,
-13.3125,14.7375,
-13.3125,14.774999999999999,
-13.3125,14.8125,
-13.3125,14.849999999999998,
-13.3125,14.8875,
-13.3125,14.925,
-13.3125,14.962499999999999,
-13.3125,15.0,
-13.3125,15.037499999999998,
-13.3125,15.075,
-13.274999999999999,12.45,
-13.274999999999999,12.4875,
-13.274999999999999,12.524999999999999,
-13.274999999999999,12.5625,
-13.274999999999999,12.599999999999998,
-13.274999999999999,12.6375,
-13.274999999999999,12.675,22.443394877139227
-13.274999999999999,12.712499999999999,22.48896642532321
-13.274999999999999,12.75,22.52968594880613
-13.274999999999999,12.787499999999998,22.57132155285659
-13.274999999999999,12.825,22.606469620739713
-13.274999999999999,12.8625,22.639311672391567
-13.274999999999999,12.899999999999999,22.67924554731031
-13.274999999999999,12.9375,22.707489284093857
-13.274999999999999,12.974999999999998,22.7394469276734
-13.274999999999999,13.0125,22.802168859633785
-13.274999999999999,13.05,22.847206462960383
-13.274999999999999,13.087499999999999,22.87705769067103
-13.274999999999999,13.125,22.91329136803142
-13.274999999999999,13.162499999999998,22.92910919945888
-13.274999999999999,13.2,22.965166924303908
-13.274999999999999,13.2375,22.976761789669478
-13.274999999999999,13.274999999999999,22.99424168358539
-13.274999999999999,13.3125,22.993173409870757
-13.274999999999999,13.349999999999998,23.00853798330306
-13.274999999999999,13.3875,23.01742537464791
-13.274999999999999,13.425,23.008543384047996
-13.274999999999999,13.462499999999999,23.01331702339166
-13.274999999999999,13.5,23.034716265289823
-13.274999999999999,13.537499999999998,23.04016924573309
-13.274999999999999,13.575,23.041976468780025
-13.274999999999999,13.6125,23.06071546629791
-13.274999999999999,13.649999999999999,23.095896931542086
-13.274999999999999,13.6875,23.117056341519568
-13.274999999999999,13.724999999999998,23.14634951108717
-13.274999999999999,13.7625,23.176207094843903
-13.274999999999999,13.8,23.198205947803384
-13.274999999999999,13.837499999999999,23.224921262833295
-13.274999999999999,13.875,23.26260625977994
-13.274999999999999,13.912499999999998,23.29566681615967
-13.274999999999999,13.95,23.32970791222078
-13.274999999999999,13.9875,23.36110336630681
-13.274999999999999,14.024999999999999,23.395815264582936
-13.274999999999999,14.0625,23.436639319904877
-13.274999999999999,14.099999999999998,23.46714561368894
-13.274999999999999,14.1375,23.500664607488147
-13.274999999999999,14.175,23.543911688813175
-13.274999999999999,14.212499999999999,23.578756501432796
-13.274999999999999,14.25,23.609245111846892
-13.274999999999999,14.287499999999998,23.64099495903647
-13.274999999999999,14.325,23.66617613276461
-13.274999999999999,14.3625,23.690441001794262
-13.274999999999999,14.399999999999999,23.709203029184458
-13.274999999999999,14.4375,23.727720476957675
-13.274999999999999,14.474999999999998,23.72680523287764
-13.274999999999999,14.5125,23.74428197284032
-13.274999999999999,14.55,23.763666253848093
-13.274999999999999,14.587499999999999,23.78335368361293
-13.274999999999999,14.625,
-13.274999999999999,14.662499999999998,
-13.274999999999999,14.7,
-13.274999999999999,14.7375,
-13.274999999999999,14.774999999999999,
-13.274999999999999,14.8125,
-13.274999999999999,14.849999999999998,
-13.274999999999999,14.8875,
-13.274999999999999,14.925,
-13.274999999999999,14.962499999999999,
-13.274999999999999,15.0,
-13.274999999999999,15.037499999999998,
-13.274999999999999,15.075,
-13.2375,12.45,
-13.2375,12.4875,
-13.2375,12.524999999999999,
-13.2375,12.5625,
-13.2375,12.599999999999998,
-13.2375,12.6375,
-13.2375,12.675,22.441424436833298
-13.2375,12.712499999999999,22.47650946839092
-13.2375,12.75,22.52596507682487
-13.2375,12.787499999999998,22.56838812200912
-13.2375,12.825,22.60248248991189
-13.2375,12.8625,22.64325293205812
-13.2375,12.899999999999999,22.671477436432177
-13.2375,12.9375,22.708517262718868
-13.2375,12.974999999999998,22.71762772599893
-13.2375,13.0125,
-13.2375,13.05,22.825955015589862
-13.2375,13.087499999999999,22.873502745334168
-13.2375,13.125,22.901814610751355
-13.2375,13.162499999999998,22.933115792520486
-13.2375,13.2,22.970484505312296
-13.2375,13.2375,22.970194453030338
-13.2375,13.274999999999999,22.985884428013982
-13.2375,13.3125,22.9927793294683
-13.2375,13.349999999999998,22.999979947835524
-13.2375,13.3875,22.99814268662045
-13.2375,13.425,22.99412244757317
-13.2375,13.462499999999999,23.004448106055882
-13.2375,13.5,23.022826602837736
-13.2375,13.537499999999998,23.022349828714916
-13.2375,13.575,23.024850442272943
-13.2375,13.6125,23.062534326357724
-13.2375,13.649999999999999,23.080245661593423
-13.2375,13.6875,23.1066009479614
-13.2375,13.724999999999998,23.132330528091433
-13.2375,13.7625,23.162486761360856
-13.2375,13.8,23.18596221058486
-13.2375,13.837499999999999,23.211534876873326
-13.2375,13.875,23.246529689145056
-13.2375,13.912499999999998,23.276840860057767
-13.2375,13.95,23.30830532458789
-13.2375,13.9875,23.34341740358648
-13.2375,14.024999999999999,23.376537403361294
-13.2375,14.0625,23.41988878612158
-13.2375,14.099999999999998,23.454313819189686
-13.2375,14.1375,23.48817267943057
-13.2375,14.175,23.520124202010418
-13.2375,14.212499999999999,23.561967055608644
-13.2375,14.25,23.591779136004494
-13.2375,14.287499999999998,23.620887018475614
-13.2375,14.325,23.649444903961204
-13.2375,14.3625,23.673355715927986
-13.2375,14.399999999999999,23.6923751617521
-13.2375,14.4375,23.7109033094264
-13.2375,14.474999999999998,23.729255242586117
-13.2375,14.5125,23.747549728676102
-13.2375,14.55,23.7649597614378
-13.2375,14.587499999999999,23.765195330540966
-13.2375,14.625,
-13.2375,14.662499999999998,
-13.2375,14.7,
-13.2375,14.7375,
-13.2375,14.774999999999999,
-13.2375,14.8125,
-13.2375,14.849999999999998,
-13.2375,14.8875,
-13.2375,14.925,
-13.2375,14.962499999999999,
-13.2375,15.0,
-13.2375,15.037499999999998,
-13.2375,15.075,
-13.2,12.45,
-13.2,12.4875,
-13.2,12.524999999999999,
-13.2,12.5625,
-13.2,12.599999999999998,
-13.2,12.6375,
-13.2,12.675,22.44465384092858
-13.2,12.712499999999999,22.483545952308695
-13.2,12.75,22.524660878591373
-13.2,12.787499999999998,22.557380819407506
-13.2,12.825,22.58788531623771
-13.2,12.8625,22.6195278827558
-13.2,12.899999999999999,22.652869306674873
-13.2,12.9375,22.689360954741183
-13.2,12.974999999999998,22.70891194028135
-13.2,13.0125,
-13.2,13.05,
-13.2,13.087499999999999,22.87253826345044
-13.2,13.125,22.90334553981866
-13.2,13.162499999999998,22.929607091373068
-13.2,13.2,22.97384541981068
-13.2,13.2375,22.96969783773648
-13.2,13.274999999999999,22.979209033286008
-13.2,13.3125,22.987508729793216
-13.2,13.349999999999998,22.98362116580803
-13.2,13.3875,22.99848293478594
-13.2,13.425,22.994492112796532
-13.2,13.462499999999999,22.990583380775988
-13.2,13.5,22.99565343877397
-13.2,13.537499999999998,23.00412816779542
-13.2,13.575,23.01341670730862
-13.2,13.6125,23.04041129008102
-13.2,13.649999999999999,23.059911893477725
-13.2,13.6875,23.085014064226137
-13.2,13.724999999999998,23.114375433983476
-13.2,13.7625,23.147049899382825
-13.2,13.8,23.172474484269006
-13.2,13.837499999999999,23.197560581803106
-13.2,13.875,23.229299769502365
-13.2,13.912499999999998,23.260451856217603
-13.2,13.95,23.29164035015934
-13.2,13.9875,23.323444890805224
-13.2,14.024999999999999,23.358998660981673
-13.2,14.0625,23.396340102451667
-13.2,14.099999999999998,23.43679072442509
-13.2,14.1375,23.470743523968974
-13.2,14.175,23.49909234001425
-13.2,14.212499999999999,23.537459251081064
-13.2,14.25,23.571788474981666
-13.2,14.287499999999998,23.60741688117803
-13.2,14.325,23.63033802409124
-13.2,14.3625,23.65499956308746
-13.2,14.399999999999999,23.677145533018333
-13.2,14.4375,23.695359239868594
-13.2,14.474999999999998,23.71232190798099
-13.2,14.5125,23.72800101995659
-13.2,14.55,23.74764705407062
-13.2,14.587499999999999,23.770810599038736
-13.2,14.625,
-13.2,14.662499999999998,
-13.2,14.7,
-13.2,14.7375,
-13.2,14.774999999999999,
-13.2,14.8125,
-13.2,14.849999999999998,
-13.2,14.8875,
-13.2,14.925,
-13.2,14.962499999999999,
-13.2,15.0,
-13.2,15.037499999999998,
-13.2,15.075,
-13.1625,12.45,
-13.1625,12.4875,
-13.1625,12.524999999999999,
-13.1625,12.5625,
-13.1625,12.599999999999998,
-13.1625,12.6375,22.401014064657502
-13.1625,12.675,22.434974194315277
-13.1625,12.712499999999999,22.47826445453709
-13.1625,12.75,22.512908356384166
-13.1625,12.787499999999998,22.532339719994102
-13.1625,12.825,22.564766515760827
-13.1625,12.8625,22.603365729956433
-13.1625,12.899999999999999,22.64020704021269
-13.1625,12.9375,22.667745542831092
-13.1625,12.974999999999998,
-13.1625,13.0125,
-13.1625,13.05,
-13.1625,13.087499999999999,22.86103072024956
-13.1625,13.125,22.903734522069563
-13.1625,13.162499999999998,22.93567375802367
-13.1625,13.2,22.970709078840063
-13.1625,13.2375,22.970991940306018
-13.1625,13.274999999999999,22.977985377276237
-13.1625,13.3125,22.979503847175433
-13.1625,13.349999999999998,22.98681854460471
-13.1625,13.3875,22.9916754348333
-13.1625,13.425,22.997175266242287
-13.1625,13.462499999999999,22.98784132190526
-13.1625,13.5,22.99341277451995
-13.1625,13.537499999999998,23.007943418287798
-13.1625,13.575,23.009856118864455
-13.1625,13.6125,23.045181953379036
-13.1625,13.649999999999999,23.05800143222147
-13.1625,13.6875,23.076186083331518
-13.1625,13.724999999999998,23.103670441306523
-13.1625,13.7625,23.128260215249473
-13.1625,13.8,23.158256454244743
-13.1625,13.837499999999999,23.177445260782058
-13.1625,13.875,23.206962737216482
-13.1625,13.912499999999998,23.23808434001349
-13.1625,13.95,23.2758531426262
-13.1625,13.9875,23.308728792770335
-13.1625,14.024999999999999,23.34342907452716
-13.1625,14.0625,23.380254250595225
-13.1625,14.099999999999998,23.422254747714124
-13.1625,14.1375,23.455783860236224
-13.1625,14.175,23.493410542671775
-13.1625,14.212499999999999,23.52948671991401
-13.1625,14.25,23.557083879438316
-13.1625,14.287499999999998,23.583069011088998
-13.1625,14.325,23.609864727832534
-13.1625,14.3625,23.635745005797535
-13.1625,14.399999999999999,23.659208618347307
-13.1625,14.4375,23.67836713755018
-13.1625,14.474999999999998,23.69872718941678
-13.1625,14.5125,23.717762428129564
-13.1625,14.55,23.73622008502489
-13.1625,14.587499999999999,23.760692298225482
-13.1625,14.625,
-13.1625,14.662499999999998,
-13.1625,14.7,
-13.1625,14.7375,
-13.1625,14.774999999999999,
-13.1625,14.8125,
-13.1625,14.849999999999998,
-13.1625,14.8875,
-13.1625,14.925,
-13.1625,14.962499999999999,
-13.1625,15.0,
-13.1625,15.037499999999998,
-13.1625,15.075,
-13.125,12.45,
-13.125,12.4875,
-13.125,12.524999999999999,
-13.125,12.5625,
-13.125,12.599999999999998,
-13.125,12.6375,
-13.125,12.675,
-13.125,12.712499999999999,22.479505545037895
-13.125,12.75,22.50941433876951
-13.125,12.787499999999998,22.53273656809348
-13.125,12.825,22.572220811445384
-13.125,12.8625,
-13.125,12.899999999999999,
-13.125,12.9375,
-13.125,12.974999999999998,
-13.125,13.0125,
-13.125,13.05,
-13.125,13.087499999999999,22.816511270932565
-13.125,13.125,22.909591671598637
-13.125,13.162499999999998,22.940419166933484
-13.125,13.2,22.967013998009048
-13.125,13.2375,22.9690788764673
-13.125,13.274999999999999,22.977516637286787
-13.125,13.3125,22.976236509726146
-13.125,13.349999999999998,22.977748924842402
-13.125,13.3875,22.984211566656242
-13.125,13.425,22.98079456189439
-13.125,13.462499999999999,22.977207163042998
-13.125,13.5,22.990241141479395
-13.125,13.537499999999998,23.00877655644673
-13.125,13.575,23.030086945555873
-13.125,13.6125,23.038613975333398
-13.125,13.649999999999999,23.06393241887695
-13.125,13.6875,23.08675636822553
-13.125,13.724999999999998,23.10674425806179
-13.125,13.7625,23.120693324609253
-13.125,13.8,23.141166445334466
-13.125,13.837499999999999,23.16074388980557
-13.125,13.875,23.184702910994687
-13.125,13.912499999999998,23.22035365611813
-13.125,13.95,23.254876662476583
-13.125,13.9875,23.293625768155113
-13.125,14.024999999999999,23.332695103854803
-13.125,14.0625,23.370340102387164
-13.125,14.099999999999998,23.415183756032125
-13.125,14.1375,23.45176270664905
-13.125,14.175,23.480998769868165
-13.125,14.212499999999999,23.523606414550628
-13.125,14.25,23.54606935676953
-13.125,14.287499999999998,23.57878259258213
-13.125,14.325,23.605049013636872
-13.125,14.3625,23.629677037487802
-13.125,14.399999999999999,23.653060369732565
-13.125,14.4375,23.67106614857787
-13.125,14.474999999999998,23.689157648078645
-13.125,14.5125,23.707022824157733
-13.125,14.55,23.728565306054804
-13.125,14.587499999999999,23.75042990673314
-13.125,14.625,
-13.125,14.662499999999998,
-13.125,14.7,
-13.125,14.7375,
-13.125,14.774999999999999,
-13.125,14.8125,
-13.125,14.849999999999998,
-13.125,14.8875,
-13.125,14.925,
-13.125,14.962499999999999,
-13.125,15.0,
-13.125,15.037499999999998,
-13.125,15.075,
-13.087499999999999,12.45,
-13.087499999999999,12.4875,
-13.087499999999999,12.524999999999999,
-13.087499999999999,12.5625,
-13.087499999999999,12.599999999999998,
-13.087499999999999,12.6375,
-13.087499999999999,12.675,
-13.087499999999999,12.712499999999999,
-13.087499999999999,12.75,
-13.087499999999999,12.787499999999998,
-13.087499999999999,12.825,
-13.087499999999999,12.8625,
-13.087499999999999,12.899999999999999,
-13.087499999999999,12.9375,
-13.087499999999999,12.974999999999998,
-13.087499999999999,13.0125,
-13.087499999999999,13.05,22.839269046662324
-13.087499999999999,13.087499999999999,22.881015140375197
-13.087499999999999,13.125,22.921402333617255
-13.087499999999999,13.162499999999998,22.96153701560284
-13.087499999999999,13.2,22.985926941396123
-13.087499999999999,13.2375,22.98416276997552
-13.087499999999999,13.274999999999999,22.988267581674677
-13.087499999999999,13.3125,22.989628185268714
-13.087499999999999,13.349999999999998,22.98762003022211
-13.087499999999999,13.3875,22.985419070393203
-13.087499999999999,13.425,22.98423482426639
-13.087499999999999,13.462499999999999,22.989916625795715
-13.087499999999999,13.5,23.009134696187857
-13.087499999999999,13.537499999999998,23.023409556902713
-13.087499999999999,13.575,23.03717587667023
-13.087499999999999,13.6125,23.043504612381014
-13.087499999999999,13.649999999999999,23.058943269270156
-13.087499999999999,13.6875,23.086675769629057
-13.087499999999999,13.724999999999998,23.102441354274124
-13.087499999999999,13.7625,23.126494870155966
-13.087499999999999,13.8,23.13146941812529
-13.087499999999999,13.837499999999999,23.158082520323752
-13.087499999999999,13.875,23.183564738533537
-13.087499999999999,13.912499999999998,23.21920344626636
-13.087499999999999,13.95,23.249396927966608
-13.087499999999999,13.9875,23.28148427509654
-13.087499999999999,14.024999999999999,23.32457067302374
-13.087499999999999,14.0625,23.37090193010158
-13.087499999999999,14.099999999999998,23.409640089952237
-13.087499999999999,14.1375,23.44774870460702
-13.087499999999999,14.175,23.476833036596144
-13.087499999999999,14.212499999999999,23.51935449572463
-13.087499999999999,14.25,23.54288331231675
-13.087499999999999,14.287499999999998,23.56825004680824
-13.087499999999999,14.325,23.597753691359568
-13.087499999999999,14.3625,23.624890107137595
-13.087499999999999,14.399999999999999,23.647316047833208
-13.087499999999999,14.4375,23.667341353559564
-13.087499999999999,14.474999999999998,23.684786538571952
-13.087499999999999,14.5125,23.698415246241318
-13.087499999999999,14.55,23.722230465751334
-13.087499999999999,14.587499999999999,23.747554248230827
-13.087499999999999,14.625,
-13.087499999999999,14.662499999999998,
-13.087499999999999,14.7,
-13.087499999999999,14.7375,
-13.087499999999999,14.774999999999999,
-13.087499999999999,14.8125,
-13.087499999999999,14.849999999999998,
-13.087499999999999,14.8875,
-13.087499999999999,14.925,
-13.087499999999999,14.962499999999999,
-13.087499999999999,15.0,
-13.087499999999999,15.037499999999998,
-13.087499999999999,15.075,
-13.05,12.45,
-13.05,12.4875,
-13.05,12.524999999999999,
-13.05,12.5625,
-13.05,12.599999999999998,
-13.05,12.6375,
-13.05,12.675,
-13.05,12.712499999999999,
-13.05,12.75,
-13.05,12.787499999999998,
-13.05,12.825,
-13.05,12.8625,
-13.05,12.899999999999999,
-13.05,12.9375,
-13.05,12.974999999999998,
-13.05,13.0125,
-13.05,13.05,
-13.05,13.087499999999999,22.891248229448966
-13.05,13.125,22.92690202114081
-13.05,13.162499999999998,22.964932369451137
-13.05,13.2,22.998350140267785
-13.05,13.2375,22.997362013195232
-13.05,13.274999999999999,22.98576011810705
-13.05,13.3125,22.988179364967415
-13.05,13.349999999999998,22.97867745908432
-13.05,13.3875,22.98682653487302
-13.05,13.425,22.995543296505446
-13.05,13.462499999999999,23.005121941124816
-13.05,13.5,23.004607981246554
-13.05,13.537499999999998,23.020675030767414
-13.05,13.575,23.039422056828574
-13.05,13.6125,23.052116733264324
-13.05,13.649999999999999,23.059666790507876
-13.05,13.6875,23.087757370847
-13.05,13.724999999999998,23.111084060374843
-13.05,13.7625,23.1334124041619
-13.05,13.8,23.134553537777915
-13.05,13.837499999999999,23.15954025973102
-13.05,13.875,23.188186688806038
-13.05,13.912499999999998,23.221033229184552
-13.05,13.95,23.252459636051512
-13.05,13.9875,23.284103604398705
-13.05,14.024999999999999,23.3245070893327
-13.05,14.0625,23.367175577354327
-13.05,14.099999999999998,23.409051555647252
-13.05,14.1375,23.44722548780187
-13.05,14.175,23.476512088810896
-13.05,14.212499999999999,23.516021725805746
-13.05,14.25,23.540195012283124
-13.05,14.287499999999998,23.559160517459183
-13.05,14.325,23.58831849981114
-13.05,14.3625,23.6175742063417
-13.05,14.399999999999999,23.63743841188926
-13.05,14.4375,23.65590265327747
-13.05,14.474999999999998,23.67680211508889
-13.05,14.5125,23.700431652404102
-13.05,14.55,23.720448133670537
-13.05,14.587499999999999,
-13.05,14.625,
-13.05,14.662499999999998,
-13.05,14.7,
-13.05,14.7375,
-13.05,14.774999999999999,
-13.05,14.8125,
-13.05,14.849999999999998,
-13.05,14.8875,
-13.05,14.925,
-13.05,14.962499999999999,
-13.05,15.0,
-13.05,15.037499999999998,
-13.05,15.075,
-13.0125,12.45,
-13.0125,12.4875,
-13.0125,12.524999999999999,
-13.0125,12.5625,
-13.0125,12.599999999999998,
-13.0125,12.6375,
-13.0125,12.675,
-13.0125,12.712499999999999,
-13.0125,12.75,
-13.0125,12.787499999999998,
-13.0125,12.825,
-13.0125,12.8625,
-13.0125,12.899999999999999,
-13.0125,12.9375,
-13.0125,12.974999999999998,
-13.0125,13.0125,
-13.0125,13.05,
-13.0125,13.087499999999999,22.88786060915244
-13.0125,13.125,22.932307464156047
-13.0125,13.162499999999998,22.963536212560665
-13.0125,13.2,22.98972459131676
-13.0125,13.2375,22.991473769036247
-13.0125,13.274999999999999,22.98789930128858
-13.0125,13.3125,22.99170213917125
-13.0125,13.349999999999998,22.99179908245497
-13.0125,13.3875,22.993502442843685
-13.0125,13.425,23.01195753462825
-13.0125,13.462499999999999,23.020080917130784
-13.0125,13.5,23.024647945659783
-13.0125,13.537499999999998,23.030808633615713
-13.0125,13.575,23.043306991487093
-13.0125,13.6125,23.05734333752759
-13.0125,13.649999999999999,23.069856556726844
-13.0125,13.6875,23.095659440004887
-13.0125,13.724999999999998,23.11952804319937
-13.0125,13.7625,23.141317595302624
-13.0125,13.8,23.14307472612887
-13.0125,13.837499999999999,23.160425004760246
-13.0125,13.875,23.214355284776182
-13.0125,13.912499999999998,23.241449683488494
-13.0125,13.95,23.263333682394215
-13.0125,13.9875,23.29627099891229
-13.0125,14.024999999999999,23.33065769896265
-13.0125,14.0625,23.37244675949425
-13.0125,14.099999999999998,23.411512966088782
-13.0125,14.1375,23.448173238483545
-13.0125,14.175,23.481598953065106
-13.0125,14.212499999999999,23.515923481292692
-13.0125,14.25,23.53698212429617
-13.0125,14.287499999999998,23.567156252241958
-13.0125,14.325,23.584946672082246
-13.0125,14.3625,23.612318327639194
-13.0125,14.399999999999999,23.641914437500667
-13.0125,14.4375,23.664251710874957
-13.0125,14.474999999999998,23.683978597217
-13.0125,14.5125,23.70258369976982
-13.0125,14.55,23.729324887961845
-13.0125,14.587499999999999,
-13.0125,14.625,
-13.0125,14.662499999999998,
-13.0125,14.7,
-13.0125,14.7375,
-13.0125,14.774999999999999,
-13.0125,14.8125,
-13.0125,14.849999999999998,
-13.0125,14.8875,
-13.0125,14.925,
-13.0125,14.962499999999999,
-13.0125,15.0,
-13.0125,15.037499999999998,
-13.0125,15.075,
-12.975,12.45,
-12.975,12.4875,
-12.975,12.524999999999999,
-12.975,12.5625,
-12.975,12.599999999999998,
-12.975,12.6375,
-12.975,12.675,
-12.975,12.712499999999999,
-12.975,12.75,
-12.975,12.787499999999998,
-12.975,12.825,
-12.975,12.8625,
-12.975,12.899999999999999,
-12.975,12.9375,
-12.975,12.974999999999998,
-12.975,13.0125,
-12.975,13.05,
-12.975,13.087499999999999,22.90868340623692
-12.975,13.125,22.93839689344225
-12.975,13.162499999999998,22.971150862909603
-12.975,13.2,22.997010761581073
-12.975,13.2375,23.0068668376291
-12.975,13.274999999999999,23.00086529306396
-12.975,13.3125,23.01191659045393
-12.975,13.349999999999998,23.008649847630007
-12.975,13.3875,23.00417377278922
-12.975,13.425,23.0061480382304
-12.975,13.462499999999999,23.019783077561115
-12.975,13.5,23.034576815991993
-12.975,13.537499999999998,23.038512396923043
-12.975,13.575,23.055831346529597
-12.975,13.6125,23.065482522519485
-12.975,13.649999999999999,23.096768268262867
-12.975,13.6875,23.11630209833228
-12.975,13.724999999999998,23.137855137255603
-12.975,13.7625,23.163039836119786
-12.975,13.8,23.168300171168177
-12.975,13.837499999999999,23.180495461981216
-12.975,13.875,23.21377385440746
-12.975,13.912499999999998,23.24769051347321
-12.975,13.95,23.287275722410012
-12.975,13.9875,23.317865157682792
-12.975,14.024999999999999,23.34123017152715
-12.975,14.0625,23.379580206443425
-12.975,14.099999999999998,23.41505181592294
-12.975,14.1375,23.451666088070077
-12.975,14.175,23.48641927080985
-12.975,14.212499999999999,23.515302638269876
-12.975,14.25,23.538799786649133
-12.975,14.287499999999998,23.570053870711043
-12.975,14.325,23.588490897635147
-12.975,14.3625,23.61878421991789
-12.975,14.399999999999999,23.64653700856139
-12.975,14.4375,23.673897826813874
-12.975,14.474999999999998,23.694451127114597
-12.975,14.5125,23.71179646092654
-12.975,14.55,23.735382284749587
-12.975,14.587499999999999,
-12.975,14.625,
-12.975,14.662499999999998,
-12.975,14.7,
-12.975,14.7375,
-12.975,14.774999999999999,
-12.975,14.8125,
-12.975,14.849999999999998,
-12.975,14.8875,
-12.975,14.925,
-12.975,14.962499999999999,
-12.975,15.0,
-12.975,15.037499999999998,
-12.975,15.075,
-12.9375,12.45,
-12.9375,12.4875,
-12.9375,12.524999999999999,
-12.9375,12.5625,
-12.9375,12.599999999999998,
-12.9375,12.6375,
-12.9375,12.675,
-12.9375,12.712499999999999,
-12.9375,12.75,
-12.9375,12.787499999999998,
-12.9375,12.825,
-12.9375,12.8625,
-12.9375,12.899999999999999,
-12.9375,12.9375,
-12.9375,12.974999999999998,
-12.9375,13.0125,
-12.9375,13.05,
-12.9375,13.087499999999999,22.913418135614666
-12.9375,13.125,22.9630564222506
-12.9375,13.162499999999998,23.000304570335228
-12.9375,13.2,23.021510536207312
-12.9375,13.2375,23.036386952648684
-12.9375,13.274999999999999,23.028214574751175
-12.9375,13.3125,23.037766482892607
-12.9375,13.349999999999998,23.031646100166554
-12.9375,13.3875,23.034859526925178
-12.9375,13.425,23.033424755679462
-12.9375,13.462499999999999,23.03878780281498
-12.9375,13.5,23.049889920114584
-12.9375,13.537499999999998,23.06693452763233
-12.9375,13.575,23.077794163089624
-12.9375,13.6125,23.090710256142263
-12.9375,13.649999999999999,23.10720849837536
-12.9375,13.6875,23.125014960870722
-12.9375,13.724999999999998,23.15257421077096
-12.9375,13.7625,23.18046092384152
-12.9375,13.8,23.18704686625687
-12.9375,13.837499999999999,23.199146908928096
-12.9375,13.875,23.21521342037004
-12.9375,13.912499999999998,23.266373511700348
-12.9375,13.95,23.286950841805616
-12.9375,13.9875,23.324096370705025
-12.9375,14.024999999999999,23.360818567652554
-12.9375,14.0625,23.37953229751372
-12.9375,14.099999999999998,23.41872880119155
-12.9375,14.1375,23.454411581306907
-12.9375,14.175,23.488247359198212
-12.9375,14.212499999999999,23.5157904592131
-12.9375,14.25,23.541916320591536
-12.9375,14.287499999999998,23.56930251584703
-12.9375,14.325,23.591518063772572
-12.9375,14.3625,23.625308577608212
-12.9375,14.399999999999999,23.649079375401257
-12.9375,14.4375,23.677768581090888
-12.9375,14.474999999999998,23.699675549181052
-12.9375,14.5125,23.72074885511144
-12.9375,14.55,23.742922851492118
-12.9375,14.587499999999999,
-12.9375,14.625,
-12.9375,14.662499999999998,
-12.9375,14.7,
-12.9375,14.7375,
-12.9375,14.774999999999999,
-12.9375,14.8125,
-12.9375,14.849999999999998,
-12.9375,14.8875,
-12.9375,14.925,
-12.9375,14.962499999999999,
-12.9375,15.0,
-12.9375,15.037499999999998,
-12.9375,15.075,
-12.899999999999999,12.45,
-12.899999999999999,12.4875,
-12.899999999999999,12.524999999999999,
-12.899999999999999,12.5625,
-12.899999999999999,12.599999999999998,
-12.899999999999999,12.6375,
-12.899999999999999,12.675,
-12.899999999999999,12.712499999999999,
-12.899999999999999,12.75,
-12.899999999999999,12.787499999999998,
-12.899999999999999,12.825,
-12.899999999999999,12.8625,
-12.899999999999999,12.899999999999999,
-12.899999999999999,12.9375,
-12.899999999999999,12.974999999999998,
-12.899999999999999,13.0125,
-12.899999999999999,13.05,
-12.899999999999999,13.087499999999999,22.924847368849477
-12.899999999999999,13.125,22.965997841041688
-12.899999999999999,13.162499999999998,22.999244638391353
-12.899999999999999,13.2,23.038597213903348
-12.899999999999999,13.2375,23.037687566594187
-12.899999999999999,13.274999999999999,23.037254417128793
-12.899999999999999,13.3125,23.04212230813427
-12.899999999999999,13.349999999999998,23.03617932260085
-12.899999999999999,13.3875,23.041570974894277
-12.899999999999999,13.425,23.044431532210368
-12.899999999999999,13.462499999999999,23.03591898189229
-12.899999999999999,13.5,23.050713207963348
-12.899999999999999,13.537499999999998,23.065600959414585
-12.899999999999999,13.575,23.077943443537333
-12.899999999999999,13.6125,23.090311950938826
-12.899999999999999,13.649999999999999,23.10484110582625
-12.899999999999999,13.6875,23.12932079165484
-12.899999999999999,13.724999999999998,23.152383751621816
-12.899999999999999,13.7625,23.181697794378543
-12.899999999999999,13.8,23.192045757572366
-12.899999999999999,13.837499999999999,23.197633845953906
-12.899999999999999,13.875,23.21858767604253
-12.899999999999999,13.912499999999998,23.25892187621411
-12.899999999999999,13.95,23.30251685079132
-12.899999999999999,13.9875,23.33766561545695
-12.899999999999999,14.024999999999999,23.37218341395379
-12.899999999999999,14.0625,23.40121000067025
-12.899999999999999,14.099999999999998,23.43497711251142
-12.899999999999999,14.1375,23.467036439921927
-12.899999999999999,14.175,23.486739875943407
-12.899999999999999,14.212499999999999,23.515508580500878
-12.899999999999999,14.25,23.543252089572263
-12.899999999999999,14.287499999999998,23.570902534542864
-12.899999999999999,14.325,23.595709588646187
-12.899999999999999,14.3625,23.63109613147285
-12.899999999999999,14.399999999999999,23.6567588207867
-12.899999999999999,14.4375,23.68476781666467
-12.899999999999999,14.474999999999998,23.709070957336355
-12.899999999999999,14.5125,23.731746249912895
-12.899999999999999,14.55,23.75407846123751
-12.899999999999999,14.587499999999999,
-12.899999999999999,14.625,
-12.899999999999999,14.662499999999998,
-12.899999999999999,14.7,
-12.899999999999999,14.7375,
-12.899999999999999,14.774999999999999,
-12.899999999999999,14.8125,
-12.899999999999999,14.849999999999998,
-12.899999999999999,14.8875,
-12.899999999999999,14.925,
-12.899999999999999,14.962499999999999,
-12.899999999999999,15.0,
-12.899999999999999,15.037499999999998,
-12.899999999999999,15.075,
-12.8625,12.45,
-12.8625,12.4875,
-12.8625,12.524999999999999,
-12.8625,12.5625,
-12.8625,12.599999999999998,
-12.8625,12.6375,
-12.8625,12.675,
-12.8625,12.712499999999999,
-12.8625,12.75,
-12.8625,12.787499999999998,
-12.8625,12.825,
-12.8625,12.8625,
-12.8625,12.899999999999999,
-12.8625,12.9375,
-12.8625,12.974999999999998,
-12.8625,13.0125,
-12.8625,13.05,22.886475160420545
-12.8625,13.087499999999999,22.92478387930878
-12.8625,13.125,22.974976404569748
-12.8625,13.162499999999998,23.007351017157944
-12.8625,13.2,23.0356157781419
-12.8625,13.2375,23.04729907261156
-12.8625,13.274999999999999,23.044674836061006
-12.8625,13.3125,23.052772942846904
-12.8625,13.349999999999998,23.044503642203743
-12.8625,13.3875,23.047240362513715
-12.8625,13.425,23.040698704457448
-12.8625,13.462499999999999,23.044302646658036
-12.8625,13.5,23.040026373120877
-12.8625,13.537499999999998,23.050539649235
-12.8625,13.575,23.068576405763103
-12.8625,13.6125,23.088904289366038
-12.8625,13.649999999999999,23.104062881052318
-12.8625,13.6875,23.122492141002546
-12.8625,13.724999999999998,23.147800512199005
-12.8625,13.7625,23.16812870586021
-12.8625,13.8,23.18397652380287
-12.8625,13.837499999999999,23.19946049713207
-12.8625,13.875,23.230075439610097
-12.8625,13.912499999999998,23.26530629673844
-12.8625,13.95,23.29608548306294
-12.8625,13.9875,23.33362561730694
-12.8625,14.024999999999999,23.372083476025605
-12.8625,14.0625,23.40524042889068
-12.8625,14.099999999999998,23.437524295025018
-12.8625,14.1375,23.468199636238698
-12.8625,14.175,23.499039146621993
-12.8625,14.212499999999999,23.528105796997075
-12.8625,14.25,23.55645936186971
-12.8625,14.287499999999998,23.561818482575458
-12.8625,14.325,23.586827037315743
-12.8625,14.3625,23.627683762127837
-12.8625,14.399999999999999,23.661140548029973
-12.8625,14.4375,23.6876520676194
-12.8625,14.474999999999998,23.713465574870945
-12.8625,14.5125,23.736626218353752
-12.8625,14.55,23.759837633902453
-12.8625,14.587499999999999,
-12.8625,14.625,
-12.8625,14.662499999999998,
-12.8625,14.7,
-12.8625,14.7375,
-12.8625,14.774999999999999,
-12.8625,14.8125,
-12.8625,14.849999999999998,
-12.8625,14.8875,
-12.8625,14.925,
-12.8625,14.962499999999999,
-12.8625,15.0,
-12.8625,15.037499999999998,
-12.8625,15.075,
-12.825,12.45,
-12.825,12.4875,
-12.825,12.524999999999999,
-12.825,12.5625,
-12.825,12.599999999999998,
-12.825,12.6375,
-12.825,12.675,
-12.825,12.712499999999999,
-12.825,12.75,
-12.825,12.787499999999998,
-12.825,12.825,
-12.825,12.8625,
-12.825,12.899999999999999,
-12.825,12.9375,
-12.825,12.974999999999998,
-12.825,13.0125,22.84558013565787
-12.825,13.05,22.89520832014306
-12.825,13.087499999999999,22.93085985766874
-12.825,13.125,22.962165462162986
-12.825,13.162499999999998,23.014975158615403
-12.825,13.2,23.04982200392006
-12.825,13.2375,23.053757947848233
-12.825,13.274999999999999,23.052824256015104
-12.825,13.3125,23.053496887412216
-12.825,13.349999999999998,23.0450375210914
-12.825,13.3875,23.045005488672796
-12.825,13.425,23.049038331456654
-12.825,13.462499999999999,23.044115772615456
-12.825,13.5,23.04908419535294
-12.825,13.537499999999998,23.044675633492393
-12.825,13.575,23.06074811604528
-12.825,13.6125,23.08147836401333
-12.825,13.649999999999999,23.099998243387077
-12.825,13.6875,23.120543268101148
-12.825,13.724999999999998,23.13905757859091
-12.825,13.7625,23.176352387559724
-12.825,13.8,23.195794812607687
-12.825,13.837499999999999,23.200369203537544
-12.825,13.875,23.2358740913878
-12.825,13.912499999999998,23.27523515841333
-12.825,13.95,23.29472892958463
-12.825,13.9875,23.32665166604933
-12.825,14.024999999999999,23.369241545391766
-12.825,14.0625,23.39859077528749
-12.825,14.099999999999998,23.42449201635308
-12.825,14.1375,23.46390369829278
-12.825,14.175,23.49176334634281
-12.825,14.212499999999999,23.518696020946233
-12.825,14.25,23.53927223685022
-12.825,14.287499999999998,23.541320478274777
-12.825,14.325,23.569248546529927
-12.825,14.3625,23.605889575732558
-12.825,14.399999999999999,23.64468216527504
-12.825,14.4375,23.683376814348556
-12.825,14.474999999999998,23.710367377362164
-12.825,14.5125,23.735516389849263
-12.825,14.55,23.76024789696572
-12.825,14.587499999999999,
-12.825,14.625,
-12.825,14.662499999999998,
-12.825,14.7,
-12.825,14.7375,
-12.825,14.774999999999999,
-12.825,14.8125,
-12.825,14.849999999999998,
-12.825,14.8875,
-12.825,14.925,
-12.825,14.962499999999999,
-12.825,15.0,
-12.825,15.037499999999998,
-12.825,15.075,
-12.7875,12.45,
-12.7875,12.4875,
-12.7875,12.524999999999999,
-12.7875,12.5625,
-12.7875,12.599999999999998,
-12.7875,12.6375,
-12.7875,12.675,
-12.7875,12.712499999999999,
-12.7875,12.75,
-12.7875,12.787499999999998,
-12.7875,12.825,
-12.7875,12.8625,
-12.7875,12.899999999999999,
-12.7875,12.9375,
-12.7875,12.974999999999998,
-12.7875,13.0125,
-12.7875,13.05,22.887502526803804
-12.7875,13.087499999999999,22.930454435182984
-12.7875,13.125,22.965989044079848
-12.7875,13.162499999999998,23.002495735763564
-12.7875,13.2,23.04169281592936
-12.7875,13.2375,23.054323018109883
-12.7875,13.274999999999999,23.058593462089316
-12.7875,13.3125,23.051939744361626
-12.7875,13.349999999999998,23.045884565073557
-12.7875,13.3875,23.050331272020745
-12.7875,13.425,23.050511958319316
-12.7875,13.462499999999999,23.04027587884108
-12.7875,13.5,23.04727289923947
-12.7875,13.537499999999998,23.041444646208785
-12.7875,13.575,23.050616102622875
-12.7875,13.6125,23.065577671827167
-12.7875,13.649999999999999,23.086500009776866
-12.7875,13.6875,23.113308546193363
-12.7875,13.724999999999998,23.13440878731884
-12.7875,13.7625,23.168867219151377
-12.7875,13.8,23.190297239856235
-12.7875,13.837499999999999,23.196932720295482
-12.7875,13.875,23.226314847992988
-12.7875,13.912499999999998,23.273232121491574
-12.7875,13.95,23.300111610955
-12.7875,13.9875,23.316711024209457
-12.7875,14.024999999999999,23.342308262055848
-12.7875,14.0625,23.37746476197893
-12.7875,14.099999999999998,23.409085536271604
-12.7875,14.1375,23.447583426430644
-12.7875,14.175,23.47244020918027
-12.7875,14.212499999999999,23.498376321541897
-12.7875,14.25,23.51761344822906
-12.7875,14.287499999999998,23.537746178915214
-12.7875,14.325,23.56511198942459
-12.7875,14.3625,23.598933484022538
-12.7875,14.399999999999999,23.623146473314232
-12.7875,14.4375,23.660235206766053
-12.7875,14.474999999999998,23.695860940583273
-12.7875,14.5125,23.724340868045882
-12.7875,14.55,23.751891018236567
-12.7875,14.587499999999999,
-12.7875,14.625,
-12.7875,14.662499999999998,
-12.7875,14.7,
-12.7875,14.7375,
-12.7875,14.774999999999999,
-12.7875,14.8125,
-12.7875,14.849999999999998,
-12.7875,14.8875,
-12.7875,14.925,
-12.7875,14.962499999999999,
-12.7875,15.0,
-12.7875,15.037499999999998,
-12.7875,15.075,
-12.75,12.45,
-12.75,12.4875,
-12.75,12.524999999999999,
-12.75,12.5625,
-12.75,12.599999999999998,
-12.75,12.6375,
-12.75,12.675,
-12.75,12.712499999999999,
-12.75,12.75,
-12.75,12.787499999999998,
-12.75,12.825,
-12.75,12.8625,
-12.75,12.899999999999999,
-12.75,12.9375,
-12.75,12.974999999999998,
-12.75,13.0125,
-12.75,13.05,
-12.75,13.087499999999999,22.917950870084454
-12.75,13.125,22.97565959789717
-12.75,13.162499999999998,23.006881531764858
-12.75,13.2,23.033321647169135
-12.75,13.2375,23.049335499496397
-12.75,13.274999999999999,23.056681345083753
-12.75,13.3125,23.048285205021863
-12.75,13.349999999999998,23.041963137057756
-12.75,13.3875,23.0517055762461
-12.75,13.425,23.04241939064639
-12.75,13.462499999999999,23.047697586658177
-12.75,13.5,23.038734125086314
-12.75,13.537499999999998,23.04599297920692
-12.75,13.575,23.044014582471185
-12.75,13.6125,23.05582598727212
-12.75,13.649999999999999,23.072584769031653
-12.75,13.6875,23.101260677209375
-12.75,13.724999999999998,23.11899679297036
-12.75,13.7625,23.15631991462878
-12.75,13.8,23.1700048946159
-12.75,13.837499999999999,23.179894951476122
-12.75,13.875,23.214866810721126
-12.75,13.912499999999998,23.266366538060023
-12.75,13.95,23.284698985528514
-12.75,13.9875,23.293908202617878
-12.75,14.024999999999999,23.327393987970897
-12.75,14.0625,23.353116488939538
-12.75,14.099999999999998,23.384572501776894
-12.75,14.1375,23.417298974817278
-12.75,14.175,23.446301705560366
-12.75,14.212499999999999,23.47846969551574
-12.75,14.25,23.50574690736967
-12.75,14.287499999999998,23.513287006564564
-12.75,14.325,23.54520372454198
-12.75,14.3625,23.580160685787025
-12.75,14.399999999999999,23.609375881402148
-12.75,14.4375,23.64764097393041
-12.75,14.474999999999998,23.6704925544855
-12.75,14.5125,23.702082167291255
-12.75,14.55,23.72461214657468
-12.75,14.587499999999999,23.75850037452319
-12.75,14.625,
-12.75,14.662499999999998,
-12.75,14.7,
-12.75,14.7375,
-12.75,14.774999999999999,
-12.75,14.8125,
-12.75,14.849999999999998,
-12.75,14.8875,
-12.75,14.925,
-12.75,14.962499999999999,
-12.75,15.0,
-12.75,15.037499999999998,
-12.75,15.075,
-12.712499999999999,12.45,
-12.712499999999999,12.4875,
-12.712499999999999,12.524999999999999,
-12.712499999999999,12.5625,
-12.712499999999999,12.599999999999998,
-12.712499999999999,12.6375,
-12.712499999999999,12.675,
-12.712499999999999,12.712499999999999,
-12.712499999999999,12.75,
-12.712499999999999,12.787499999999998,
-12.712499999999999,12.825,
-12.712499999999999,12.8625,
-12.712499999999999,12.899999999999999,
-12.712499999999999,12.9375,
-12.712499999999999,12.974999999999998,
-12.712499999999999,13.0125,
-12.712499999999999,13.05,
-12.712499999999999,13.087499999999999,
-12.712499999999999,13.125,22.966495342474293
-12.712499999999999,13.162499999999998,23.00955842121506
-12.712499999999999,13.2,23.036639196608096
-12.712499999999999,13.2375,23.04818332241915
-12.712499999999999,13.274999999999999,23.04909453788866
-12.712499999999999,13.3125,23.046604257674684
-12.712499999999999,13.349999999999998,23.042089737321096
-12.712499999999999,13.3875,23.0452919641431
-12.712499999999999,13.425,23.043103914150382
-12.712499999999999,13.462499999999999,23.03404086068936
-12.712499999999999,13.5,23.03461934416455
-12.712499999999999,13.537499999999998,23.026842560828943
-12.712499999999999,13.575,23.04082800997188
-12.712499999999999,13.6125,23.046522937377727
-12.712499999999999,13.649999999999999,23.067908840159546
-12.712499999999999,13.6875,23.090027250523445
-12.712499999999999,13.724999999999998,23.10821758714696
-12.712499999999999,13.7625,23.144252296837397
-12.712499999999999,13.8,23.145571304388675
-12.712499999999999,13.837499999999999,23.17066537376661
-12.712499999999999,13.875,23.19933401332186
-12.712499999999999,13.912499999999998,23.23886646936888
-12.712499999999999,13.95,23.254808708752158
-12.712499999999999,13.9875,23.278743795898738
-12.712499999999999,14.024999999999999,23.319950450209625
-12.712499999999999,14.0625,23.345645631139625
-12.712499999999999,14.099999999999998,23.377408744819665
-12.712499999999999,14.1375,23.397405657329646
-12.712499999999999,14.175,23.42817793235086
-12.712499999999999,14.212499999999999,23.465359788733213
-12.712499999999999,14.25,23.496039803845505
-12.712499999999999,14.287499999999998,23.492883683827586
-12.712499999999999,14.325,23.51483620304114
-12.712499999999999,14.3625,23.553758817079814
-12.712499999999999,14.399999999999999,23.592066840581676
-12.712499999999999,14.4375,23.626595290333103
-12.712499999999999,14.474999999999998,23.654512378547597
-12.712499999999999,14.5125,23.674463750554786
-12.712499999999999,14.55,23.709197256287602
-12.712499999999999,14.587499999999999,23.727064339739105
-12.712499999999999,14.625,
-12.712499999999999,14.662499999999998,
-12.712499999999999,14.7,
-12.712499999999999,14.7375,
-12.712499999999999,14.774999999999999,
-12.712499999999999,14.8125,
-12.712499999999999,14.849999999999998,
-12.712499999999999,14.8875,
-12.712499999999999,14.925,
-12.712499999999999,14.962499999999999,
-12.712499999999999,15.0,
-12.712499999999999,15.037499999999998,
-12.712499999999999,15.075,
-12.675,12.45,
-12.675,12.4875,
-12.675,12.524999999999999,
-12.675,12.5625,
-12.675,12.599999999999998,
-12.675,12.6375,
-12.675,12.675,
-12.675,12.712499999999999,
-12.675,12.75,
-12.675,12.787499999999998,
-12.675,12.825,
-12.675,12.8625,
-12.675,12.899999999999999,
-12.675,12.9375,
-12.675,12.974999999999998,
-12.675,13.0125,
-12.675,13.05,
-12.675,13.087499999999999,
-12.675,13.125,
-12.675,13.162499999999998,22.981805018340864
-12.675,13.2,23.022382974066335
-12.675,13.2375,23.034692130894406
-12.675,13.274999999999999,23.04318009808045
-12.675,13.3125,23.03493251642892
-12.675,13.349999999999998,23.033189090449696
-12.675,13.3875,23.029696702902463
-12.675,13.425,23.029592562867414
-12.675,13.462499999999999,23.019312053778247
-12.675,13.5,23.01430984068707
-12.675,13.537499999999998,23.018795127227133
-12.675,13.575,23.034768678992986
-12.675,13.6125,23.03667783865603
-12.675,13.649999999999999,23.055551735730248
-12.675,13.6875,23.07003221166121
-12.675,13.724999999999998,23.095689029820925
-12.675,13.7625,23.124194832378304
-12.675,13.8,23.127734815610236
-12.675,13.837499999999999,23.15641783848516
-12.675,13.875,23.16907058226916
-12.675,13.912499999999998,23.210399751305324
-12.675,13.95,23.239529817584785
-12.675,13.9875,23.25715198065895
-12.675,14.024999999999999,23.29586614630291
-12.675,14.0625,23.32865725949665
-12.675,14.099999999999998,23.354410776384473
-12.675,14.1375,23.377373277509346
-12.675,14.175,23.416091392209424
-12.675,14.212499999999999,23.434313222389868
-12.675,14.25,23.465378230520624
-12.675,14.287499999999998,23.483545749127053
-12.675,14.325,23.50462784704833
-12.675,14.3625,23.54145119406847
-12.675,14.399999999999999,23.577774057523637
-12.675,14.4375,23.608265803448198
-12.675,14.474999999999998,23.63420225711246
-12.675,14.5125,23.65355691503099
-12.675,14.55,23.688159838748643
-12.675,14.587499999999999,23.711282172181154
-12.675,14.625,23.734644279142817
-12.675,14.662499999999998,23.764864778170246
-12.675,14.7,
-12.675,14.7375,
-12.675,14.774999999999999,
-12.675,14.8125,
-12.675,14.849999999999998,
-12.675,14.8875,
-12.675,14.925,
-12.675,14.962499999999999,
-12.675,15.0,
-12.675,15.037499999999998,
-12.675,15.075,24.132721059210066
-12.6375,12.45,
-12.6375,12.4875,
-12.6375,12.524999999999999,
-12.6375,12.5625,
-12.6375,12.599999999999998,
-12.6375,12.6375,
-12.6375,12.675,
-12.6375,12.712499999999999,
-12.6375,12.75,
-12.6375,12.787499999999998,
-12.6375,12.825,
-12.6375,12.8625,
-12.6375,12.899999999999999,
-12.6375,12.9375,
-12.6375,12.974999999999998,
-12.6375,13.0125,
-12.6375,13.05,
-12.6375,13.087499999999999,
-12.6375,13.125,
-12.6375,13.162499999999998,
-12.6375,13.2,23.013163673562513
-12.6375,13.2375,23.033156209877802
-12.6375,13.274999999999999,23.029313020138414
-12.6375,13.3125,23.02573768982482
-12.6375,13.349999999999998,23.018948862897766
-12.6375,13.3875,23.013177961401265
-12.6375,13.425,23.002592237291115
-12.6375,13.462499999999999,22.996031132074283
-12.6375,13.5,23.00080317882525
-12.6375,13.537499999999998,23.012708751396943
-12.6375,13.575,23.02324827561806
-12.6375,13.6125,23.023213207753493
-12.6375,13.649999999999999,23.038211474334265
-12.6375,13.6875,23.05413748920911
-12.6375,13.724999999999998,23.079028450427657
-12.6375,13.7625,23.091102141371007
-12.6375,13.8,23.10607542120213
-12.6375,13.837499999999999,23.127331876345234
-12.6375,13.875,23.142858677629793
-12.6375,13.912499999999998,23.19430689122264
-12.6375,13.95,23.22288051534944
-12.6375,13.9875,23.237020419862763
-12.6375,14.024999999999999,23.270626081617177
-12.6375,14.0625,23.304472592166977
-12.6375,14.099999999999998,23.32222921072042
-12.6375,14.1375,23.357833717351145
-12.6375,14.175,23.39065742330494
-12.6375,14.212499999999999,23.40668334570728
-12.6375,14.25,23.428877271203138
-12.6375,14.287499999999998,23.457930319466445
-12.6375,14.325,23.480854531743837
-12.6375,14.3625,23.512914211991816
-12.6375,14.399999999999999,23.54912267428562
-12.6375,14.4375,23.57754878448581
-12.6375,14.474999999999998,23.59811267686978
-12.6375,14.5125,23.618381864599957
-12.6375,14.55,23.654442756077493
-12.6375,14.587499999999999,23.681202478464716
-12.6375,14.625,23.705577518143865
-12.6375,14.662499999999998,23.73469272311864
-12.6375,14.7,23.763570888266553
-12.6375,14.7375,23.779923243171325
-12.6375,14.774999999999999,
-12.6375,14.8125,
-12.6375,14.849999999999998,
-12.6375,14.8875,
-12.6375,14.925,
-12.6375,14.962499999999999,
-12.6375,15.0,
-12.6375,15.037499999999998,24.052042351602953
-12.6375,15.075,24.09695554994993
-12.6,12.45,
-12.6,12.4875,
-12.6,12.524999999999999,
-12.6,12.5625,
-12.6,12.599999999999998,
-12.6,12.6375,
-12.6,12.675,
-12.6,12.712499999999999,
-12.6,12.75,
-12.6,12.787499999999998,
-12.6,12.825,
-12.6,12.8625,
-12.6,12.899999999999999,
-12.6,12.9375,
-12.6,12.974999999999998,
-12.6,13.0125,
-12.6,13.05,
-12.6,13.087499999999999,
-12.6,13.125,
-12.6,13.162499999999998,
-12.6,13.2,22.989894571385253
-12.6,13.2375,22.99666367800206
-12.6,13.274999999999999,22.997879850263857
-12.6,13.3125,23.00433233463138
-12.6,13.349999999999998,23.007652385498112
-12.6,13.3875,22.996812017308255
-12.6,13.425,22.99176823082313
-12.6,13.462499999999999,22.982497152083315
-12.6,13.5,22.99147278082778
-12.6,13.537499999999998,23.00286346864878
-12.6,13.575,23.004608043616972
-12.6,13.6125,23.01052485599849
-12.6,13.649999999999999,23.02189019506474
-12.6,13.6875,23.035457524337616
-12.6,13.724999999999998,23.041959089418956
-12.6,13.7625,23.069931707510143
-12.6,13.8,23.08260508154052
-12.6,13.837499999999999,23.090158503829745
-12.6,13.875,23.140427257259496
-12.6,13.912499999999998,23.172026071951823
-12.6,13.95,23.196843637876388
-12.6,13.9875,23.21688770470773
-12.6,14.024999999999999,23.25342136358407
-12.6,14.0625,23.266500548534207
-12.6,14.099999999999998,23.284814489146882
-12.6,14.1375,23.324204373464784
-12.6,14.175,23.355875851485
-12.6,14.212499999999999,23.38447110277166
-12.6,14.25,23.41162205846202
-12.6,14.287499999999998,23.426579046315428
-12.6,14.325,23.458863008240066
-12.6,14.3625,23.485595247426552
-12.6,14.399999999999999,23.517459045646714
-12.6,14.4375,23.544570849481484
-12.6,14.474999999999998,23.562364181719587
-12.6,14.5125,23.587920712100303
-12.6,14.55,23.609173260125655
-12.6,14.587499999999999,23.643396126780917
-12.6,14.625,23.67100316835085
-12.6,14.662499999999998,23.70355263336337
-12.6,14.7,23.734906058882
-12.6,14.7375,23.757526650738594
-12.6,14.774999999999999,23.77062230530565
-12.6,14.8125,23.810482867350192
-12.6,14.849999999999998,23.850639531298203
-12.6,14.8875,
-12.6,14.925,23.91402367548698
-12.6,14.962499999999999,23.94914738584689
-12.6,15.0,23.982932069265487
-12.6,15.037499999999998,24.01741110097439
-12.6,15.075,24.060408430218992
-12.5625,12.45,
-12.5625,12.4875,
-12.5625,12.524999999999999,
-12.5625,12.5625,
-12.5625,12.599999999999998,
-12.5625,12.6375,
-12.5625,12.675,
-12.5625,12.712499999999999,
-12.5625,12.75,
-12.5625,12.787499999999998,
-12.5625,12.825,
-12.5625,12.8625,
-12.5625,12.899999999999999,
-12.5625,12.9375,
-12.5625,12.974999999999998,
-12.5625,13.0125,
-12.5625,13.05,
-12.5625,13.087499999999999,
-12.5625,13.125,
-12.5625,13.162499999999998,
-12.5625,13.2,22.980274132272225
-12.5625,13.2375,22.99299647979981
-12.5625,13.274999999999999,22.99603006198374
-12.5625,13.3125,22.995258711795795
-12.5625,13.349999999999998,22.977110352350326
-12.5625,13.3875,22.97127207895516
-12.5625,13.425,22.967280310481772
-12.5625,13.462499999999999,22.96381546241355
-12.5625,13.5,22.9820861862328
-12.5625,13.537499999999998,22.970895185096012
-12.5625,13.575,22.9792246956157
-12.5625,13.6125,22.994663330224125
-12.5625,13.649999999999999,22.998329110268816
-12.5625,13.6875,23.006347184346335
-12.5625,13.724999999999998,23.021957901839762
-12.5625,13.7625,23.053490310008797
-12.5625,13.8,23.052545810275593
-12.5625,13.837499999999999,23.06831488583115
-12.5625,13.875,23.109005541907113
-12.5625,13.912499999999998,23.14858365964112
-12.5625,13.95,23.163862155331127
-12.5625,13.9875,23.193033793459488
-12.5625,14.024999999999999,23.227493263448885
-12.5625,14.0625,23.23578619271135
-12.5625,14.099999999999998,23.263079056740594
-12.5625,14.1375,23.31110357055543
-12.5625,14.175,23.33434742527733
-12.5625,14.212499999999999,23.36787356570513
-12.5625,14.25,23.38887639967878
-12.5625,14.287499999999998,23.411775595683686
-12.5625,14.325,23.431527064213675
-12.5625,14.3625,23.4650473930789
-12.5625,14.399999999999999,23.48630054708728
-12.5625,14.4375,23.51439370564721
-12.5625,14.474999999999998,23.528386833134906
-12.5625,14.5125,23.556285751637073
-12.5625,14.55,23.579185691427163
-12.5625,14.587499999999999,23.601932325580897
-12.5625,14.625,23.637138101257392
-12.5625,14.662499999999998,23.67134231909437
-12.5625,14.7,23.691894435875067
-12.5625,14.7375,23.710789762096837
-12.5625,14.774999999999999,23.727038381274177
-12.5625,14.8125,23.76757002150486
-12.5625,14.849999999999998,23.805329438455185
-12.5625,14.8875,23.84876136249994
-12.5625,14.925,23.884619190363857
-12.5625,14.962499999999999,23.91852841895217
-12.5625,15.0,23.949431072485524
-12.5625,15.037499999999998,23.984910314491867
-12.5625,15.075,
-12.524999999999999,12.45,
-12.524999999999999,12.4875,
-12.524999999999999,12.524999999999999,
-12.524999999999999,12.5625,
-12.524999999999999,12.599999999999998,
-12.524999999999999,12.6375,
-12.524999999999999,12.675,
-12.524999999999999,12.712499999999999,
-12.524999999999999,12.75,
-12.524999999999999,12.787499999999998,
-12.524999999999999,12.825,
-12.524999999999999,12.8625,
-12.524999999999999,12.899999999999999,
-12.524999999999999,12.9375,
-12.524999999999999,12.974999999999998,
-12.524999999999999,13.0125,
-12.524999999999999,13.05,
-12.524999999999999,13.087499999999999,
-12.524999999999999,13.125,
-12.524999999999999,13.162499999999998,
-12.524999999999999,13.2,22.901074030634472
-12.524999999999999,13.2375,22.904416198747196
-12.524999999999999,13.274999999999999,22.99384835844878
-12.524999999999999,13.3125,22.984402513203385
-12.524999999999999,13.349999999999998,22.97140579749385
-12.524999999999999,13.3875,22.958011768757427
-12.524999999999999,13.425,22.943543441488
-12.524999999999999,13.462499999999999,22.940890562522966
-12.524999999999999,13.5,22.93936255857092
-12.524999999999999,13.537499999999998,22.942927051680467
-12.524999999999999,13.575,22.95505970021478
-12.524999999999999,13.6125,22.96840321968678
-12.524999999999999,13.649999999999999,22.967855456939528
-12.524999999999999,13.6875,22.982159399226983
-12.524999999999999,13.724999999999998,23.008962548108368
-12.524999999999999,13.7625,23.029687256211762
-12.524999999999999,13.8,23.029980786500605
-12.524999999999999,13.837499999999999,23.04780916477545
-12.524999999999999,13.875,23.056297791387106
-12.524999999999999,13.912499999999998,23.092794729875155
-12.524999999999999,13.95,23.135295505772053
-12.524999999999999,13.9875,23.169884170252832
-12.524999999999999,14.024999999999999,23.20149416427571
-12.524999999999999,14.0625,23.221673953735813
-12.524999999999999,14.099999999999998,23.25139461999992
-12.524999999999999,14.1375,23.289762767130263
-12.524999999999999,14.175,23.318833673935487
-12.524999999999999,14.212499999999999,23.35088456666621
-12.524999999999999,14.25,23.372920151252597
-12.524999999999999,14.287499999999998,23.397923944799306
-12.524999999999999,14.325,23.413853546481853
-12.524999999999999,14.3625,23.442726319309394
-12.524999999999999,14.399999999999999,23.45969554718149
-12.524999999999999,14.4375,23.48640224464926
-12.524999999999999,14.474999999999998,23.49822464196603
-12.524999999999999,14.5125,23.52514648965918
-12.524999999999999,14.55,23.55104922691707
-12.524999999999999,14.587499999999999,23.569610586544695
-12.524999999999999,14.625,23.607636447493984
-12.524999999999999,14.662499999999998,23.639712804193422
-12.524999999999999,14.7,23.648759358903263
-12.524999999999999,14.7375,23.672850344610726
-12.524999999999999,14.774999999999999,23.703921370895184
-12.524999999999999,14.8125,23.73477489467141
-12.524999999999999,14.849999999999998,23.779801508742455
-12.524999999999999,14.8875,23.82052834739521
-12.524999999999999,14.925,23.85308513737857
-12.524999999999999,14.962499999999999,23.886028803940402
-12.524999999999999,15.0,23.915355528460985
-12.524999999999999,15.037499999999998,
-12.524999999999999,15.075,
-12.4875,12.45,
-12.4875,12.4875,
-12.4875,12.524999999999999,
-12.4875,12.5625,
-12.4875,12.599999999999998,
-12.4875,12.6375,
-12.4875,12.675,
-12.4875,12.712499999999999,
-12.4875,12.75,
-12.4875,12.787499999999998,
-12.4875,12.825,
-12.4875,12.8625,
-12.4875,12.899999999999999,
-12.4875,12.9375,
-12.4875,12.974999999999998,
-12.4875,13.0125,
-12.4875,13.05,
-12.4875,13.087499999999999,
-12.4875,13.125,
-12.4875,13.162499999999998,
-12.4875,13.2,22.88860482903069
-12.4875,13.2375,22.88300290878817
-12.4875,13.274999999999999,22.960799756734193
-12.4875,13.3125,22.966692990275057
-12.4875,13.349999999999998,22.95715893806784
-12.4875,13.3875,22.935639180933403
-12.4875,13.425,22.93691183593403
-12.4875,13.462499999999999,22.92901262536759
-12.4875,13.5,22.94067014817259
-12.4875,13.537499999999998,22.935428124688087
-12.4875,13.575,22.936274874038897
-12.4875,13.6125,22.948549412163235
-12.4875,13.649999999999999,22.9533936882795
-12.4875,13.6875,22.962867738828763
-12.4875,13.724999999999998,22.991114545615453
-12.4875,13.7625,23.001885791408245
-12.4875,13.8,23.01291056642812
-12.4875,13.837499999999999,23.018573403839387
-12.4875,13.875,23.03310722615137
-12.4875,13.912499999999998,23.057502513766604
-12.4875,13.95,23.095095061671504
-12.4875,13.9875,23.131752588718104
-12.4875,14.024999999999999,23.181730500622177
-12.4875,14.0625,23.21658575738946
-12.4875,14.099999999999998,23.23977069787674
-12.4875,14.1375,23.276874746885998
-12.4875,14.175,23.306111968855635
-12.4875,14.212499999999999,23.335848724526013
-12.4875,14.25,23.366112336964118
-12.4875,14.287499999999998,23.382882639440407
-12.4875,14.325,23.40226407157166
-12.4875,14.3625,23.424098936048434
-12.4875,14.399999999999999,23.445517932421573
-12.4875,14.4375,23.464147660909113
-12.4875,14.474999999999998,23.476213563899016
-12.4875,14.5125,23.501239415091526
-12.4875,14.55,23.524271650902442
-12.4875,14.587499999999999,23.54573786762328
-12.4875,14.625,23.573589038702462
-12.4875,14.662499999999998,23.588904177928626
-12.4875,14.7,23.612706040838077
-12.4875,14.7375,23.653094152869993
-12.4875,14.774999999999999,23.687730824695578
-12.4875,14.8125,23.70184101857241
-12.4875,14.849999999999998,23.746241806003287
-12.4875,14.8875,23.789395500521643
-12.4875,14.925,23.815835094571792
-12.4875,14.962499999999999,23.856971152010033
-12.4875,15.0,23.888971996734814
-12.4875,15.037499999999998,
-12.4875,15.075,
-12.45,12.45,
-12.45,12.4875,
-12.45,12.524999999999999,
-12.45,12.5625,
-12.45,12.599999999999998,
-12.45,12.6375,
-12.45,12.675,
-12.45,12.712499999999999,
-12.45,12.75,
-12.45,12.787499999999998,
-12.45,12.825,
-12.45,12.8625,
-12.45,12.899999999999999,
-12.45,12.9375,
-12.45,12.974999999999998,
-12.45,13.0125,
-12.45,13.05,
-12.45,13.087499999999999,
-12.45,13.125,
-12.45,13.162499999999998,
-12.45,13.2,
-12.45,13.2375,
-12.45,13.274999999999999,22.951081484898328
-12.45,13.3125,22.957177654533265
-12.45,13.349999999999998,22.94116000525174
-12.45,13.3875,22.92043725927743
-12.45,13.425,22.926779205655915
-12.45,13.462499999999999,22.91847832316953
-12.45,13.5,22.931166824691292
-12.45,13.537499999999998,22.929916105694748
-12.45,13.575,22.931466864485174
-12.45,13.6125,22.934016358083475
-12.45,13.649999999999999,22.942544035949048
-12.45,13.6875,22.95781875149296
-12.45,13.724999999999998,22.969991948537327
-12.45,13.7625,22.98648318312262
-12.45,13.8,22.99824897321282
-12.45,13.837499999999999,23.00711219848284
-12.45,13.875,23.013179552704575
-12.45,13.912499999999998,23.03625657832904
-12.45,13.95,23.07114719956393
-12.45,13.9875,23.13464074633773
-12.45,14.024999999999999,23.164920481088092
-12.45,14.0625,23.19814052014795
-12.45,14.099999999999998,23.220954251578895
-12.45,14.1375,23.25760455010859
-12.45,14.175,23.287656575859568
-12.45,14.212499999999999,23.304964289799084
-12.45,14.25,23.332473438028007
-12.45,14.287499999999998,23.352475139918873
-12.45,14.325,23.367374474055396
-12.45,14.3625,23.387454075167756
-12.45,14.399999999999999,23.407897183869757
-12.45,14.4375,23.426965177765332
-12.45,14.474999999999998,23.446860425808342
-12.45,14.5125,23.466815670690448
-12.45,14.55,23.489019367229574
-12.45,14.587499999999999,23.523934048246566
-12.45,14.625,23.53395827629375
-12.45,14.662499999999998,23.55309033509707
-12.45,14.7,23.579254629599898
-12.45,14.7375,23.620088751207053
-12.45,14.774999999999999,23.650872325018803
-12.45,14.8125,23.677154615560017
-12.45,14.849999999999998,23.71660278789593
-12.45,14.8875,23.75711933809288
-12.45,14.925,
-12.45,14.962499999999999,
-12.45,15.0,
-12.45,15.037499999999998,
-12.45,15.075,
-12.4125,12.45,
-12.4125,12.4875,
-12.4125,12.524999999999999,
-12.4125,12.5625,
-12.4125,12.599999999999998,
-12.4125,12.6375,
-12.4125,12.675,
-12.4125,12.712499999999999,
-12.4125,12.75,
-12.4125,12.787499999999998,
-12.4125,12.825,
-12.4125,12.8625,
-12.4125,12.899999999999999,
-12.4125,12.9375,
-12.4125,12.974999999999998,
-12.4125,13.0125,
-12.4125,13.05,
-12.4125,13.087499999999999,
-12.4125,13.125,
-12.4125,13.162499999999998,
-12.4125,13.2,
-12.4125,13.2375,
-12.4125,13.274999999999999,
-12.4125,13.3125,22.94141619998038
-12.4125,13.349999999999998,22.943252091409764
-12.4125,13.3875,22.92312322996524
-12.4125,13.425,22.922945283625804
-12.4125,13.462499999999999,22.915643995299355
-12.4125,13.5,22.9087592265552
-12.4125,13.537499999999998,22.91645666432261
-12.4125,13.575,22.924689587852974
-12.4125,13.6125,22.925478743043968
-12.4125,13.649999999999999,22.923410570735577
-12.4125,13.6875,22.940866662162005
-12.4125,13.724999999999998,22.95687654756047
-12.4125,13.7625,22.979966515677482
-12.4125,13.8,22.98266008667236
-12.4125,13.837499999999999,22.986988344913886
-12.4125,13.875,23.0013397099359
-12.4125,13.912499999999998,23.024556329371514
-12.4125,13.95,23.06070408824613
-12.4125,13.9875,23.10803612623798
-12.4125,14.024999999999999,23.136051765248485
-12.4125,14.0625,23.172552641400753
-12.4125,14.099999999999998,23.197112343993936
-12.4125,14.1375,23.236744913172178
-12.4125,14.175,23.270584092683748
-12.4125,14.212499999999999,23.285663215546165
-12.4125,14.25,23.31403914887355
-12.4125,14.287499999999998,23.334759598246674
-12.4125,14.325,23.346068149703015
-12.4125,14.3625,23.365471558232517
-12.4125,14.399999999999999,23.38664238434566
-12.4125,14.4375,23.402152015929534
-12.4125,14.474999999999998,23.41855063706953
-12.4125,14.5125,23.433527811727927
-12.4125,14.55,23.458617763872105
-12.4125,14.587499999999999,23.485882476063953
-12.4125,14.625,23.5078830863582
-12.4125,14.662499999999998,23.531002375320963
-12.4125,14.7,23.555157631394703
-12.4125,14.7375,23.589851616665857
-12.4125,14.774999999999999,23.632187610432275
-12.4125,14.8125,23.667873068785457
-12.4125,14.849999999999998,23.6934544770416
-12.4125,14.8875,
-12.4125,14.925,
-12.4125,14.962499999999999,
-12.4125,15.0,
-12.4125,15.037499999999998,
-12.4125,15.075,
-12.375,12.45,
-12.375,12.4875,
-12.375,12.524999999999999,
-12.375,12.5625,
-12.375,12.599999999999998,
-12.375,12.6375,
-12.375,12.675,
-12.375,12.712499999999999,
-12.375,12.75,
-12.375,12.787499999999998,
-12.375,12.825,
-12.375,12.8625,
-12.375,12.899999999999999,
-12.375,12.9375,
-12.375,12.974999999999998,
-12.375,13.0125,
-12.375,13.05,
-12.375,13.087499999999999,
-12.375,13.125,
-12.375,13.162499999999998,
-12.375,13.2,
-12.375,13.2375,
-12.375,13.274999999999999,
-12.375,13.3125,22.94470059501982
-12.375,13.349999999999998,22.932318350341333
-12.375,13.3875,22.913655582981175
-12.375,13.425,22.913038792246276
-12.375,13.462499999999999,22.909349817789227
-12.375,13.5,22.892241646170564
-12.375,13.537499999999998,22.89282859988523
-12.375,13.575,22.896851153169443
-12.375,13.6125,22.911601634169767
-12.375,13.649999999999999,22.916506797970275
-12.375,13.6875,22.94072204538094
-12.375,13.724999999999998,22.953721994434726
-12.375,13.7625,22.97289451229293
-12.375,13.8,22.97812435409957
-12.375,13.837499999999999,22.983333954444607
-12.375,13.875,22.9955401770407
-12.375,13.912499999999998,23.02589126473941
-12.375,13.95,23.05267907137787
-12.375,13.9875,23.099901093495763
-12.375,14.024999999999999,23.120791430031566
-12.375,14.0625,23.151829673416767
-12.375,14.099999999999998,23.18026961218708
-12.375,14.1375,23.218085226496893
-12.375,14.175,23.24887083107029
-12.375,14.212499999999999,23.270859651959547
-12.375,14.25,23.29802963671793
-12.375,14.287499999999998,23.31980818488355
-12.375,14.325,23.335609590218375
-12.375,14.3625,23.35502820811757
-12.375,14.399999999999999,23.37141096589489
-12.375,14.4375,23.395534050904264
-12.375,14.474999999999998,23.41178127688764
-12.375,14.5125,23.41604221490637
-12.375,14.55,23.44143127109158
-12.375,14.587499999999999,23.470642623230486
-12.375,14.625,23.487977353164524
-12.375,14.662499999999998,23.50935638672233
-12.375,14.7,23.542453572666002
-12.375,14.7375,23.57202646002955
-12.375,14.774999999999999,23.605949334964055
-12.375,14.8125,23.642941290620705
-12.375,14.849999999999998,
-12.375,14.8875,
-12.375,14.925,
-12.375,14.962499999999999,
-12.375,15.0,
-12.375,15.037499999999998,
-12.375,15.075,
-12.337499999999999,12.45,
-12.337499999999999,12.4875,
-12.337499999999999,12.524999999999999,
-12.337499999999999,12.5625,
-12.337499999999999,12.599999999999998,
-12.337499999999999,12.6375,
-12.337499999999999,12.675,
-12.337499999999999,12.712499999999999,
-12.337499999999999,12.75,
-12.337499999999999,12.787499999999998,
-12.337499999999999,12.825,
-12.337499999999999,12.8625,
-12.337499999999999,12.899999999999999,
-12.337499999999999,12.9375,
-12.337499999999999,12.974999999999998,
-12.337499999999999,13.0125,
-12.337499999999999,13.05,
-12.337499999999999,13.087499999999999,
-12.337499999999999,13.125,
-12.337499999999999,13.162499999999998,
-12.337499999999999,13.2,
-12.337499999999999,13.2375,
-12.337499999999999,13.274999999999999,22.926071087382834
-12.337499999999999,13.3125,22.919455604400575
-12.337499999999999,13.349999999999998,22.914993867108592
-12.337499999999999,13.3875,22.901898580812897
-12.337499999999999,13.425,22.885620566064123
-12.337499999999999,13.462499999999999,22.885470804358746
-12.337499999999999,13.5,22.881551541486424
-12.337499999999999,13.537499999999998,22.871224868835977
-12.337499999999999,13.575,22.88297283133723
-12.337499999999999,13.6125,22.9003578866266
-12.337499999999999,13.649999999999999,22.90978376453277
-12.337499999999999,13.6875,22.929391353128608
-12.337499999999999,13.724999999999998,22.947490338553624
-12.337499999999999,13.7625,22.95376794006812
-12.337499999999999,13.8,22.968664696179605
-12.337499999999999,13.837499999999999,22.972542977982947
-12.337499999999999,13.875,22.993223587623547
-12.337499999999999,13.912499999999998,23.019528001336088
-12.337499999999999,13.95,23.053800290022977
-12.337499999999999,13.9875,23.07785990406288
-12.337499999999999,14.024999999999999,23.105012526260044
-12.337499999999999,14.0625,23.132583487652678
-12.337499999999999,14.099999999999998,23.16413915028671
-12.337499999999999,14.1375,23.197377655441326
-12.337499999999999,14.175,23.22701405750953
-12.337499999999999,14.212499999999999,23.2583139325854
-12.337499999999999,14.25,23.278931190257683
-12.337499999999999,14.287499999999998,23.30192135042025
-12.337499999999999,14.325,23.32261285135
-12.337499999999999,14.3625,23.339905537507807
-12.337499999999999,14.399999999999999,23.3570189891453
-12.337499999999999,14.4375,23.377978487629168
-12.337499999999999,14.474999999999998,23.390888246447116
-12.337499999999999,14.5125,23.402952082073405
-12.337499999999999,14.55,23.432055756567646
-12.337499999999999,14.587499999999999,23.452131400249908
-12.337499999999999,14.625,23.479543484361262
-12.337499999999999,14.662499999999998,23.499915971817117
-12.337499999999999,14.7,23.522441382646107
-12.337499999999999,14.7375,23.552847736640242
-12.337499999999999,14.774999999999999,23.5866444913514
-12.337499999999999,14.8125,23.624954371774948
-12.337499999999999,14.849999999999998,
-12.337499999999999,14.8875,
-12.337499999999999,14.925,
-12.337499999999999,14.962499999999999,
-12.337499999999999,15.0,
-12.337499999999999,15.037499999999998,
-12.337499999999999,15.075,
-12.3,12.45,
-12.3,12.4875,
-12.3,12.524999999999999,
-12.3,12.5625,
-12.3,12.599999999999998,
-12.3,12.6375,
-12.3,12.675,
-12.3,12.712499999999999,
-12.3,12.75,
-12.3,12.787499999999998,
-12.3,12.825,
-12.3,12.8625,
-12.3,12.899999999999999,
-12.3,12.9375,
-12.3,12.974999999999998,
-12.3,13.0125,
-12.3,13.05,
-12.3,13.087499999999999,
-12.3,13.125,
-12.3,13.162499999999998,
-12.3,13.2,
-12.3,13.2375,
-12.3,13.274999999999999,
-12.3,13.3125,
-12.3,13.349999999999998,22.89425707686686
-12.3,13.3875,22.88660390601125
-12.3,13.425,22.870181631643753
-12.3,13.462499999999999,22.86842558699192
-12.3,13.5,22.876719570934842
-12.3,13.537499999999998,22.86328324669586
-12.3,13.575,22.869872083556547
-12.3,13.6125,22.87507826758848
-12.3,13.649999999999999,22.884325787730578
-12.3,13.6875,22.898888769491055
-12.3,13.724999999999998,22.914058997998282
-12.3,13.7625,22.926094207212447
-12.3,13.8,22.945438559449666
-12.3,13.837499999999999,22.94563168281139
-12.3,13.875,22.96221686299259
-12.3,13.912499999999998,22.995037293684277
-12.3,13.95,23.03068605298965
-12.3,13.9875,23.068617143870096
-12.3,14.024999999999999,23.103448998232633
-12.3,14.0625,23.136672853068504
-12.3,14.099999999999998,23.175391679776432
-12.3,14.1375,23.203547415992357
-12.3,14.175,23.232145369227627
-12.3,14.212499999999999,23.261417588638455
-12.3,14.25,23.272396114352432
-12.3,14.287499999999998,23.294854882996173
-12.3,14.325,23.323374233726334
-12.3,14.3625,23.33496333437801
-12.3,14.399999999999999,23.35363426899722
-12.3,14.4375,23.37600506594356
-12.3,14.474999999999998,23.381676451066934
-12.3,14.5125,23.401304288466235
-12.3,14.55,23.420468391932495
-12.3,14.587499999999999,23.446081736132335
-12.3,14.625,23.467702065440168
-12.3,14.662499999999998,23.490611869759324
-12.3,14.7,23.52880070289387
-12.3,14.7375,23.541243042902426
-12.3,14.774999999999999,23.573977703948138
-12.3,14.8125,
-12.3,14.849999999999998,
-12.3,14.8875,
-12.3,14.925,
-12.3,14.962499999999999,
-12.3,15.0,
-12.3,15.037499999999998,
-12.3,15.075,
-12.2625,12.45,
-12.2625,12.4875,
-12.2625,12.524999999999999,
-12.2625,12.5625,
-12.2625,12.599999999999998,
-12.2625,12.6375,
-12.2625,12.675,
-12.2625,12.712499999999999,
-12.2625,12.75,
-12.2625,12.787499999999998,
-12.2625,12.825,
-12.2625,12.8625,
-12.2625,12.899999999999999,
-12.2625,12.9375,
-12.2625,12.974999999999998,
-12.2625,13.0125,
-12.2625,13.05,
-12.2625,13.087499999999999,
-12.2625,13.125,
-12.2625,13.162499999999998,
-12.2625,13.2,
-12.2625,13.2375,
-12.2625,13.274999999999999,
-12.2625,13.3125,
-12.2625,13.349999999999998,22.903141287903097
-12.2625,13.3875,22.880922571517438
-12.2625,13.425,22.868362926778886
-12.2625,13.462499999999999,22.859920840933636
-12.2625,13.5,22.8581366959156
-12.2625,13.537499999999998,22.85493839366695
-12.2625,13.575,22.8554274431227
-12.2625,13.6125,22.85991292893034
-12.2625,13.649999999999999,22.863367574553642
-12.2625,13.6875,22.87832258140102
-12.2625,13.724999999999998,22.894235034761703
-12.2625,13.7625,22.905496344412548
-12.2625,13.8,22.916652270419196
-12.2625,13.837499999999999,22.930753886554758
-12.2625,13.875,22.946797734128356
-12.2625,13.912499999999998,22.968043232716035
-12.2625,13.95,23.010033374757406
-12.2625,13.9875,23.053047075633213
-12.2625,14.024999999999999,23.07782640832222
-12.2625,14.0625,23.10732879591588
-12.2625,14.099999999999998,23.138426484022162
-12.2625,14.1375,23.168033498550336
-12.2625,14.175,23.202826840923986
-12.2625,14.212499999999999,23.235923923464025
-12.2625,14.25,23.265817656078827
-12.2625,14.287499999999998,23.29118063492407
-12.2625,14.325,23.312472342597015
-12.2625,14.3625,23.340078525553448
-12.2625,14.399999999999999,23.35232656456044
-12.2625,14.4375,23.36800270903841
-12.2625,14.474999999999998,23.38086563862856
-12.2625,14.5125,23.396167709570648
-12.2625,14.55,23.418181758874606
-12.2625,14.587499999999999,23.44166467432492
-12.2625,14.625,23.46019141631092
-12.2625,14.662499999999998,23.483605036042086
-12.2625,14.7,23.50615891439734
-12.2625,14.7375,23.534485950346802
-12.2625,14.774999999999999,
-12.2625,14.8125,
-12.2625,14.849999999999998,
-12.2625,14.8875,
-12.2625,14.925,
-12.2625,14.962499999999999,
-12.2625,15.0,
-12.2625,15.037499999999998,
-12.2625,15.075,
-12.225,12.45,
-12.225,12.4875,
-12.225,12.524999999999999,
-12.225,12.5625,
-12.225,12.599999999999998,
-12.225,12.6375,
-12.225,12.675,
-12.225,12.712499999999999,
-12.225,12.75,
-12.225,12.787499999999998,
-12.225,12.825,
-12.225,12.8625,
-12.225,12.899999999999999,
-12.225,12.9375,
-12.225,12.974999999999998,
-12.225,13.0125,
-12.225,13.05,
-12.225,13.087499999999999,
-12.225,13.125,
-12.225,13.162499999999998,
-12.225,13.2,
-12.225,13.2375,
-12.225,13.274999999999999,
-12.225,13.3125,
-12.225,13.349999999999998,
-12.225,13.3875,
-12.225,13.425,
-12.225,13.462499999999999,22.85726261281247
-12.225,13.5,22.851196329176226
-12.225,13.537499999999998,22.84697294494423
-12.225,13.575,22.844949141691085
-12.225,13.6125,22.8464441456263
-12.225,13.649999999999999,22.854497102092107
-12.225,13.6875,22.86539240277686
-12.225,13.724999999999998,22.88246413192145
-12.225,13.7625,22.890098225401598
-12.225,13.8,22.902778938309226
-12.225,13.837499999999999,22.919751800640128
-12.225,13.875,22.93962957360064
-12.225,13.912499999999998,22.96036633248218
-12.225,13.95,22.99953284252522
-12.225,13.9875,23.029414144050282
-12.225,14.024999999999999,23.062596422749213
-12.225,14.0625,23.09472083908153
-12.225,14.099999999999998,23.127705623706557
-12.225,14.1375,23.158178266525365
-12.225,14.175,23.194119379545892
-12.225,14.212499999999999,23.22747292706234
-12.225,14.25,23.259107828758992
-12.225,14.287499999999998,23.288415964532486
-12.225,14.325,23.318570408086803
-12.225,14.3625,23.33547367582965
-12.225,14.399999999999999,23.351621652242343
-12.225,14.4375,23.368887355628143
-12.225,14.474999999999998,23.381551476561548
-12.225,14.5125,23.397629329067694
-12.225,14.55,23.41227213398816
-12.225,14.587499999999999,23.437169453513533
-12.225,14.625,23.45592642263878
-12.225,14.662499999999998,23.479036409371627
-12.225,14.7,23.499546257709934
-12.225,14.7375,
-12.225,14.774999999999999,
-12.225,14.8125,
-12.225,14.849999999999998,
-12.225,14.8875,
-12.225,14.925,
-12.225,14.962499999999999,
-12.225,15.0,
-12.225,15.037499999999998,
-12.225,15.075,
-12.1875,12.45,
-12.1875,12.4875,
-12.1875,12.524999999999999,
-12.1875,12.5625,
-12.1875,12.599999999999998,
-12.1875,12.6375,
-12.1875,12.675,
-12.1875,12.712499999999999,
-12.1875,12.75,
-12.1875,12.787499999999998,
-12.1875,12.825,
-12.1875,12.8625,
-12.1875,12.899999999999999,
-12.1875,12.9375,
-12.1875,12.974999999999998,
-12.1875,13.0125,
-12.1875,13.05,
-12.1875,13.087499999999999,
-12.1875,13.125,
-12.1875,13.162499999999998,
-12.1875,13.2,
-12.1875,13.2375,
-12.1875,13.274999999999999,
-12.1875,13.3125,
-12.1875,13.349999999999998,
-12.1875,13.3875,
-12.1875,13.425,
-12.1875,13.462499999999999,22.865750618400895
-12.1875,13.5,22.867239024691024
-12.1875,13.537499999999998,22.85603638754905
-12.1875,13.575,22.847861340624004
-12.1875,13.6125,22.842171452532195
-12.1875,13.649999999999999,22.846911152305683
-12.1875,13.6875,22.856894617379787
-12.1875,13.724999999999998,22.870117830105816
-12.1875,13.7625,22.88318160597438
-12.1875,13.8,22.894690876399917
-12.1875,13.837499999999999,22.9122622946434
-12.1875,13.875,22.936277326336953
-12.1875,13.912499999999998,22.958809627620756
-12.1875,13.95,22.987343558650885
-12.1875,13.9875,23.030039269347757
-12.1875,14.024999999999999,23.057397400071014
-12.1875,14.0625,23.0892144272231
-12.1875,14.099999999999998,23.12373265989447
-12.1875,14.1375,23.158537350592017
-12.1875,14.175,23.195681292673022
-12.1875,14.212499999999999,23.229120098282987
-12.1875,14.25,23.263293261417388
-12.1875,14.287499999999998,23.293619672470403
-12.1875,14.325,23.322899040661824
-12.1875,14.3625,23.34205751716409
-12.1875,14.399999999999999,
-12.1875,14.4375,
-12.1875,14.474999999999998,
-12.1875,14.5125,
-12.1875,14.55,
-12.1875,14.587499999999999,23.43489307314358
-12.1875,14.625,23.456747192787073
-12.1875,14.662499999999998,23.47441169645834
-12.1875,14.7,
-12.1875,14.7375,
-12.1875,14.774999999999999,
-12.1875,14.8125,
-12.1875,14.849999999999998,
-12.1875,14.8875,
-12.1875,14.925,
-12.1875,14.962499999999999,
-12.1875,15.0,
-12.1875,15.037499999999998,
-12.1875,15.075,
-12.149999999999999,12.45,
-12.149999999999999,12.4875,
-12.149999999999999,12.524999999999999,
-12.149999999999999,12.5625,
-12.149999999999999,12.599999999999998,
-12.149999999999999,12.6375,
-12.149999999999999,12.675,
-12.149999999999999,12.712499999999999,
-12.149999999999999,12.75,
-12.149999999999999,12.787499999999998,
-12.149999999999999,12.825,
-12.149999999999999,12.8625,
-12.149999999999999,12.899999999999999,
-12.149999999999999,12.9375,
-12.149999999999999,12.974999999999998,
-12.149999999999999,13.0125,
-12.149999999999999,13.05,
-12.149999999999999,13.087499999999999,
-12.149999999999999,13.125,
-12.149999999999999,13.162499999999998,
-12.149999999999999,13.2,
-12.149999999999999,13.2375,
-12.149999999999999,13.274999999999999,
-12.149999999999999,13.3125,
-12.149999999999999,13.349999999999998,
-12.149999999999999,13.3875,
-12.149999999999999,13.425,22.889775319882645
-12.149999999999999,13.462499999999999,22.8825778729927
-12.149999999999999,13.5,22.871441197464016
-12.149999999999999,13.537499999999998,22.86033893979487
-12.149999999999999,13.575,22.853801711828883
-12.149999999999999,13.6125,22.85686847235352
-12.149999999999999,13.649999999999999,22.851905043519842
-12.149999999999999,13.6875,22.852044117675515
-12.149999999999999,13.724999999999998,22.859698250531704
-12.149999999999999,13.7625,22.87224037175059
-12.149999999999999,13.8,22.89011253073682
-12.149999999999999,13.837499999999999,22.914670897592927
-12.149999999999999,13.875,22.93489495542625
-12.149999999999999,13.912499999999998,22.966055540082213
-12.149999999999999,13.95,22.99360728241192
-12.149999999999999,13.9875,23.02414846590547
-12.149999999999999,14.024999999999999,23.06426796738309
-12.149999999999999,14.0625,23.094427272725152
-12.149999999999999,14.099999999999998,23.129096552217398
-12.149999999999999,14.1375,23.168065501930737
-12.149999999999999,14.175,23.207805456665877
-12.149999999999999,14.212499999999999,23.234405412093974
-12.149999999999999,14.25,23.269789828684086
-12.149999999999999,14.287499999999998,23.300780143534165
-12.149999999999999,14.325,23.327467181909423
-12.149999999999999,14.3625,23.345744731286306
-12.149999999999999,14.399999999999999,
-12.149999999999999,14.4375,
-12.149999999999999,14.474999999999998,
-12.149999999999999,14.5125,
-12.149999999999999,14.55,
-12.149999999999999,14.587499999999999,
-12.149999999999999,14.625,23.456242384216946
-12.149999999999999,14.662499999999998,
-12.149999999999999,14.7,
-12.149999999999999,14.7375,
-12.149999999999999,14.774999999999999,
-12.149999999999999,14.8125,
-12.149999999999999,14.849999999999998,
-12.149999999999999,14.8875,
-12.149999999999999,14.925,
-12.149999999999999,14.962499999999999,
-12.149999999999999,15.0,
-12.149999999999999,15.037499999999998,
-12.149999999999999,15.075,
-12.1125,12.45,
-12.1125,12.4875,
-12.1125,12.524999999999999,
-12.1125,12.5625,
-12.1125,12.599999999999998,
-12.1125,12.6375,
-12.1125,12.675,
-12.1125,12.712499999999999,
-12.1125,12.75,
-12.1125,12.787499999999998,
-12.1125,12.825,
-12.1125,12.8625,
-12.1125,12.899999999999999,
-12.1125,12.9375,
-12.1125,12.974999999999998,
-12.1125,13.0125,
-12.1125,13.05,
-12.1125,13.087499999999999,
-12.1125,13.125,
-12.1125,13.162499999999998,
-12.1125,13.2,
-12.1125,13.2375,
-12.1125,13.274999999999999,
-12.1125,13.3125,
-12.1125,13.349999999999998,
-12.1125,13.3875,22.925718803486095
-12.1125,13.425,22.906007114195383
-12.1125,13.462499999999999,22.897525686607576
-12.1125,13.5,22.916402817488038
-12.1125,13.537499999999998,22.894414057360517
-12.1125,13.575,22.8682598056199
-12.1125,13.6125,22.877627014660025
-12.1125,13.649999999999999,22.862738563796906
-12.1125,13.6875,22.86703884388415
-12.1125,13.724999999999998,22.867388567516844
-12.1125,13.7625,22.870111581959332
-12.1125,13.8,22.891201465991745
-12.1125,13.837499999999999,22.917367670211977
-12.1125,13.875,22.945477221038754
-12.1125,13.912499999999998,22.976633106838545
-12.1125,13.95,23.001318698806987
-12.1125,13.9875,23.031047068421284
-12.1125,14.024999999999999,23.07279322320835
-12.1125,14.0625,23.099896836544524
-12.1125,14.099999999999998,23.136605013545353
-12.1125,14.1375,23.17315513145267
-12.1125,14.175,23.206477645798756
-12.1125,14.212499999999999,23.23884392154205
-12.1125,14.25,23.276729792186188
-12.1125,14.287499999999998,23.299043241779646
-12.1125,14.325,23.321108595353106
-12.1125,14.3625,23.341681554264134
-12.1125,14.399999999999999,
-12.1125,14.4375,
-12.1125,14.474999999999998,
-12.1125,14.5125,
-12.1125,14.55,
-12.1125,14.587499999999999,
-12.1125,14.625,
-12.1125,14.662499999999998,
-12.1125,14.7,
-12.1125,14.7375,
-12.1125,14.774999999999999,
-12.1125,14.8125,
-12.1125,14.849999999999998,
-12.1125,14.8875,
-12.1125,14.925,
-12.1125,14.962499999999999,
-12.1125,15.0,
-12.1125,15.037499999999998,
-12.1125,15.075,
-12.075,12.45,
-12.075,12.4875,
-12.075,12.524999999999999,
-12.075,12.5625,
-12.075,12.599999999999998,
-12.075,12.6375,
-12.075,12.675,
-12.075,12.712499999999999,
-12.075,12.75,
-12.075,12.787499999999998,
-12.075,12.825,
-12.075,12.8625,
-12.075,12.899999999999999,
-12.075,12.9375,
-12.075,12.974999999999998,
-12.075,13.0125,
-12.075,13.05,
-12.075,13.087499999999999,
-12.075,13.125,
-12.075,13.162499999999998,
-12.075,13.2,
-12.075,13.2375,
-12.075,13.274999999999999,
-12.075,13.3125,
-12.075,13.349999999999998,
-12.075,13.3875,22.926153231568257
-12.075,13.425,22.914230516178023
-12.075,13.462499999999999,22.912818882064105
-12.075,13.5,22.908348199524205
-12.075,13.537499999999998,22.89056797976764
-12.075,13.575,22.890804604977188
-12.075,13.6125,22.88222211818122
-12.075,13.649999999999999,22.867018679306963
-12.075,13.6875,22.86120222804935
-12.075,13.724999999999998,22.856260454689096
-12.075,13.7625,22.874774990277327
-12.075,13.8,22.895232712357277
-12.075,13.837499999999999,22.916752486358526
-12.075,13.875,22.942201585487208
-12.075,13.912499999999998,22.973186469923288
-12.075,13.95,23.005947408012823
-12.075,13.9875,23.038261683288642
-12.075,14.024999999999999,23.065264625747368
-12.075,14.0625,23.10762824092309
-12.075,14.099999999999998,23.13957188577665
-12.075,14.1375,23.18332875794205
-12.075,14.175,23.208953226315188
-12.075,14.212499999999999,23.23684398559948
-12.075,14.25,23.27449919510974
-12.075,14.287499999999998,23.29418933670323
-12.075,14.325,
-12.075,14.3625,
-12.075,14.399999999999999,
-12.075,14.4375,
-12.075,14.474999999999998,
-12.075,14.5125,
-12.075,14.55,
-12.075,14.587499999999999,
-12.075,14.625,
-12.075,14.662499999999998,
-12.075,14.7,
-12.075,14.7375,
-12.075,14.774999999999999,
-12.075,14.8125,
-12.075,14.849999999999998,
-12.075,14.8875,
-12.075,14.925,
-12.075,14.962499999999999,
-12.075,15.0,
-12.075,15.037499999999998,
-12.075,15.075,
-12.0375,12.45,
-12.0375,12.4875,
-12.0375,12.524999999999999,
-12.0375,12.5625,
-12.0375,12.599999999999998,
-12.0375,12.6375,
-12.0375,12.675,
-12.0375,12.712499999999999,
-12.0375,12.75,
-12.0375,12.787499999999998,
-12.0375,12.825,
-12.0375,12.8625,
-12.0375,12.899999999999999,
-12.0375,12.9375,
-12.0375,12.974999999999998,
-12.0375,13.0125,
-12.0375,13.05,
-12.0375,13.087499999999999,
-12.0375,13.125,
-12.0375,13.162499999999998,
-12.0375,13.2,
-12.0375,13.2375,
-12.0375,13.274999999999999,
-12.0375,13.3125,
-12.0375,13.349999999999998,
-12.0375,13.3875,22.92287043285894
-12.0375,13.425,22.913331283020327
-12.0375,13.462499999999999,22.932649533271388
-12.0375,13.5,22.93055738665768
-12.0375,13.537499999999998,22.904162351312106
-12.0375,13.575,22.86860961157942
-12.0375,13.6125,22.847951889406616
-12.0375,13.649999999999999,22.842269143366106
-12.0375,13.6875,
-12.0375,13.724999999999998,
-12.0375,13.7625,22.87479267291822
-12.0375,13.8,22.897856604781502
-12.0375,13.837499999999999,22.92251194553129
-12.0375,13.875,22.944217000570877
-12.0375,13.912499999999998,22.966683837602854
-12.0375,13.95,23.0022188116459
-12.0375,13.9875,23.04064881058117
-12.0375,14.024999999999999,23.0714323506858
-12.0375,14.0625,23.11511510754186
-12.0375,14.099999999999998,23.141919579053624
-12.0375,14.1375,23.180759409395737
-12.0375,14.175,23.205841546761814
-12.0375,14.212499999999999,23.23917035829431
-12.0375,14.25,23.26577004447652
-12.0375,14.287499999999998,23.287667781419547
-12.0375,14.325,
-12.0375,14.3625,
-12.0375,14.399999999999999,
-12.0375,14.4375,
-12.0375,14.474999999999998,
-12.0375,14.5125,
-12.0375,14.55,
-12.0375,14.587499999999999,
-12.0375,14.625,
-12.0375,14.662499999999998,
-12.0375,14.7,
-12.0375,14.7375,
-12.0375,14.774999999999999,
-12.0375,14.8125,
-12.0375,14.849999999999998,
-12.0375,14.8875,
-12.0375,14.925,
-12.0375,14.962499999999999,
-12.0375,15.0,
-12.0375,15.037499999999998,
-12.0375,15.075,
-12.0,12.45,
-12.0,12.4875,
-12.0,12.524999999999999,
-12.0,12.5625,
-12.0,12.599999999999998,
-12.0,12.6375,
-12.0,12.675,
-12.0,12.712499999999999,
-12.0,12.75,
-12.0,12.787499999999998,
-12.0,12.825,
-12.0,12.8625,
-12.0,12.899999999999999,
-12.0,12.9375,
-12.0,12.974999999999998,
-12.0,13.0125,
-12.0,13.05,
-12.0,13.087499999999999,
-12.0,13.125,
-12.0,13.162499999999998,
-12.0,13.2,
-12.0,13.2375,
-12.0,13.274999999999999,
-12.0,13.3125,
-12.0,13.349999999999998,22.960833379402835
-12.0,13.3875,22.930065559459113
-12.0,13.425,22.90740011932529
-12.0,13.462499999999999,22.900414835677967
-12.0,13.5,22.887129127828924
-12.0,13.537499999999998,22.874850209380618
-12.0,13.575,22.85194223472753
-12.0,13.6125,
-12.0,13.649999999999999,
-12.0,13.6875,
-12.0,13.724999999999998,
-12.0,13.7625,
-12.0,13.8,22.904013929622145
-12.0,13.837499999999999,22.93206934717632
-12.0,13.875,22.94751983315832
-12.0,13.912499999999998,22.965336713693628
-12.0,13.95,22.998959025832228
-12.0,13.9875,23.03358994818622
-12.0,14.024999999999999,
-12.0,14.0625,23.113299970461302
-12.0,14.099999999999998,23.146044642800554
-12.0,14.1375,23.182466047806436
-12.0,14.175,23.207133320567088
-12.0,14.212499999999999,23.24271004423512
-12.0,14.25,
-12.0,14.287499999999998,
-12.0,14.325,
-12.0,14.3625,
-12.0,14.399999999999999,
-12.0,14.4375,
-12.0,14.474999999999998,
-12.0,14.5125,
-12.0,14.55,
-12.0,14.587499999999999,
-12.0,14.625,
-12.0,14.662499999999998,
-12.0,14.7,
-12.0,14.7375,
-12.0,14.774999999999999,
-12.0,14.8125,
-12.0,14.849999999999998,
-12.0,14.8875,
-12.0,14.925,
-12.0,14.962499999999999,
-12.0,15.0,
-12.0,15.037499999999998,
-12.0,15.075,
-11.962499999999999,12.45,
-11.962499999999999,12.4875,
-11.962499999999999,12.524999999999999,
-11.962499999999999,12.5625,
-11.962499999999999,12.599999999999998,
-11.962499999999999,12.6375,
-11.962499999999999,12.675,
-11.962499999999999,12.712499999999999,
-11.962499999999999,12.75,
-11.962499999999999,12.787499999999998,
-11.962499999999999,12.825,
-11.962499999999999,12.8625,
-11.962499999999999,12.899999999999999,
-11.962499999999999,12.9375,
-11.962499999999999,12.974999999999998,
-11.962499999999999,13.0125,
-11.962499999999999,13.05,
-11.962499999999999,13.087499999999999,
-11.962499999999999,13.125,
-11.962499999999999,13.162499999999998,
-11.962499999999999,13.2,
-11.962499999999999,13.2375,
-11.962499999999999,13.274999999999999,
-11.962499999999999,13.3125,
-11.962499999999999,13.349999999999998,
-11.962499999999999,13.3875,22.936566535612034
-11.962499999999999,13.425,22.91920462417495
-11.962499999999999,13.462499999999999,22.89131501304729
-11.962499999999999,13.5,22.880324302555632
-11.962499999999999,13.537499999999998,
-11.962499999999999,13.575,
-11.962499999999999,13.6125,
-11.962499999999999,13.649999999999999,
-11.962499999999999,13.6875,
-11.962499999999999,13.724999999999998,
-11.962499999999999,13.7625,
-11.962499999999999,13.8,22.891264201676616
-11.962499999999999,13.837499999999999,22.927226735192622
-11.962499999999999,13.875,22.943986589830608
-11.962499999999999,13.912499999999998,22.960104149849137
-11.962499999999999,13.95,22.99038877751926
-11.962499999999999,13.9875,23.03093070476259
-11.962499999999999,14.024999999999999,
-11.962499999999999,14.0625,
-11.962499999999999,14.099999999999998,
-11.962499999999999,14.1375,
-11.962499999999999,14.175,
-11.962499999999999,14.212499999999999,
-11.962499999999999,14.25,
-11.962499999999999,14.287499999999998,
-11.962499999999999,14.325,
-11.962499999999999,14.3625,
-11.962499999999999,14.399999999999999,
-11.962499999999999,14.4375,
-11.962499999999999,14.474999999999998,
-11.962499999999999,14.5125,
-11.962499999999999,14.55,
-11.962499999999999,14.587499999999999,
-11.962499999999999,14.625,
-11.962499999999999,14.662499999999998,
-11.962499999999999,14.7,
-11.962499999999999,14.7375,
-11.962499999999999,14.774999999999999,
-11.962499999999999,14.8125,
-11.962499999999999,14.849999999999998,
-11.962499999999999,14.8875,
-11.962499999999999,14.925,
-11.962499999999999,14.962499999999999,
-11.962499999999999,15.0,
-11.962499999999999,15.037499999999998,
-11.962499999999999,15.075,
-11.925,12.45,
-11.925,12.4875,
-11.925,12.524999999999999,
-11.925,12.5625,
-11.925,12.599999999999998,
-11.925,12.6375,
-11.925,12.675,
-11.925,12.712499999999999,
-11.925,12.75,
-11.925,12.787499999999998,
-11.925,12.825,
-11.925,12.8625,
-11.925,12.899999999999999,
-11.925,12.9375,
-11.925,12.974999999999998,
-11.925,13.0125,
-11.925,13.05,
-11.925,13.087499999999999,
-11.925,13.125,
-11.925,13.162499999999998,
-11.925,13.2,
-11.925,13.2375,
-11.925,13.274999999999999,
-11.925,13.3125,
-11.925,13.349999999999998,
-11.925,13.3875,22.930152906699266
-11.925,13.425,22.917207781223315
-11.925,13.462499999999999,22.895911436296448
-11.925,13.5,22.87703166300752
-11.925,13.537499999999998,
-11.925,13.575,
-11.925,13.6125,
-11.925,13.649999999999999,
-11.925,13.6875,
-11.925,13.724999999999998,
-11.925,13.7625,
-11.925,13.8,
-11.925,13.837499999999999,
-11.925,13.875,
-11.925,13.912499999999998,
-11.925,13.95,
-11.925,13.9875,
-11.925,14.024999999999999,
-11.925,14.0625,
-11.925,14.099999999999998,
-11.925,14.1375,
-11.925,14.175,
-11.925,14.212499999999999,
-11.925,14.25,
-11.925,14.287499999999998,
-11.925,14.325,
-11.925,14.3625,
-11.925,14.399999999999999,
-11.925,14.4375,
-11.925,14.474999999999998,
-11.925,14.5125,
-11.925,14.55,
-11.925,14.587499999999999,
-11.925,14.625,
-11.925,14.662499999999998,
-11.925,14.7,
-11.925,14.7375,
-11.925,14.774999999999999,
-11.925,14.8125,
-11.925,14.849999999999998,
-11.925,14.8875,
-11.925,14.925,
-11.925,14.962499999999999,
-11.925,15.0,
-11.925,15.037499999999998,
-11.925,15.075,
-11.8875,12.45,
-11.8875,12.4875,
-11.8875,12.524999999999999,
-11.8875,12.5625,
-11.8875,12.599999999999998,
-11.8875,12.6375,
-11.8875,12.675,
-11.8875,12.712499999999999,
-11.8875,12.75,
-11.8875,12.787499999999998,
-11.8875,12.825,
-11.8875,12.8625,
-11.8875,12.899999999999999,
-11.8875,12.9375,
-11.8875,12.974999999999998,
-11.8875,13.0125,
-11.8875,13.05,
-11.8875,13.087499999999999,
-11.8875,13.125,
-11.8875,13.162499999999998,
-11.8875,13.2,
-11.8875,13.2375,
-11.8875,13.274999999999999,
-11.8875,13.3125,
-11.8875,13.349999999999998,
-11.8875,13.3875,
-11.8875,13.425,22.91221266122919
-11.8875,13.462499999999999,22.896652845750715
-11.8875,13.5,
-11.8875,13.537499999999998,
-11.8875,13.575,
-11.8875,13.6125,
-11.8875,13.649999999999999,
-11.8875,13.6875,
-11.8875,13.724999999999998,
-11.8875,13.7625,
-11.8875,13.8,
-11.8875,13.837499999999999,
-11.8875,13.875,
-11.8875,13.912499999999998,
-11.8875,13.95,
-11.8875,13.9875,
-11.8875,14.024999999999999,
-11.8875,14.0625,
-11.8875,14.099999999999998,
-11.8875,14.1375,
-11.8875,14.175,
-11.8875,14.212499999999999,
-11.8875,14.25,
-11.8875,14.287499999999998,
-11.8875,14.325,
-11.8875,14.3625,
-11.8875,14.399999999999999,
-11.8875,14.4375,
-11.8875,14.474999999999998,
-11.8875,14.5125,
-11.8875,14.55,
-11.8875,14.587499999999999,
-11.8875,14.625,
-11.8875,14.662499999999998,
-11.8875,14.7,
-11.8875,14.7375,
-11.8875,14.774999999999999,
-11.8875,14.8125,
-11.8875,14.849999999999998,
-11.8875,14.8875,
-11.8875,14.925,
-11.8875,14.962499999999999,
-11.8875,15.0,
-11.8875,15.037499999999998,
-11.8875,15.075,
