longitude,latitude,val
-16.0125,12.45,
-16.0125,12.4875,
-16.0125,12.524999999999999,
-16.0125,12.5625,
-16.0125,12.599999999999998,
-16.0125,12.6375,
-16.0125,12.675,3.6799999999999926
-16.0125,12.712499999999999,
-16.0125,12.75,4.183333333333323
-16.0125,12.787499999999998,
-16.0125,12.825,
-16.0125,12.8625,
-16.0125,12.899999999999999,
-16.0125,12.9375,
-16.0125,12.974999999999998,
-16.0125,13.0125,
-16.0125,13.05,
-16.0125,13.087499999999999,
-16.0125,13.125,
-16.0125,13.162499999999998,
-16.0125,13.2,
-16.0125,13.2375,
-16.0125,13.274999999999999,
-16.0125,13.3125,
-16.0125,13.349999999999998,
-16.0125,13.3875,
-16.0125,13.425,
-16.0125,13.462499999999999,
-16.0125,13.5,
-16.0125,13.537499999999998,
-16.0125,13.575,
-16.0125,13.6125,
-16.0125,13.649999999999999,
-16.0125,13.6875,
-16.0125,13.724999999999998,
-16.0125,13.7625,
-16.0125,13.8,
-16.0125,13.837499999999999,
-16.0125,13.875,
-16.0125,13.912499999999998,
-16.0125,13.95,
-16.0125,13.9875,
-16.0125,14.024999999999999,
-16.0125,14.0625,
-16.0125,14.099999999999998,
-16.0125,14.1375,
-16.0125,14.175,
-16.0125,14.212499999999999,
-16.0125,14.25,
-16.0125,14.287499999999998,
-16.0125,14.325,
-16.0125,14.3625,
-16.0125,14.399999999999999,
-16.0125,14.4375,
-16.0125,14.474999999999998,
-16.0125,14.5125,
-16.0125,14.55,
-16.0125,14.587499999999999,
-16.0125,14.625,
-16.0125,14.662499999999998,
-16.0125,14.7,
-16.0125,14.7375,
-16.0125,14.774999999999999,
-16.0125,14.8125,
-16.0125,14.849999999999998,
-16.0125,14.8875,
-16.0125,14.925,
-16.0125,14.962499999999999,
-16.0125,15.0,
-16.0125,15.037499999999998,
-16.0125,15.075,
-15.975,12.45,
-15.975,12.4875,
-15.975,12.524999999999999,
-15.975,12.5625,
-15.975,12.599999999999998,
-15.975,12.6375,2.7866666666666617
-15.975,12.675,2.5566666666666436
-15.975,12.712499999999999,0.2466666666666697
-15.975,12.75,-0.160000000000025
-15.975,12.787499999999998,2.933333333333337
-15.975,12.825,1.4099999999999966
-15.975,12.8625,
-15.975,12.899999999999999,3.9766666666666595
-15.975,12.9375,4.903333333333336
-15.975,12.974999999999998,
-15.975,13.0125,
-15.975,13.05,
-15.975,13.087499999999999,
-15.975,13.125,
-15.975,13.162499999999998,
-15.975,13.2,
-15.975,13.2375,
-15.975,13.274999999999999,
-15.975,13.3125,
-15.975,13.349999999999998,
-15.975,13.3875,
-15.975,13.425,
-15.975,13.462499999999999,
-15.975,13.5,
-15.975,13.537499999999998,
-15.975,13.575,
-15.975,13.6125,
-15.975,13.649999999999999,
-15.975,13.6875,
-15.975,13.724999999999998,
-15.975,13.7625,
-15.975,13.8,
-15.975,13.837499999999999,
-15.975,13.875,
-15.975,13.912499999999998,
-15.975,13.95,
-15.975,13.9875,
-15.975,14.024999999999999,
-15.975,14.0625,
-15.975,14.099999999999998,
-15.975,14.1375,
-15.975,14.175,
-15.975,14.212499999999999,
-15.975,14.25,
-15.975,14.287499999999998,
-15.975,14.325,
-15.975,14.3625,
-15.975,14.399999999999999,
-15.975,14.4375,
-15.975,14.474999999999998,
-15.975,14.5125,
-15.975,14.55,
-15.975,14.587499999999999,
-15.975,14.625,
-15.975,14.662499999999998,
-15.975,14.7,
-15.975,14.7375,
-15.975,14.774999999999999,
-15.975,14.8125,
-15.975,14.849999999999998,
-15.975,14.8875,
-15.975,14.925,
-15.975,14.962499999999999,
-15.975,15.0,
-15.975,15.037499999999998,
-15.975,15.075,
-15.9375,12.45,
-15.9375,12.4875,
-15.9375,12.524999999999999,
-15.9375,12.5625,1.220000000000013
-15.9375,12.599999999999998,1.759999999999991
-15.9375,12.6375,0.6566666666666805
-15.9375,12.675,0.05333333333334167
-15.9375,12.712499999999999,2.2266666666666595
-15.9375,12.75,1.6099999999999852
-15.9375,12.787499999999998,-0.07333333333332348
-15.9375,12.825,-0.6533333333333502
-15.9375,12.8625,2.066666666666663
-15.9375,12.899999999999999,2.5333333333333456
-15.9375,12.9375,2.489999999999995
-15.9375,12.974999999999998,2.2266666666666737
-15.9375,13.0125,
-15.9375,13.05,
-15.9375,13.087499999999999,
-15.9375,13.125,
-15.9375,13.162499999999998,
-15.9375,13.2,
-15.9375,13.2375,
-15.9375,13.274999999999999,
-15.9375,13.3125,
-15.9375,13.349999999999998,
-15.9375,13.3875,
-15.9375,13.425,
-15.9375,13.462499999999999,
-15.9375,13.5,
-15.9375,13.537499999999998,
-15.9375,13.575,
-15.9375,13.6125,
-15.9375,13.649999999999999,
-15.9375,13.6875,
-15.9375,13.724999999999998,
-15.9375,13.7625,
-15.9375,13.8,
-15.9375,13.837499999999999,
-15.9375,13.875,
-15.9375,13.912499999999998,
-15.9375,13.95,
-15.9375,13.9875,
-15.9375,14.024999999999999,
-15.9375,14.0625,
-15.9375,14.099999999999998,
-15.9375,14.1375,
-15.9375,14.175,
-15.9375,14.212499999999999,
-15.9375,14.25,
-15.9375,14.287499999999998,
-15.9375,14.325,
-15.9375,14.3625,
-15.9375,14.399999999999999,
-15.9375,14.4375,
-15.9375,14.474999999999998,
-15.9375,14.5125,
-15.9375,14.55,
-15.9375,14.587499999999999,
-15.9375,14.625,
-15.9375,14.662499999999998,
-15.9375,14.7,
-15.9375,14.7375,
-15.9375,14.774999999999999,
-15.9375,14.8125,
-15.9375,14.849999999999998,
-15.9375,14.8875,
-15.9375,14.925,
-15.9375,14.962499999999999,
-15.9375,15.0,
-15.9375,15.037499999999998,
-15.9375,15.075,
-15.899999999999999,12.45,
-15.899999999999999,12.4875,-0.7566666666666748
-15.899999999999999,12.524999999999999,-1.670000000000016
-15.899999999999999,12.5625,0.5599999999999881
-15.899999999999999,12.599999999999998,3.953333333333333
-15.899999999999999,12.6375,-1.4210854715202004e-14
-15.899999999999999,12.675,0.046666666666638434
-15.899999999999999,12.712499999999999,-0.359999999999971
-15.899999999999999,12.75,0.9399999999999835
-15.899999999999999,12.787499999999998,3.1499999999999915
-15.899999999999999,12.825,3.0800000000000125
-15.899999999999999,12.8625,2.8866666666666276
-15.899999999999999,12.899999999999999,1.7866666666666333
-15.899999999999999,12.9375,-0.04000000000000625
-15.899999999999999,12.974999999999998,0.7966666666666526
-15.899999999999999,13.0125,1.423333333333332
-15.899999999999999,13.05,0.07333333333332348
-15.899999999999999,13.087499999999999,
-15.899999999999999,13.125,0.15666666666665208
-15.899999999999999,13.162499999999998,
-15.899999999999999,13.2,
-15.899999999999999,13.2375,
-15.899999999999999,13.274999999999999,
-15.899999999999999,13.3125,
-15.899999999999999,13.349999999999998,
-15.899999999999999,13.3875,
-15.899999999999999,13.425,
-15.899999999999999,13.462499999999999,
-15.899999999999999,13.5,
-15.899999999999999,13.537499999999998,
-15.899999999999999,13.575,
-15.899999999999999,13.6125,
-15.899999999999999,13.649999999999999,
-15.899999999999999,13.6875,
-15.899999999999999,13.724999999999998,
-15.899999999999999,13.7625,
-15.899999999999999,13.8,
-15.899999999999999,13.837499999999999,
-15.899999999999999,13.875,
-15.899999999999999,13.912499999999998,
-15.899999999999999,13.95,
-15.899999999999999,13.9875,
-15.899999999999999,14.024999999999999,
-15.899999999999999,14.0625,
-15.899999999999999,14.099999999999998,
-15.899999999999999,14.1375,
-15.899999999999999,14.175,
-15.899999999999999,14.212499999999999,
-15.899999999999999,14.25,
-15.899999999999999,14.287499999999998,
-15.899999999999999,14.325,
-15.899999999999999,14.3625,
-15.899999999999999,14.399999999999999,
-15.899999999999999,14.4375,
-15.899999999999999,14.474999999999998,
-15.899999999999999,14.5125,
-15.899999999999999,14.55,
-15.899999999999999,14.587499999999999,
-15.899999999999999,14.625,
-15.899999999999999,14.662499999999998,
-15.899999999999999,14.7,
-15.899999999999999,14.7375,
-15.899999999999999,14.774999999999999,
-15.899999999999999,14.8125,
-15.899999999999999,14.849999999999998,
-15.899999999999999,14.8875,
-15.899999999999999,14.925,
-15.899999999999999,14.962499999999999,
-15.899999999999999,15.0,
-15.899999999999999,15.037499999999998,
-15.899999999999999,15.075,
-15.862499999999999,12.45,-0.4166666666666856
-15.862499999999999,12.4875,-0.6400000000000148
-15.862499999999999,12.524999999999999,-1.9800000000000182
-15.862499999999999,12.5625,-2.2666666666666657
-15.862499999999999,12.599999999999998,-1.703333333333319
-15.862499999999999,12.6375,-3.606666666666669
-15.862499999999999,12.675,-2.7066666666666634
-15.862499999999999,12.712499999999999,-1.0200000000000102
-15.862499999999999,12.75,-1.519999999999996
-15.862499999999999,12.787499999999998,-1.759999999999991
-15.862499999999999,12.825,1.9666666666666544
-15.862499999999999,12.8625,2.680000000000007
-15.862499999999999,12.899999999999999,1.88333333333334
-15.862499999999999,12.9375,1.5266666666666566
-15.862499999999999,12.974999999999998,1.916666666666643
-15.862499999999999,13.0125,2.5999999999999943
-15.862499999999999,13.05,1.0700000000000074
-15.862499999999999,13.087499999999999,1.2066666666666634
-15.862499999999999,13.125,-0.28666666666667595
-15.862499999999999,13.162499999999998,-0.2400000000000233
-15.862499999999999,13.2,
-15.862499999999999,13.2375,
-15.862499999999999,13.274999999999999,
-15.862499999999999,13.3125,
-15.862499999999999,13.349999999999998,
-15.862499999999999,13.3875,
-15.862499999999999,13.425,
-15.862499999999999,13.462499999999999,
-15.862499999999999,13.5,
-15.862499999999999,13.537499999999998,
-15.862499999999999,13.575,
-15.862499999999999,13.6125,
-15.862499999999999,13.649999999999999,
-15.862499999999999,13.6875,
-15.862499999999999,13.724999999999998,
-15.862499999999999,13.7625,
-15.862499999999999,13.8,
-15.862499999999999,13.837499999999999,
-15.862499999999999,13.875,
-15.862499999999999,13.912499999999998,
-15.862499999999999,13.95,
-15.862499999999999,13.9875,
-15.862499999999999,14.024999999999999,
-15.862499999999999,14.0625,
-15.862499999999999,14.099999999999998,
-15.862499999999999,14.1375,
-15.862499999999999,14.175,
-15.862499999999999,14.212499999999999,
-15.862499999999999,14.25,
-15.862499999999999,14.287499999999998,
-15.862499999999999,14.325,
-15.862499999999999,14.3625,
-15.862499999999999,14.399999999999999,
-15.862499999999999,14.4375,
-15.862499999999999,14.474999999999998,
-15.862499999999999,14.5125,
-15.862499999999999,14.55,
-15.862499999999999,14.587499999999999,
-15.862499999999999,14.625,
-15.862499999999999,14.662499999999998,
-15.862499999999999,14.7,
-15.862499999999999,14.7375,
-15.862499999999999,14.774999999999999,
-15.862499999999999,14.8125,
-15.862499999999999,14.849999999999998,
-15.862499999999999,14.8875,
-15.862499999999999,14.925,
-15.862499999999999,14.962499999999999,
-15.862499999999999,15.0,
-15.862499999999999,15.037499999999998,
-15.862499999999999,15.075,
-15.825,12.45,-3.0433333333333366
-15.825,12.4875,-3.890000000000029
-15.825,12.524999999999999,-3.806666666666672
-15.825,12.5625,-2.2866666666666617
-15.825,12.599999999999998,-1.8833333333333684
-15.825,12.6375,-3.670000000000016
-15.825,12.675,-3.6933333333333564
-15.825,12.712499999999999,-0.9833333333333485
-15.825,12.75,0.19333333333332803
-15.825,12.787499999999998,0.21666666666666856
-15.825,12.825,-0.9433333333333564
-15.825,12.8625,0.24999999999997158
-15.825,12.899999999999999,0.8633333333333155
-15.825,12.9375,2.0633333333333326
-15.825,12.974999999999998,3.403333333333336
-15.825,13.0125,1.9599999999999937
-15.825,13.05,0.6833333333333229
-15.825,13.087499999999999,1.3166666666666487
-15.825,13.125,1.0300000000000011
-15.825,13.162499999999998,0.8166666666666345
-15.825,13.2,
-15.825,13.2375,
-15.825,13.274999999999999,
-15.825,13.3125,
-15.825,13.349999999999998,
-15.825,13.3875,
-15.825,13.425,
-15.825,13.462499999999999,
-15.825,13.5,
-15.825,13.537499999999998,
-15.825,13.575,
-15.825,13.6125,
-15.825,13.649999999999999,
-15.825,13.6875,
-15.825,13.724999999999998,
-15.825,13.7625,
-15.825,13.8,
-15.825,13.837499999999999,
-15.825,13.875,
-15.825,13.912499999999998,
-15.825,13.95,
-15.825,13.9875,
-15.825,14.024999999999999,
-15.825,14.0625,
-15.825,14.099999999999998,
-15.825,14.1375,
-15.825,14.175,
-15.825,14.212499999999999,
-15.825,14.25,
-15.825,14.287499999999998,
-15.825,14.325,
-15.825,14.3625,
-15.825,14.399999999999999,
-15.825,14.4375,
-15.825,14.474999999999998,
-15.825,14.5125,
-15.825,14.55,
-15.825,14.587499999999999,
-15.825,14.625,
-15.825,14.662499999999998,
-15.825,14.7,
-15.825,14.7375,
-15.825,14.774999999999999,
-15.825,14.8125,
-15.825,14.849999999999998,
-15.825,14.8875,
-15.825,14.925,
-15.825,14.962499999999999,
-15.825,15.0,
-15.825,15.037499999999998,
-15.825,15.075,
-15.7875,12.45,-4.8033333333333275
-15.7875,12.4875,-4.106666666666669
-15.7875,12.524999999999999,-3.9166666666667
-15.7875,12.5625,-2.970000000000013
-15.7875,12.599999999999998,-3.173333333333332
-15.7875,12.6375,-2.000000000000014
-15.7875,12.675,-2.443333333333328
-15.7875,12.712499999999999,-3.9933333333333536
-15.7875,12.75,-0.7033333333333331
-15.7875,12.787499999999998,-3.420000000000016
-15.7875,12.825,-2.086666666666659
-15.7875,12.8625,-2.1466666666666896
-15.7875,12.899999999999999,-1.4100000000000108
-15.7875,12.9375,3.023333333333312
-15.7875,12.974999999999998,2.523333333333312
-15.7875,13.0125,0.6966666666666583
-15.7875,13.05,-0.8933333333333593
-15.7875,13.087499999999999,-3.260000000000005
-15.7875,13.125,-1.7166666666666828
-15.7875,13.162499999999998,3.963333333333324
-15.7875,13.2,5.123333333333349
-15.7875,13.2375,4.119999999999976
-15.7875,13.274999999999999,4.546666666666624
-15.7875,13.3125,4.4966666666666555
-15.7875,13.349999999999998,
-15.7875,13.3875,
-15.7875,13.425,
-15.7875,13.462499999999999,
-15.7875,13.5,
-15.7875,13.537499999999998,
-15.7875,13.575,
-15.7875,13.6125,
-15.7875,13.649999999999999,
-15.7875,13.6875,
-15.7875,13.724999999999998,
-15.7875,13.7625,
-15.7875,13.8,
-15.7875,13.837499999999999,
-15.7875,13.875,
-15.7875,13.912499999999998,
-15.7875,13.95,
-15.7875,13.9875,
-15.7875,14.024999999999999,
-15.7875,14.0625,
-15.7875,14.099999999999998,
-15.7875,14.1375,
-15.7875,14.175,
-15.7875,14.212499999999999,
-15.7875,14.25,
-15.7875,14.287499999999998,
-15.7875,14.325,
-15.7875,14.3625,
-15.7875,14.399999999999999,
-15.7875,14.4375,
-15.7875,14.474999999999998,
-15.7875,14.5125,
-15.7875,14.55,
-15.7875,14.587499999999999,
-15.7875,14.625,
-15.7875,14.662499999999998,
-15.7875,14.7,
-15.7875,14.7375,
-15.7875,14.774999999999999,
-15.7875,14.8125,
-15.7875,14.849999999999998,
-15.7875,14.8875,
-15.7875,14.925,
-15.7875,14.962499999999999,
-15.7875,15.0,
-15.7875,15.037499999999998,
-15.7875,15.075,
-15.75,12.45,-6.976666666666688
-15.75,12.4875,-6.086666666666673
-15.75,12.524999999999999,-2.2266666666666595
-15.75,12.5625,-2.1033333333333246
-15.75,12.599999999999998,-0.5033333333333303
-15.75,12.6375,-2.1699999999999875
-15.75,12.675,-2.5133333333333354
-15.75,12.712499999999999,-1.930000000000021
-15.75,12.75,-1.7999999999999972
-15.75,12.787499999999998,-1.230000000000004
-15.75,12.825,0.2366666666666788
-15.75,12.8625,-1.1166666666667027
-15.75,12.899999999999999,0.3799999999999528
-15.75,12.9375,-0.6700000000000301
-15.75,12.974999999999998,3.7299999999999613
-15.75,13.0125,-0.26333333333336384
-15.75,13.05,0.5299999999999869
-15.75,13.087499999999999,-1.5699999999999932
-15.75,13.125,-1.3200000000000216
-15.75,13.162499999999998,-0.5866666666666589
-15.75,13.2,3.3400000000000176
-15.75,13.2375,5.733333333333334
-15.75,13.274999999999999,4.039999999999992
-15.75,13.3125,4.316666666666663
-15.75,13.349999999999998,
-15.75,13.3875,
-15.75,13.425,
-15.75,13.462499999999999,
-15.75,13.5,
-15.75,13.537499999999998,
-15.75,13.575,
-15.75,13.6125,
-15.75,13.649999999999999,
-15.75,13.6875,
-15.75,13.724999999999998,
-15.75,13.7625,
-15.75,13.8,
-15.75,13.837499999999999,
-15.75,13.875,
-15.75,13.912499999999998,
-15.75,13.95,
-15.75,13.9875,
-15.75,14.024999999999999,
-15.75,14.0625,
-15.75,14.099999999999998,
-15.75,14.1375,
-15.75,14.175,
-15.75,14.212499999999999,
-15.75,14.25,
-15.75,14.287499999999998,
-15.75,14.325,
-15.75,14.3625,
-15.75,14.399999999999999,
-15.75,14.4375,
-15.75,14.474999999999998,
-15.75,14.5125,
-15.75,14.55,
-15.75,14.587499999999999,
-15.75,14.625,
-15.75,14.662499999999998,
-15.75,14.7,
-15.75,14.7375,
-15.75,14.774999999999999,
-15.75,14.8125,
-15.75,14.849999999999998,
-15.75,14.8875,
-15.75,14.925,
-15.75,14.962499999999999,
-15.75,15.0,
-15.75,15.037499999999998,
-15.75,15.075,
-15.712499999999999,12.45,-5.460000000000022
-15.712499999999999,12.4875,-4.966666666666697
-15.712499999999999,12.524999999999999,-2.78666666666669
-15.712499999999999,12.5625,-2.309999999999988
-15.712499999999999,12.599999999999998,-1.1133333333333297
-15.712499999999999,12.6375,-1.7033333333333474
-15.712499999999999,12.675,-0.7900000000000205
-15.712499999999999,12.712499999999999,-0.7833333333333172
-15.712499999999999,12.75,-0.8800000000000097
-15.712499999999999,12.787499999999998,0.2699999999999676
-15.712499999999999,12.825,0.10333333333333883
-15.712499999999999,12.8625,-2.433333333333337
-15.712499999999999,12.899999999999999,-0.7466666666666839
-15.712499999999999,12.9375,-2.5400000000000063
-15.712499999999999,12.974999999999998,7.043333333333322
-15.712499999999999,13.0125,2.4033333333333218
-15.712499999999999,13.05,5.026666666666671
-15.712499999999999,13.087499999999999,3.526666666666671
-15.712499999999999,13.125,2.599999999999966
-15.712499999999999,13.162499999999998,1.263333333333307
-15.712499999999999,13.2,3.8433333333333195
-15.712499999999999,13.2375,7.819999999999993
-15.712499999999999,13.274999999999999,4.473333333333315
-15.712499999999999,13.3125,4.906666666666652
-15.712499999999999,13.349999999999998,5.210000000000022
-15.712499999999999,13.3875,
-15.712499999999999,13.425,
-15.712499999999999,13.462499999999999,
-15.712499999999999,13.5,
-15.712499999999999,13.537499999999998,
-15.712499999999999,13.575,
-15.712499999999999,13.6125,
-15.712499999999999,13.649999999999999,
-15.712499999999999,13.6875,
-15.712499999999999,13.724999999999998,
-15.712499999999999,13.7625,
-15.712499999999999,13.8,
-15.712499999999999,13.837499999999999,
-15.712499999999999,13.875,
-15.712499999999999,13.912499999999998,
-15.712499999999999,13.95,
-15.712499999999999,13.9875,
-15.712499999999999,14.024999999999999,
-15.712499999999999,14.0625,
-15.712499999999999,14.099999999999998,
-15.712499999999999,14.1375,
-15.712499999999999,14.175,
-15.712499999999999,14.212499999999999,
-15.712499999999999,14.25,
-15.712499999999999,14.287499999999998,
-15.712499999999999,14.325,
-15.712499999999999,14.3625,
-15.712499999999999,14.399999999999999,
-15.712499999999999,14.4375,
-15.712499999999999,14.474999999999998,
-15.712499999999999,14.5125,
-15.712499999999999,14.55,
-15.712499999999999,14.587499999999999,
-15.712499999999999,14.625,
-15.712499999999999,14.662499999999998,
-15.712499999999999,14.7,
-15.712499999999999,14.7375,
-15.712499999999999,14.774999999999999,
-15.712499999999999,14.8125,
-15.712499999999999,14.849999999999998,
-15.712499999999999,14.8875,
-15.712499999999999,14.925,
-15.712499999999999,14.962499999999999,
-15.712499999999999,15.0,
-15.712499999999999,15.037499999999998,
-15.712499999999999,15.075,
-15.674999999999999,12.45,-5.3666666666666885
-15.674999999999999,12.4875,-4.990000000000009
-15.674999999999999,12.524999999999999,-3.083333333333357
-15.674999999999999,12.5625,-0.37666666666667936
-15.674999999999999,12.599999999999998,-0.2600000000000193
-15.674999999999999,12.6375,-1.6100000000000279
-15.674999999999999,12.675,-1.576666666666668
-15.674999999999999,12.712499999999999,-0.88333333333334
-15.674999999999999,12.75,-0.29666666666665265
-15.674999999999999,12.787499999999998,-0.3166666666666629
-15.674999999999999,12.825,-1.3433333333333195
-15.674999999999999,12.8625,-1.7133333333333383
-15.674999999999999,12.899999999999999,-2.4266666666666765
-15.674999999999999,12.9375,-1.440000000000012
-15.674999999999999,12.974999999999998,5.676666666666662
-15.674999999999999,13.0125,6.613333333333358
-15.674999999999999,13.05,1.1866666666666532
-15.674999999999999,13.087499999999999,1.6233333333332922
-15.674999999999999,13.125,3.3033333333333417
-15.674999999999999,13.162499999999998,2.5133333333333354
-15.674999999999999,13.2,4.479999999999976
-15.674999999999999,13.2375,6.63000000000001
-15.674999999999999,13.274999999999999,5.369999999999976
-15.674999999999999,13.3125,5.163333333333313
-15.674999999999999,13.349999999999998,4.339999999999975
-15.674999999999999,13.3875,
-15.674999999999999,13.425,
-15.674999999999999,13.462499999999999,
-15.674999999999999,13.5,
-15.674999999999999,13.537499999999998,
-15.674999999999999,13.575,
-15.674999999999999,13.6125,
-15.674999999999999,13.649999999999999,
-15.674999999999999,13.6875,
-15.674999999999999,13.724999999999998,
-15.674999999999999,13.7625,
-15.674999999999999,13.8,
-15.674999999999999,13.837499999999999,
-15.674999999999999,13.875,
-15.674999999999999,13.912499999999998,
-15.674999999999999,13.95,
-15.674999999999999,13.9875,
-15.674999999999999,14.024999999999999,
-15.674999999999999,14.0625,
-15.674999999999999,14.099999999999998,
-15.674999999999999,14.1375,
-15.674999999999999,14.175,
-15.674999999999999,14.212499999999999,
-15.674999999999999,14.25,
-15.674999999999999,14.287499999999998,
-15.674999999999999,14.325,
-15.674999999999999,14.3625,
-15.674999999999999,14.399999999999999,
-15.674999999999999,14.4375,
-15.674999999999999,14.474999999999998,
-15.674999999999999,14.5125,
-15.674999999999999,14.55,
-15.674999999999999,14.587499999999999,
-15.674999999999999,14.625,
-15.674999999999999,14.662499999999998,
-15.674999999999999,14.7,
-15.674999999999999,14.7375,
-15.674999999999999,14.774999999999999,
-15.674999999999999,14.8125,
-15.674999999999999,14.849999999999998,
-15.674999999999999,14.8875,
-15.674999999999999,14.925,
-15.674999999999999,14.962499999999999,
-15.674999999999999,15.0,
-15.674999999999999,15.037499999999998,
-15.674999999999999,15.075,
-15.6375,12.45,-4.153333333333379
-15.6375,12.4875,-1.8666666666666885
-15.6375,12.524999999999999,-2.163333333333341
-15.6375,12.5625,-1.533333333333374
-15.6375,12.599999999999998,-0.6233333333333775
-15.6375,12.6375,-1.8766666666666794
-15.6375,12.675,-2.3666666666666885
-15.6375,12.712499999999999,-0.13666666666667027
-15.6375,12.75,-0.08666666666664469
-15.6375,12.787499999999998,-0.9833333333333201
-15.6375,12.825,-0.9166666666666714
-15.6375,12.8625,-2.9166666666666714
-15.6375,12.899999999999999,-0.47666666666664526
-15.6375,12.9375,-1.2933333333333366
-15.6375,12.974999999999998,6.109999999999999
-15.6375,13.0125,3.3766666666666794
-15.6375,13.05,2.756666666666675
-15.6375,13.087499999999999,1.7099999999999795
-15.6375,13.125,1.7166666666666544
-15.6375,13.162499999999998,3.0133333333333354
-15.6375,13.2,5.2666666666666515
-15.6375,13.2375,3.9933333333332968
-15.6375,13.274999999999999,6.719999999999985
-15.6375,13.3125,7.443333333333328
-15.6375,13.349999999999998,5.9199999999999875
-15.6375,13.3875,
-15.6375,13.425,
-15.6375,13.462499999999999,
-15.6375,13.5,
-15.6375,13.537499999999998,
-15.6375,13.575,
-15.6375,13.6125,
-15.6375,13.649999999999999,
-15.6375,13.6875,
-15.6375,13.724999999999998,
-15.6375,13.7625,
-15.6375,13.8,
-15.6375,13.837499999999999,
-15.6375,13.875,
-15.6375,13.912499999999998,
-15.6375,13.95,
-15.6375,13.9875,
-15.6375,14.024999999999999,
-15.6375,14.0625,
-15.6375,14.099999999999998,
-15.6375,14.1375,
-15.6375,14.175,
-15.6375,14.212499999999999,
-15.6375,14.25,
-15.6375,14.287499999999998,
-15.6375,14.325,
-15.6375,14.3625,
-15.6375,14.399999999999999,
-15.6375,14.4375,
-15.6375,14.474999999999998,
-15.6375,14.5125,
-15.6375,14.55,
-15.6375,14.587499999999999,
-15.6375,14.625,
-15.6375,14.662499999999998,
-15.6375,14.7,
-15.6375,14.7375,
-15.6375,14.774999999999999,
-15.6375,14.8125,
-15.6375,14.849999999999998,
-15.6375,14.8875,
-15.6375,14.925,
-15.6375,14.962499999999999,
-15.6375,15.0,
-15.6375,15.037499999999998,
-15.6375,15.075,
-15.6,12.45,
-15.6,12.4875,-4.609999999999985
-15.6,12.524999999999999,-0.9366666666666816
-15.6,12.5625,-1.7833333333333456
-15.6,12.599999999999998,-0.14666666666667538
-15.6,12.6375,-2.683333333333337
-15.6,12.675,0.44666666666667254
-15.6,12.712499999999999,-0.9966666666666555
-15.6,12.75,0.14333333333333087
-15.6,12.787499999999998,-0.4800000000000182
-15.6,12.825,-1.5133333333333354
-15.6,12.8625,-1.5666666666666629
-15.6,12.899999999999999,1.203333333333319
-15.6,12.9375,6.493333333333325
-15.6,12.974999999999998,6.179999999999993
-15.6,13.0125,6.326666666666654
-15.6,13.05,5.103333333333339
-15.6,13.087499999999999,2.34999999999998
-15.6,13.125,1.3966666666666612
-15.6,13.162499999999998,1.3866666666666276
-15.6,13.2,4.046666666666638
-15.6,13.2375,4.539999999999992
-15.6,13.274999999999999,5.583333333333314
-15.6,13.3125,7.48333333333332
-15.6,13.349999999999998,7.513333333333307
-15.6,13.3875,
-15.6,13.425,
-15.6,13.462499999999999,
-15.6,13.5,
-15.6,13.537499999999998,
-15.6,13.575,
-15.6,13.6125,
-15.6,13.649999999999999,
-15.6,13.6875,
-15.6,13.724999999999998,
-15.6,13.7625,
-15.6,13.8,
-15.6,13.837499999999999,
-15.6,13.875,
-15.6,13.912499999999998,
-15.6,13.95,
-15.6,13.9875,
-15.6,14.024999999999999,
-15.6,14.0625,
-15.6,14.099999999999998,
-15.6,14.1375,
-15.6,14.175,
-15.6,14.212499999999999,
-15.6,14.25,
-15.6,14.287499999999998,
-15.6,14.325,
-15.6,14.3625,
-15.6,14.399999999999999,
-15.6,14.4375,
-15.6,14.474999999999998,
-15.6,14.5125,
-15.6,14.55,
-15.6,14.587499999999999,
-15.6,14.625,
-15.6,14.662499999999998,
-15.6,14.7,
-15.6,14.7375,
-15.6,14.774999999999999,
-15.6,14.8125,
-15.6,14.849999999999998,
-15.6,14.8875,
-15.6,14.925,
-15.6,14.962499999999999,
-15.6,15.0,
-15.6,15.037499999999998,
-15.6,15.075,
-15.5625,12.45,
-15.5625,12.4875,-6.776666666666699
-15.5625,12.524999999999999,-4.276666666666685
-15.5625,12.5625,-0.5866666666666447
-15.5625,12.599999999999998,-0.6233333333333491
-15.5625,12.6375,-0.8133333333333468
-15.5625,12.675,0.456666666666635
-15.5625,12.712499999999999,0.8333333333333144
-15.5625,12.75,5.943333333333342
-15.5625,12.787499999999998,6.176666666666662
-15.5625,12.825,-0.7133333333333383
-15.5625,12.8625,3.326666666666654
-15.5625,12.899999999999999,1.2766666666666424
-15.5625,12.9375,3.719999999999999
-15.5625,12.974999999999998,4.90000000000002
-15.5625,13.0125,4.199999999999989
-15.5625,13.05,6.793333333333322
-15.5625,13.087499999999999,6.5933333333333195
-15.5625,13.125,1.913333333333341
-15.5625,13.162499999999998,4.069999999999979
-15.5625,13.2,5.4966666666666555
-15.5625,13.2375,5.913333333333355
-15.5625,13.274999999999999,6.619999999999976
-15.5625,13.3125,6.139999999999972
-15.5625,13.349999999999998,6.353333333333339
-15.5625,13.3875,
-15.5625,13.425,
-15.5625,13.462499999999999,
-15.5625,13.5,
-15.5625,13.537499999999998,
-15.5625,13.575,
-15.5625,13.6125,
-15.5625,13.649999999999999,
-15.5625,13.6875,
-15.5625,13.724999999999998,
-15.5625,13.7625,
-15.5625,13.8,
-15.5625,13.837499999999999,
-15.5625,13.875,
-15.5625,13.912499999999998,
-15.5625,13.95,
-15.5625,13.9875,
-15.5625,14.024999999999999,
-15.5625,14.0625,
-15.5625,14.099999999999998,
-15.5625,14.1375,
-15.5625,14.175,
-15.5625,14.212499999999999,
-15.5625,14.25,
-15.5625,14.287499999999998,
-15.5625,14.325,
-15.5625,14.3625,
-15.5625,14.399999999999999,
-15.5625,14.4375,
-15.5625,14.474999999999998,
-15.5625,14.5125,
-15.5625,14.55,
-15.5625,14.587499999999999,
-15.5625,14.625,
-15.5625,14.662499999999998,
-15.5625,14.7,
-15.5625,14.7375,
-15.5625,14.774999999999999,
-15.5625,14.8125,
-15.5625,14.849999999999998,
-15.5625,14.8875,
-15.5625,14.925,
-15.5625,14.962499999999999,
-15.5625,15.0,
-15.5625,15.037499999999998,
-15.5625,15.075,
-15.524999999999999,12.45,
-15.524999999999999,12.4875,
-15.524999999999999,12.524999999999999,-1.796666666666681
-15.524999999999999,12.5625,-2.546666666666667
-15.524999999999999,12.599999999999998,0.003333333333316091
-15.524999999999999,12.6375,3.9033333333333218
-15.524999999999999,12.675,4.283333333333303
-15.524999999999999,12.712499999999999,6.206666666666678
-15.524999999999999,12.75,7.319999999999993
-15.524999999999999,12.787499999999998,6.3033333333333275
-15.524999999999999,12.825,6.1366666666666845
-15.524999999999999,12.8625,3.0900000000000034
-15.524999999999999,12.899999999999999,4.353333333333325
-15.524999999999999,12.9375,3.579999999999984
-15.524999999999999,12.974999999999998,3.07999999999997
-15.524999999999999,13.0125,4.989999999999981
-15.524999999999999,13.05,4.796666666666653
-15.524999999999999,13.087499999999999,3.2199999999999847
-15.524999999999999,13.125,3.1799999999999926
-15.524999999999999,13.162499999999998,3.1333333333333115
-15.524999999999999,13.2,5.713333333333324
-15.524999999999999,13.2375,6.296666666666653
-15.524999999999999,13.274999999999999,6.296666666666653
-15.524999999999999,13.3125,6.336666666666645
-15.524999999999999,13.349999999999998,6.739999999999995
-15.524999999999999,13.3875,7.533333333333317
-15.524999999999999,13.425,
-15.524999999999999,13.462499999999999,
-15.524999999999999,13.5,
-15.524999999999999,13.537499999999998,
-15.524999999999999,13.575,
-15.524999999999999,13.6125,
-15.524999999999999,13.649999999999999,
-15.524999999999999,13.6875,
-15.524999999999999,13.724999999999998,
-15.524999999999999,13.7625,
-15.524999999999999,13.8,
-15.524999999999999,13.837499999999999,
-15.524999999999999,13.875,
-15.524999999999999,13.912499999999998,
-15.524999999999999,13.95,
-15.524999999999999,13.9875,
-15.524999999999999,14.024999999999999,
-15.524999999999999,14.0625,
-15.524999999999999,14.099999999999998,
-15.524999999999999,14.1375,
-15.524999999999999,14.175,
-15.524999999999999,14.212499999999999,
-15.524999999999999,14.25,
-15.524999999999999,14.287499999999998,
-15.524999999999999,14.325,
-15.524999999999999,14.3625,
-15.524999999999999,14.399999999999999,
-15.524999999999999,14.4375,
-15.524999999999999,14.474999999999998,
-15.524999999999999,14.5125,
-15.524999999999999,14.55,
-15.524999999999999,14.587499999999999,
-15.524999999999999,14.625,
-15.524999999999999,14.662499999999998,
-15.524999999999999,14.7,
-15.524999999999999,14.7375,
-15.524999999999999,14.774999999999999,
-15.524999999999999,14.8125,
-15.524999999999999,14.849999999999998,
-15.524999999999999,14.8875,
-15.524999999999999,14.925,
-15.524999999999999,14.962499999999999,
-15.524999999999999,15.0,
-15.524999999999999,15.037499999999998,
-15.524999999999999,15.075,
-15.487499999999999,12.45,
-15.487499999999999,12.4875,
-15.487499999999999,12.524999999999999,-4.730000000000004
-15.487499999999999,12.5625,-2.139999999999972
-15.487499999999999,12.599999999999998,0.10666666666665492
-15.487499999999999,12.6375,2.079999999999984
-15.487499999999999,12.675,3.4833333333333485
-15.487499999999999,12.712499999999999,4.219999999999999
-15.487499999999999,12.75,2.529999999999987
-15.487499999999999,12.787499999999998,6.4766666666666595
-15.487499999999999,12.825,5.799999999999983
-15.487499999999999,12.8625,4.976666666666674
-15.487499999999999,12.899999999999999,3.0099999999999767
-15.487499999999999,12.9375,2.926666666666648
-15.487499999999999,12.974999999999998,3.0633333333333184
-15.487499999999999,13.0125,6.793333333333308
-15.487499999999999,13.05,4.75
-15.487499999999999,13.087499999999999,6.2099999999999795
-15.487499999999999,13.125,5.879999999999981
-15.487499999999999,13.162499999999998,3.5233333333333263
-15.487499999999999,13.2,5.863333333333358
-15.487499999999999,13.2375,6.769999999999953
-15.487499999999999,13.274999999999999,7.903333333333336
-15.487499999999999,13.3125,7.086666666666645
-15.487499999999999,13.349999999999998,7.186666666666682
-15.487499999999999,13.3875,7.6766666666666765
-15.487499999999999,13.425,
-15.487499999999999,13.462499999999999,
-15.487499999999999,13.5,
-15.487499999999999,13.537499999999998,
-15.487499999999999,13.575,
-15.487499999999999,13.6125,
-15.487499999999999,13.649999999999999,
-15.487499999999999,13.6875,
-15.487499999999999,13.724999999999998,
-15.487499999999999,13.7625,
-15.487499999999999,13.8,
-15.487499999999999,13.837499999999999,
-15.487499999999999,13.875,
-15.487499999999999,13.912499999999998,
-15.487499999999999,13.95,
-15.487499999999999,13.9875,
-15.487499999999999,14.024999999999999,
-15.487499999999999,14.0625,
-15.487499999999999,14.099999999999998,
-15.487499999999999,14.1375,
-15.487499999999999,14.175,
-15.487499999999999,14.212499999999999,
-15.487499999999999,14.25,
-15.487499999999999,14.287499999999998,
-15.487499999999999,14.325,
-15.487499999999999,14.3625,
-15.487499999999999,14.399999999999999,
-15.487499999999999,14.4375,
-15.487499999999999,14.474999999999998,
-15.487499999999999,14.5125,
-15.487499999999999,14.55,
-15.487499999999999,14.587499999999999,
-15.487499999999999,14.625,
-15.487499999999999,14.662499999999998,
-15.487499999999999,14.7,
-15.487499999999999,14.7375,
-15.487499999999999,14.774999999999999,
-15.487499999999999,14.8125,
-15.487499999999999,14.849999999999998,
-15.487499999999999,14.8875,
-15.487499999999999,14.925,
-15.487499999999999,14.962499999999999,
-15.487499999999999,15.0,
-15.487499999999999,15.037499999999998,
-15.487499999999999,15.075,
-15.45,12.45,
-15.45,12.4875,
-15.45,12.524999999999999,
-15.45,12.5625,-1.4266666666666765
-15.45,12.599999999999998,-0.4266666666666481
-15.45,12.6375,3.4299999999999926
-15.45,12.675,3.0466666666666526
-15.45,12.712499999999999,2.3066666666666436
-15.45,12.75,3.3866666666666703
-15.45,12.787499999999998,5.660000000000011
-15.45,12.825,7.143333333333359
-15.45,12.8625,5.283333333333331
-15.45,12.899999999999999,4.560000000000002
-15.45,12.9375,1.8299999999999699
-15.45,12.974999999999998,3.113333333333358
-15.45,13.0125,3.3599999999999994
-15.45,13.05,6.089999999999989
-15.45,13.087499999999999,6.176666666666662
-15.45,13.125,5.253333333333316
-15.45,13.162499999999998,6.026666666666671
-15.45,13.2,4.186666666666667
-15.45,13.2375,6.313333333333304
-15.45,13.274999999999999,6.80999999999996
-15.45,13.3125,7.126666666666651
-15.45,13.349999999999998,7.933333333333323
-15.45,13.3875,
-15.45,13.425,
-15.45,13.462499999999999,
-15.45,13.5,
-15.45,13.537499999999998,
-15.45,13.575,
-15.45,13.6125,
-15.45,13.649999999999999,
-15.45,13.6875,
-15.45,13.724999999999998,
-15.45,13.7625,
-15.45,13.8,
-15.45,13.837499999999999,
-15.45,13.875,
-15.45,13.912499999999998,
-15.45,13.95,
-15.45,13.9875,
-15.45,14.024999999999999,
-15.45,14.0625,
-15.45,14.099999999999998,
-15.45,14.1375,
-15.45,14.175,
-15.45,14.212499999999999,
-15.45,14.25,
-15.45,14.287499999999998,
-15.45,14.325,
-15.45,14.3625,
-15.45,14.399999999999999,
-15.45,14.4375,
-15.45,14.474999999999998,
-15.45,14.5125,
-15.45,14.55,
-15.45,14.587499999999999,
-15.45,14.625,
-15.45,14.662499999999998,
-15.45,14.7,
-15.45,14.7375,
-15.45,14.774999999999999,
-15.45,14.8125,
-15.45,14.849999999999998,
-15.45,14.8875,
-15.45,14.925,
-15.45,14.962499999999999,
-15.45,15.0,
-15.45,15.037499999999998,
-15.45,15.075,
-15.4125,12.45,
-15.4125,12.4875,
-15.4125,12.524999999999999,
-15.4125,12.5625,-2.906666666666652
-15.4125,12.599999999999998,1.0433333333333223
-15.4125,12.6375,2.996666666666627
-15.4125,12.675,3.4766666666666595
-15.4125,12.712499999999999,4.139999999999972
-15.4125,12.75,4.590000000000003
-15.4125,12.787499999999998,3.3533333333333246
-15.4125,12.825,6.239999999999995
-15.4125,12.8625,2.743333333333311
-15.4125,12.899999999999999,1.3599999999999852
-15.4125,12.9375,2.2466666666666697
-15.4125,12.974999999999998,2.3433333333333195
-15.4125,13.0125,3.23333333333332
-15.4125,13.05,7.0166666666666515
-15.4125,13.087499999999999,4.126666666666651
-15.4125,13.125,3.993333333333311
-15.4125,13.162499999999998,4.526666666666657
-15.4125,13.2,5.4466666666666725
-15.4125,13.2375,5.989999999999981
-15.4125,13.274999999999999,6.8633333333333155
-15.4125,13.3125,9.086666666666645
-15.4125,13.349999999999998,8.786666666666662
-15.4125,13.3875,
-15.4125,13.425,
-15.4125,13.462499999999999,
-15.4125,13.5,
-15.4125,13.537499999999998,
-15.4125,13.575,
-15.4125,13.6125,
-15.4125,13.649999999999999,
-15.4125,13.6875,
-15.4125,13.724999999999998,
-15.4125,13.7625,
-15.4125,13.8,
-15.4125,13.837499999999999,
-15.4125,13.875,
-15.4125,13.912499999999998,
-15.4125,13.95,
-15.4125,13.9875,
-15.4125,14.024999999999999,
-15.4125,14.0625,
-15.4125,14.099999999999998,
-15.4125,14.1375,
-15.4125,14.175,
-15.4125,14.212499999999999,
-15.4125,14.25,
-15.4125,14.287499999999998,
-15.4125,14.325,
-15.4125,14.3625,
-15.4125,14.399999999999999,
-15.4125,14.4375,
-15.4125,14.474999999999998,
-15.4125,14.5125,
-15.4125,14.55,
-15.4125,14.587499999999999,
-15.4125,14.625,
-15.4125,14.662499999999998,
-15.4125,14.7,
-15.4125,14.7375,
-15.4125,14.774999999999999,
-15.4125,14.8125,
-15.4125,14.849999999999998,
-15.4125,14.8875,
-15.4125,14.925,
-15.4125,14.962499999999999,
-15.4125,15.0,
-15.4125,15.037499999999998,
-15.4125,15.075,
-15.375,12.45,
-15.375,12.4875,
-15.375,12.524999999999999,
-15.375,12.5625,
-15.375,12.599999999999998,2.3133333333333184
-15.375,12.6375,3.0266666666666566
-15.375,12.675,1.5799999999999983
-15.375,12.712499999999999,2.200000000000017
-15.375,12.75,3.7066666666666492
-15.375,12.787499999999998,3.6966666666666725
-15.375,12.825,7.049999999999983
-15.375,12.8625,5.686666666666667
-15.375,12.899999999999999,2.203333333333333
-15.375,12.9375,2.8266666666666396
-15.375,12.974999999999998,3.7866666666666617
-15.375,13.0125,3.6700000000000017
-15.375,13.05,6.246666666666641
-15.375,13.087499999999999,6.763333333333335
-15.375,13.125,5.819999999999979
-15.375,13.162499999999998,4.406666666666666
-15.375,13.2,5.159999999999982
-15.375,13.2375,7.3999999999999915
-15.375,13.274999999999999,8.093333333333305
-15.375,13.3125,8.326666666666682
-15.375,13.349999999999998,10.39666666666669
-15.375,13.3875,
-15.375,13.425,
-15.375,13.462499999999999,
-15.375,13.5,
-15.375,13.537499999999998,
-15.375,13.575,
-15.375,13.6125,
-15.375,13.649999999999999,
-15.375,13.6875,
-15.375,13.724999999999998,
-15.375,13.7625,
-15.375,13.8,
-15.375,13.837499999999999,
-15.375,13.875,
-15.375,13.912499999999998,
-15.375,13.95,
-15.375,13.9875,
-15.375,14.024999999999999,
-15.375,14.0625,
-15.375,14.099999999999998,
-15.375,14.1375,
-15.375,14.175,
-15.375,14.212499999999999,
-15.375,14.25,
-15.375,14.287499999999998,
-15.375,14.325,
-15.375,14.3625,
-15.375,14.399999999999999,
-15.375,14.4375,
-15.375,14.474999999999998,
-15.375,14.5125,
-15.375,14.55,
-15.375,14.587499999999999,
-15.375,14.625,
-15.375,14.662499999999998,
-15.375,14.7,
-15.375,14.7375,
-15.375,14.774999999999999,
-15.375,14.8125,
-15.375,14.849999999999998,
-15.375,14.8875,
-15.375,14.925,
-15.375,14.962499999999999,
-15.375,15.0,
-15.375,15.037499999999998,
-15.375,15.075,
-15.337499999999999,12.45,
-15.337499999999999,12.4875,
-15.337499999999999,12.524999999999999,
-15.337499999999999,12.5625,
-15.337499999999999,12.599999999999998,
-15.337499999999999,12.6375,0.5133333333333354
-15.337499999999999,12.675,1.3266666666666538
-15.337499999999999,12.712499999999999,1.8166666666666487
-15.337499999999999,12.75,1.376666666666651
-15.337499999999999,12.787499999999998,4.59999999999998
-15.337499999999999,12.825,3.7266666666666453
-15.337499999999999,12.8625,5.4599999999999795
-15.337499999999999,12.899999999999999,2.3433333333333195
-15.337499999999999,12.9375,2.5466666666666526
-15.337499999999999,12.974999999999998,3.836666666666659
-15.337499999999999,13.0125,4.27000000000001
-15.337499999999999,13.05,5.079999999999998
-15.337499999999999,13.087499999999999,7.696666666666658
-15.337499999999999,13.125,5.123333333333349
-15.337499999999999,13.162499999999998,6.499999999999986
-15.337499999999999,13.2,8.576666666666654
-15.337499999999999,13.2375,9.133333333333312
-15.337499999999999,13.274999999999999,9.183333333333323
-15.337499999999999,13.3125,8.549999999999983
-15.337499999999999,13.349999999999998,10.143333333333345
-15.337499999999999,13.3875,
-15.337499999999999,13.425,
-15.337499999999999,13.462499999999999,
-15.337499999999999,13.5,
-15.337499999999999,13.537499999999998,
-15.337499999999999,13.575,
-15.337499999999999,13.6125,
-15.337499999999999,13.649999999999999,
-15.337499999999999,13.6875,
-15.337499999999999,13.724999999999998,
-15.337499999999999,13.7625,
-15.337499999999999,13.8,
-15.337499999999999,13.837499999999999,
-15.337499999999999,13.875,
-15.337499999999999,13.912499999999998,
-15.337499999999999,13.95,
-15.337499999999999,13.9875,
-15.337499999999999,14.024999999999999,
-15.337499999999999,14.0625,
-15.337499999999999,14.099999999999998,
-15.337499999999999,14.1375,
-15.337499999999999,14.175,
-15.337499999999999,14.212499999999999,
-15.337499999999999,14.25,
-15.337499999999999,14.287499999999998,
-15.337499999999999,14.325,
-15.337499999999999,14.3625,
-15.337499999999999,14.399999999999999,
-15.337499999999999,14.4375,
-15.337499999999999,14.474999999999998,
-15.337499999999999,14.5125,
-15.337499999999999,14.55,
-15.337499999999999,14.587499999999999,
-15.337499999999999,14.625,
-15.337499999999999,14.662499999999998,
-15.337499999999999,14.7,
-15.337499999999999,14.7375,
-15.337499999999999,14.774999999999999,
-15.337499999999999,14.8125,
-15.337499999999999,14.849999999999998,
-15.337499999999999,14.8875,
-15.337499999999999,14.925,
-15.337499999999999,14.962499999999999,
-15.337499999999999,15.0,
-15.337499999999999,15.037499999999998,
-15.337499999999999,15.075,
-15.299999999999999,12.45,
-15.299999999999999,12.4875,
-15.299999999999999,12.524999999999999,
-15.299999999999999,12.5625,
-15.299999999999999,12.599999999999998,
-15.299999999999999,12.6375,3.003333333333316
-15.299999999999999,12.675,1.3699999999999903
-15.299999999999999,12.712499999999999,2.3633333333333297
-15.299999999999999,12.75,1.7066666666666777
-15.299999999999999,12.787499999999998,2.9399999999999835
-15.299999999999999,12.825,3.5633333333333326
-15.299999999999999,12.8625,4.5533333333333275
-15.299999999999999,12.899999999999999,3.099999999999966
-15.299999999999999,12.9375,2.51666666666668
-15.299999999999999,12.974999999999998,2.359999999999971
-15.299999999999999,13.0125,3.0866666666666447
-15.299999999999999,13.05,4.5800000000000125
-15.299999999999999,13.087499999999999,7.103333333333339
-15.299999999999999,13.125,7.219999999999999
-15.299999999999999,13.162499999999998,8.499999999999972
-15.299999999999999,13.2,8.543333333333308
-15.299999999999999,13.2375,9.809999999999974
-15.299999999999999,13.274999999999999,9.953333333333319
-15.299999999999999,13.3125,8.683333333333294
-15.299999999999999,13.349999999999998,9.703333333333319
-15.299999999999999,13.3875,
-15.299999999999999,13.425,
-15.299999999999999,13.462499999999999,
-15.299999999999999,13.5,
-15.299999999999999,13.537499999999998,
-15.299999999999999,13.575,
-15.299999999999999,13.6125,
-15.299999999999999,13.649999999999999,
-15.299999999999999,13.6875,
-15.299999999999999,13.724999999999998,
-15.299999999999999,13.7625,
-15.299999999999999,13.8,
-15.299999999999999,13.837499999999999,
-15.299999999999999,13.875,
-15.299999999999999,13.912499999999998,
-15.299999999999999,13.95,
-15.299999999999999,13.9875,
-15.299999999999999,14.024999999999999,
-15.299999999999999,14.0625,
-15.299999999999999,14.099999999999998,
-15.299999999999999,14.1375,
-15.299999999999999,14.175,
-15.299999999999999,14.212499999999999,
-15.299999999999999,14.25,
-15.299999999999999,14.287499999999998,
-15.299999999999999,14.325,
-15.299999999999999,14.3625,
-15.299999999999999,14.399999999999999,
-15.299999999999999,14.4375,
-15.299999999999999,14.474999999999998,
-15.299999999999999,14.5125,
-15.299999999999999,14.55,
-15.299999999999999,14.587499999999999,
-15.299999999999999,14.625,
-15.299999999999999,14.662499999999998,
-15.299999999999999,14.7,
-15.299999999999999,14.7375,
-15.299999999999999,14.774999999999999,
-15.299999999999999,14.8125,
-15.299999999999999,14.849999999999998,
-15.299999999999999,14.8875,
-15.299999999999999,14.925,
-15.299999999999999,14.962499999999999,
-15.299999999999999,15.0,
-15.299999999999999,15.037499999999998,
-15.299999999999999,15.075,
-15.2625,12.45,
-15.2625,12.4875,
-15.2625,12.524999999999999,
-15.2625,12.5625,
-15.2625,12.599999999999998,
-15.2625,12.6375,
-15.2625,12.675,2.3633333333333013
-15.2625,12.712499999999999,3.403333333333336
-15.2625,12.75,1.753333333333316
-15.2625,12.787499999999998,4.236666666666665
-15.2625,12.825,4.159999999999997
-15.2625,12.8625,3.910000000000011
-15.2625,12.899999999999999,3.8966666666666754
-15.2625,12.9375,3.1966666666666868
-15.2625,12.974999999999998,1.7599999999999767
-15.2625,13.0125,2.513333333333307
-15.2625,13.05,6.386666666666642
-15.2625,13.087499999999999,3.923333333333332
-15.2625,13.125,8.97333333333333
-15.2625,13.162499999999998,5.423333333333332
-15.2625,13.2,4.88333333333334
-15.2625,13.2375,8.999999999999986
-15.2625,13.274999999999999,11.576666666666654
-15.2625,13.3125,8.596666666666664
-15.2625,13.349999999999998,6.640000000000001
-15.2625,13.3875,9.923333333333346
-15.2625,13.425,
-15.2625,13.462499999999999,
-15.2625,13.5,
-15.2625,13.537499999999998,
-15.2625,13.575,
-15.2625,13.6125,
-15.2625,13.649999999999999,
-15.2625,13.6875,
-15.2625,13.724999999999998,
-15.2625,13.7625,
-15.2625,13.8,
-15.2625,13.837499999999999,
-15.2625,13.875,
-15.2625,13.912499999999998,
-15.2625,13.95,
-15.2625,13.9875,
-15.2625,14.024999999999999,
-15.2625,14.0625,
-15.2625,14.099999999999998,
-15.2625,14.1375,
-15.2625,14.175,
-15.2625,14.212499999999999,
-15.2625,14.25,
-15.2625,14.287499999999998,
-15.2625,14.325,
-15.2625,14.3625,
-15.2625,14.399999999999999,
-15.2625,14.4375,
-15.2625,14.474999999999998,
-15.2625,14.5125,
-15.2625,14.55,
-15.2625,14.587499999999999,
-15.2625,14.625,
-15.2625,14.662499999999998,
-15.2625,14.7,
-15.2625,14.7375,
-15.2625,14.774999999999999,
-15.2625,14.8125,
-15.2625,14.849999999999998,
-15.2625,14.8875,
-15.2625,14.925,
-15.2625,14.962499999999999,
-15.2625,15.0,
-15.2625,15.037499999999998,
-15.2625,15.075,
-15.225,12.45,
-15.225,12.4875,
-15.225,12.524999999999999,
-15.225,12.5625,
-15.225,12.599999999999998,
-15.225,12.6375,
-15.225,12.675,3.173333333333332
-15.225,12.712499999999999,3.059999999999988
-15.225,12.75,2.4266666666666623
-15.225,12.787499999999998,3.4166666666666714
-15.225,12.825,3.0633333333333326
-15.225,12.8625,2.1333333333333115
-15.225,12.899999999999999,3.743333333333325
-15.225,12.9375,3.4566666666666634
-15.225,12.974999999999998,2.399999999999963
-15.225,13.0125,3.826666666666654
-15.225,13.05,7.726666666666645
-15.225,13.087499999999999,3.8299999999999983
-15.225,13.125,7.160000000000025
-15.225,13.162499999999998,7.766666666666666
-15.225,13.2,3.749999999999986
-15.225,13.2375,7.833333333333329
-15.225,13.274999999999999,8.609999999999971
-15.225,13.3125,8.916666666666657
-15.225,13.349999999999998,6.846666666666664
-15.225,13.3875,9.323333333333323
-15.225,13.425,
-15.225,13.462499999999999,
-15.225,13.5,
-15.225,13.537499999999998,
-15.225,13.575,
-15.225,13.6125,
-15.225,13.649999999999999,
-15.225,13.6875,
-15.225,13.724999999999998,
-15.225,13.7625,
-15.225,13.8,
-15.225,13.837499999999999,
-15.225,13.875,
-15.225,13.912499999999998,
-15.225,13.95,
-15.225,13.9875,
-15.225,14.024999999999999,
-15.225,14.0625,
-15.225,14.099999999999998,
-15.225,14.1375,
-15.225,14.175,
-15.225,14.212499999999999,
-15.225,14.25,
-15.225,14.287499999999998,
-15.225,14.325,
-15.225,14.3625,
-15.225,14.399999999999999,
-15.225,14.4375,
-15.225,14.474999999999998,
-15.225,14.5125,
-15.225,14.55,
-15.225,14.587499999999999,
-15.225,14.625,
-15.225,14.662499999999998,
-15.225,14.7,
-15.225,14.7375,
-15.225,14.774999999999999,
-15.225,14.8125,
-15.225,14.849999999999998,
-15.225,14.8875,
-15.225,14.925,
-15.225,14.962499999999999,
-15.225,15.0,
-15.225,15.037499999999998,
-15.225,15.075,
-15.1875,12.45,
-15.1875,12.4875,
-15.1875,12.524999999999999,
-15.1875,12.5625,
-15.1875,12.599999999999998,
-15.1875,12.6375,
-15.1875,12.675,
-15.1875,12.712499999999999,3.203333333333333
-15.1875,12.75,3.1300000000000097
-15.1875,12.787499999999998,3.453333333333319
-15.1875,12.825,3.296666666666681
-15.1875,12.8625,2.4866666666666504
-15.1875,12.899999999999999,4.2666666666666515
-15.1875,12.9375,4.01333333333335
-15.1875,12.974999999999998,4.643333333333345
-15.1875,13.0125,2.943333333333328
-15.1875,13.05,2.826666666666668
-15.1875,13.087499999999999,3.739999999999995
-15.1875,13.125,6.2933333333333366
-15.1875,13.162499999999998,6.433333333333323
-15.1875,13.2,3.930000000000007
-15.1875,13.2375,5.176666666666648
-15.1875,13.274999999999999,5.4766666666666595
-15.1875,13.3125,8.65000000000002
-15.1875,13.349999999999998,4.329999999999998
-15.1875,13.3875,9.440000000000012
-15.1875,13.425,6.403333333333336
-15.1875,13.462499999999999,4.819999999999993
-15.1875,13.5,4.906666666666652
-15.1875,13.537499999999998,
-15.1875,13.575,
-15.1875,13.6125,
-15.1875,13.649999999999999,
-15.1875,13.6875,
-15.1875,13.724999999999998,
-15.1875,13.7625,
-15.1875,13.8,
-15.1875,13.837499999999999,
-15.1875,13.875,
-15.1875,13.912499999999998,
-15.1875,13.95,
-15.1875,13.9875,
-15.1875,14.024999999999999,
-15.1875,14.0625,
-15.1875,14.099999999999998,
-15.1875,14.1375,
-15.1875,14.175,
-15.1875,14.212499999999999,
-15.1875,14.25,
-15.1875,14.287499999999998,
-15.1875,14.325,
-15.1875,14.3625,
-15.1875,14.399999999999999,
-15.1875,14.4375,
-15.1875,14.474999999999998,
-15.1875,14.5125,
-15.1875,14.55,
-15.1875,14.587499999999999,
-15.1875,14.625,
-15.1875,14.662499999999998,
-15.1875,14.7,
-15.1875,14.7375,
-15.1875,14.774999999999999,
-15.1875,14.8125,
-15.1875,14.849999999999998,
-15.1875,14.8875,
-15.1875,14.925,
-15.1875,14.962499999999999,
-15.1875,15.0,
-15.1875,15.037499999999998,
-15.1875,15.075,
-15.149999999999999,12.45,
-15.149999999999999,12.4875,
-15.149999999999999,12.524999999999999,
-15.149999999999999,12.5625,
-15.149999999999999,12.599999999999998,
-15.149999999999999,12.6375,
-15.149999999999999,12.675,
-15.149999999999999,12.712499999999999,3.6133333333333297
-15.149999999999999,12.75,2.3833333333333115
-15.149999999999999,12.787499999999998,2.1433333333333024
-15.149999999999999,12.825,1.8833333333333115
-15.149999999999999,12.8625,3.119999999999976
-15.149999999999999,12.899999999999999,4.593333333333305
-15.149999999999999,12.9375,4.22999999999999
-15.149999999999999,12.974999999999998,3.7266666666666595
-15.149999999999999,13.0125,2.8133333333333326
-15.149999999999999,13.05,4.63000000000001
-15.149999999999999,13.087499999999999,4.116666666666632
-15.149999999999999,13.125,2.0999999999999943
-15.149999999999999,13.162499999999998,5.9566666666666634
-15.149999999999999,13.2,4.819999999999979
-15.149999999999999,13.2375,7.400000000000006
-15.149999999999999,13.274999999999999,4.450000000000003
-15.149999999999999,13.3125,3.220000000000013
-15.149999999999999,13.349999999999998,3.539999999999992
-15.149999999999999,13.3875,6.286666666666662
-15.149999999999999,13.425,5.643333333333331
-15.149999999999999,13.462499999999999,5.079999999999984
-15.149999999999999,13.5,4.283333333333331
-15.149999999999999,13.537499999999998,6.653333333333322
-15.149999999999999,13.575,
-15.149999999999999,13.6125,
-15.149999999999999,13.649999999999999,
-15.149999999999999,13.6875,
-15.149999999999999,13.724999999999998,
-15.149999999999999,13.7625,
-15.149999999999999,13.8,
-15.149999999999999,13.837499999999999,
-15.149999999999999,13.875,
-15.149999999999999,13.912499999999998,
-15.149999999999999,13.95,
-15.149999999999999,13.9875,
-15.149999999999999,14.024999999999999,
-15.149999999999999,14.0625,
-15.149999999999999,14.099999999999998,
-15.149999999999999,14.1375,
-15.149999999999999,14.175,
-15.149999999999999,14.212499999999999,
-15.149999999999999,14.25,
-15.149999999999999,14.287499999999998,
-15.149999999999999,14.325,
-15.149999999999999,14.3625,
-15.149999999999999,14.399999999999999,
-15.149999999999999,14.4375,
-15.149999999999999,14.474999999999998,
-15.149999999999999,14.5125,
-15.149999999999999,14.55,
-15.149999999999999,14.587499999999999,
-15.149999999999999,14.625,
-15.149999999999999,14.662499999999998,
-15.149999999999999,14.7,
-15.149999999999999,14.7375,
-15.149999999999999,14.774999999999999,
-15.149999999999999,14.8125,
-15.149999999999999,14.849999999999998,
-15.149999999999999,14.8875,
-15.149999999999999,14.925,
-15.149999999999999,14.962499999999999,
-15.149999999999999,15.0,
-15.149999999999999,15.037499999999998,
-15.149999999999999,15.075,
-15.112499999999999,12.45,
-15.112499999999999,12.4875,
-15.112499999999999,12.524999999999999,
-15.112499999999999,12.5625,
-15.112499999999999,12.599999999999998,
-15.112499999999999,12.6375,
-15.112499999999999,12.675,
-15.112499999999999,12.712499999999999,2.8033333333333417
-15.112499999999999,12.75,3.029999999999987
-15.112499999999999,12.787499999999998,2.7099999999999937
-15.112499999999999,12.825,4.3033333333333275
-15.112499999999999,12.8625,4.1433333333333024
-15.112499999999999,12.899999999999999,4.656666666666666
-15.112499999999999,12.9375,4.343333333333334
-15.112499999999999,12.974999999999998,4.106666666666641
-15.112499999999999,13.0125,4.223333333333329
-15.112499999999999,13.05,3.856666666666669
-15.112499999999999,13.087499999999999,4.863333333333301
-15.112499999999999,13.125,3.4499999999999886
-15.112499999999999,13.162499999999998,5.779999999999987
-15.112499999999999,13.2,3.6400000000000006
-15.112499999999999,13.2375,3.946666666666644
-15.112499999999999,13.274999999999999,4.380000000000024
-15.112499999999999,13.3125,3.1799999999999926
-15.112499999999999,13.349999999999998,4.48666666666665
-15.112499999999999,13.3875,4.783333333333317
-15.112499999999999,13.425,6.953333333333347
-15.112499999999999,13.462499999999999,5.7733333333333405
-15.112499999999999,13.5,6.593333333333305
-15.112499999999999,13.537499999999998,5.086666666666645
-15.112499999999999,13.575,5.853333333333325
-15.112499999999999,13.6125,
-15.112499999999999,13.649999999999999,
-15.112499999999999,13.6875,
-15.112499999999999,13.724999999999998,
-15.112499999999999,13.7625,
-15.112499999999999,13.8,
-15.112499999999999,13.837499999999999,
-15.112499999999999,13.875,
-15.112499999999999,13.912499999999998,
-15.112499999999999,13.95,
-15.112499999999999,13.9875,
-15.112499999999999,14.024999999999999,
-15.112499999999999,14.0625,
-15.112499999999999,14.099999999999998,
-15.112499999999999,14.1375,
-15.112499999999999,14.175,
-15.112499999999999,14.212499999999999,
-15.112499999999999,14.25,
-15.112499999999999,14.287499999999998,
-15.112499999999999,14.325,
-15.112499999999999,14.3625,
-15.112499999999999,14.399999999999999,
-15.112499999999999,14.4375,
-15.112499999999999,14.474999999999998,
-15.112499999999999,14.5125,
-15.112499999999999,14.55,
-15.112499999999999,14.587499999999999,
-15.112499999999999,14.625,
-15.112499999999999,14.662499999999998,
-15.112499999999999,14.7,
-15.112499999999999,14.7375,
-15.112499999999999,14.774999999999999,
-15.112499999999999,14.8125,
-15.112499999999999,14.849999999999998,
-15.112499999999999,14.8875,
-15.112499999999999,14.925,
-15.112499999999999,14.962499999999999,
-15.112499999999999,15.0,
-15.112499999999999,15.037499999999998,
-15.112499999999999,15.075,
-15.075,12.45,
-15.075,12.4875,
-15.075,12.524999999999999,
-15.075,12.5625,
-15.075,12.599999999999998,
-15.075,12.6375,
-15.075,12.675,
-15.075,12.712499999999999,3.653333333333336
-15.075,12.75,3.48333333333332
-15.075,12.787499999999998,3.5466666666666384
-15.075,12.825,2.86666666666666
-15.075,12.8625,3.3833333333332973
-15.075,12.899999999999999,4.5566666666666436
-15.075,12.9375,4.82666666666664
-15.075,12.974999999999998,4.3433333333333195
-15.075,13.0125,1.8666666666666885
-15.075,13.05,2.23333333333332
-15.075,13.087499999999999,3.223333333333329
-15.075,13.125,3.4599999999999937
-15.075,13.162499999999998,2.5266666666666424
-15.075,13.2,4.75333333333333
-15.075,13.2375,5.34999999999998
-15.075,13.274999999999999,4.103333333333339
-15.075,13.3125,3.7733333333333263
-15.075,13.349999999999998,4.343333333333334
-15.075,13.3875,5.926666666666662
-15.075,13.425,7.5533333333333275
-15.075,13.462499999999999,5.749999999999986
-15.075,13.5,8.11
-15.075,13.537499999999998,3.7066666666666777
-15.075,13.575,
-15.075,13.6125,
-15.075,13.649999999999999,
-15.075,13.6875,
-15.075,13.724999999999998,
-15.075,13.7625,
-15.075,13.8,
-15.075,13.837499999999999,
-15.075,13.875,
-15.075,13.912499999999998,
-15.075,13.95,
-15.075,13.9875,
-15.075,14.024999999999999,
-15.075,14.0625,
-15.075,14.099999999999998,
-15.075,14.1375,
-15.075,14.175,
-15.075,14.212499999999999,
-15.075,14.25,
-15.075,14.287499999999998,
-15.075,14.325,
-15.075,14.3625,
-15.075,14.399999999999999,
-15.075,14.4375,
-15.075,14.474999999999998,
-15.075,14.5125,
-15.075,14.55,
-15.075,14.587499999999999,
-15.075,14.625,
-15.075,14.662499999999998,
-15.075,14.7,
-15.075,14.7375,
-15.075,14.774999999999999,
-15.075,14.8125,
-15.075,14.849999999999998,
-15.075,14.8875,
-15.075,14.925,
-15.075,14.962499999999999,
-15.075,15.0,
-15.075,15.037499999999998,
-15.075,15.075,
-15.0375,12.45,
-15.0375,12.4875,
-15.0375,12.524999999999999,
-15.0375,12.5625,
-15.0375,12.599999999999998,
-15.0375,12.6375,
-15.0375,12.675,
-15.0375,12.712499999999999,3.1933333333333422
-15.0375,12.75,4.189999999999998
-15.0375,12.787499999999998,4.673333333333346
-15.0375,12.825,1.6599999999999824
-15.0375,12.8625,2.5933333333333195
-15.0375,12.899999999999999,5.413333333333327
-15.0375,12.9375,5.033333333333303
-15.0375,12.974999999999998,3.789999999999978
-15.0375,13.0125,3.510000000000005
-15.0375,13.05,3.740000000000009
-15.0375,13.087499999999999,3.5933333333333195
-15.0375,13.125,2.8333333333333
-15.0375,13.162499999999998,0.8966666666666612
-15.0375,13.2,1.829999999999984
-15.0375,13.2375,5.523333333333298
-15.0375,13.274999999999999,3.5300000000000153
-15.0375,13.3125,4.109999999999999
-15.0375,13.349999999999998,4.843333333333348
-15.0375,13.3875,5.403333333333364
-15.0375,13.425,7.173333333333346
-15.0375,13.462499999999999,7.373333333333349
-15.0375,13.5,6.650000000000006
-15.0375,13.537499999999998,
-15.0375,13.575,
-15.0375,13.6125,
-15.0375,13.649999999999999,
-15.0375,13.6875,
-15.0375,13.724999999999998,
-15.0375,13.7625,
-15.0375,13.8,
-15.0375,13.837499999999999,
-15.0375,13.875,
-15.0375,13.912499999999998,
-15.0375,13.95,
-15.0375,13.9875,
-15.0375,14.024999999999999,
-15.0375,14.0625,
-15.0375,14.099999999999998,
-15.0375,14.1375,
-15.0375,14.175,
-15.0375,14.212499999999999,
-15.0375,14.25,
-15.0375,14.287499999999998,
-15.0375,14.325,
-15.0375,14.3625,
-15.0375,14.399999999999999,
-15.0375,14.4375,
-15.0375,14.474999999999998,
-15.0375,14.5125,
-15.0375,14.55,
-15.0375,14.587499999999999,
-15.0375,14.625,
-15.0375,14.662499999999998,
-15.0375,14.7,
-15.0375,14.7375,
-15.0375,14.774999999999999,
-15.0375,14.8125,
-15.0375,14.849999999999998,
-15.0375,14.8875,
-15.0375,14.925,
-15.0375,14.962499999999999,
-15.0375,15.0,
-15.0375,15.037499999999998,
-15.0375,15.075,
-15.0,12.45,
-15.0,12.4875,
-15.0,12.524999999999999,
-15.0,12.5625,
-15.0,12.599999999999998,
-15.0,12.6375,
-15.0,12.675,
-15.0,12.712499999999999,4.893333333333345
-15.0,12.75,5.990000000000009
-15.0,12.787499999999998,4.459999999999994
-15.0,12.825,2.3733333333333206
-15.0,12.8625,1.933333333333323
-15.0,12.899999999999999,3.2866666666666617
-15.0,12.9375,5.986666666666622
-15.0,12.974999999999998,3.563333333333304
-15.0,13.0125,4.239999999999995
-15.0,13.05,4.689999999999998
-15.0,13.087499999999999,5.346666666666664
-15.0,13.125,3.213333333333324
-15.0,13.162499999999998,1.7999999999999972
-15.0,13.2,4.309999999999988
-15.0,13.2375,3.5533333333333275
-15.0,13.274999999999999,2.586666666666659
-15.0,13.3125,4.283333333333331
-15.0,13.349999999999998,5.339999999999961
-15.0,13.3875,5.560000000000002
-15.0,13.425,6.269999999999996
-15.0,13.462499999999999,6.376666666666679
-15.0,13.5,
-15.0,13.537499999999998,
-15.0,13.575,
-15.0,13.6125,
-15.0,13.649999999999999,
-15.0,13.6875,
-15.0,13.724999999999998,
-15.0,13.7625,
-15.0,13.8,
-15.0,13.837499999999999,
-15.0,13.875,
-15.0,13.912499999999998,
-15.0,13.95,
-15.0,13.9875,
-15.0,14.024999999999999,
-15.0,14.0625,
-15.0,14.099999999999998,
-15.0,14.1375,
-15.0,14.175,
-15.0,14.212499999999999,
-15.0,14.25,
-15.0,14.287499999999998,
-15.0,14.325,
-15.0,14.3625,
-15.0,14.399999999999999,
-15.0,14.4375,
-15.0,14.474999999999998,
-15.0,14.5125,
-15.0,14.55,
-15.0,14.587499999999999,
-15.0,14.625,
-15.0,14.662499999999998,
-15.0,14.7,
-15.0,14.7375,
-15.0,14.774999999999999,
-15.0,14.8125,
-15.0,14.849999999999998,
-15.0,14.8875,
-15.0,14.925,
-15.0,14.962499999999999,
-15.0,15.0,
-15.0,15.037499999999998,
-15.0,15.075,
-14.962499999999999,12.45,
-14.962499999999999,12.4875,
-14.962499999999999,12.524999999999999,
-14.962499999999999,12.5625,
-14.962499999999999,12.599999999999998,
-14.962499999999999,12.6375,
-14.962499999999999,12.675,
-14.962499999999999,12.712499999999999,3.893333333333331
-14.962499999999999,12.75,5.390000000000015
-14.962499999999999,12.787499999999998,5.790000000000006
-14.962499999999999,12.825,4.703333333333333
-14.962499999999999,12.8625,1.8866666666666418
-14.962499999999999,12.899999999999999,4.456666666666649
-14.962499999999999,12.9375,4.969999999999985
-14.962499999999999,12.974999999999998,3.4499999999999886
-14.962499999999999,13.0125,4.106666666666669
-14.962499999999999,13.05,4.4466666666666725
-14.962499999999999,13.087499999999999,4.486666666666665
-14.962499999999999,13.125,3.569999999999993
-14.962499999999999,13.162499999999998,3.326666666666668
-14.962499999999999,13.2,2.5166666666666515
-14.962499999999999,13.2375,4.243333333333325
-14.962499999999999,13.274999999999999,4.34999999999998
-14.962499999999999,13.3125,4.029999999999987
-14.962499999999999,13.349999999999998,4.609999999999999
-14.962499999999999,13.3875,6.093333333333334
-14.962499999999999,13.425,5.7866666666666475
-14.962499999999999,13.462499999999999,7.176666666666691
-14.962499999999999,13.5,
-14.962499999999999,13.537499999999998,
-14.962499999999999,13.575,
-14.962499999999999,13.6125,
-14.962499999999999,13.649999999999999,
-14.962499999999999,13.6875,
-14.962499999999999,13.724999999999998,
-14.962499999999999,13.7625,
-14.962499999999999,13.8,
-14.962499999999999,13.837499999999999,
-14.962499999999999,13.875,
-14.962499999999999,13.912499999999998,
-14.962499999999999,13.95,
-14.962499999999999,13.9875,
-14.962499999999999,14.024999999999999,
-14.962499999999999,14.0625,
-14.962499999999999,14.099999999999998,
-14.962499999999999,14.1375,
-14.962499999999999,14.175,
-14.962499999999999,14.212499999999999,
-14.962499999999999,14.25,
-14.962499999999999,14.287499999999998,
-14.962499999999999,14.325,
-14.962499999999999,14.3625,
-14.962499999999999,14.399999999999999,
-14.962499999999999,14.4375,
-14.962499999999999,14.474999999999998,
-14.962499999999999,14.5125,
-14.962499999999999,14.55,
-14.962499999999999,14.587499999999999,
-14.962499999999999,14.625,
-14.962499999999999,14.662499999999998,
-14.962499999999999,14.7,
-14.962499999999999,14.7375,
-14.962499999999999,14.774999999999999,
-14.962499999999999,14.8125,
-14.962499999999999,14.849999999999998,
-14.962499999999999,14.8875,
-14.962499999999999,14.925,
-14.962499999999999,14.962499999999999,
-14.962499999999999,15.0,
-14.962499999999999,15.037499999999998,
-14.962499999999999,15.075,
-14.925,12.45,
-14.925,12.4875,
-14.925,12.524999999999999,
-14.925,12.5625,
-14.925,12.599999999999998,
-14.925,12.6375,
-14.925,12.675,
-14.925,12.712499999999999,3.9966666666666555
-14.925,12.75,4.82666666666664
-14.925,12.787499999999998,4.133333333333297
-14.925,12.825,3.4599999999999795
-14.925,12.8625,4.4566666666666634
-14.925,12.899999999999999,3.433333333333337
-14.925,12.9375,4.429999999999993
-14.925,12.974999999999998,4.283333333333303
-14.925,13.0125,3.523333333333312
-14.925,13.05,5.283333333333317
-14.925,13.087499999999999,4.109999999999999
-14.925,13.125,3.486666666666679
-14.925,13.162499999999998,3.0833333333333286
-14.925,13.2,2.893333333333345
-14.925,13.2375,2.6500000000000057
-14.925,13.274999999999999,4.589999999999975
-14.925,13.3125,3.6766666666666765
-14.925,13.349999999999998,5.083333333333329
-14.925,13.3875,5.64666666666669
-14.925,13.425,5.953333333333347
-14.925,13.462499999999999,
-14.925,13.5,
-14.925,13.537499999999998,
-14.925,13.575,
-14.925,13.6125,
-14.925,13.649999999999999,
-14.925,13.6875,
-14.925,13.724999999999998,
-14.925,13.7625,
-14.925,13.8,
-14.925,13.837499999999999,
-14.925,13.875,
-14.925,13.912499999999998,
-14.925,13.95,
-14.925,13.9875,
-14.925,14.024999999999999,
-14.925,14.0625,
-14.925,14.099999999999998,
-14.925,14.1375,
-14.925,14.175,
-14.925,14.212499999999999,
-14.925,14.25,
-14.925,14.287499999999998,
-14.925,14.325,
-14.925,14.3625,
-14.925,14.399999999999999,
-14.925,14.4375,
-14.925,14.474999999999998,
-14.925,14.5125,
-14.925,14.55,
-14.925,14.587499999999999,
-14.925,14.625,
-14.925,14.662499999999998,
-14.925,14.7,
-14.925,14.7375,
-14.925,14.774999999999999,
-14.925,14.8125,
-14.925,14.849999999999998,
-14.925,14.8875,
-14.925,14.925,
-14.925,14.962499999999999,
-14.925,15.0,
-14.925,15.037499999999998,
-14.925,15.075,
-14.8875,12.45,
-14.8875,12.4875,
-14.8875,12.524999999999999,
-14.8875,12.5625,
-14.8875,12.599999999999998,
-14.8875,12.6375,
-14.8875,12.675,
-14.8875,12.712499999999999,4.356666666666641
-14.8875,12.75,4.920000000000016
-14.8875,12.787499999999998,5.273333333333326
-14.8875,12.825,3.776666666666628
-14.8875,12.8625,5.383333333333354
-14.8875,12.899999999999999,4.476666666666674
-14.8875,12.9375,3.940000000000012
-14.8875,12.974999999999998,5.879999999999981
-14.8875,13.0125,4.769999999999996
-14.8875,13.05,3.6566666666666947
-14.8875,13.087499999999999,1.6599999999999966
-14.8875,13.125,2.8833333333333115
-14.8875,13.162499999999998,2.8900000000000006
-14.8875,13.2,3.256666666666675
-14.8875,13.2375,3.5500000000000114
-14.8875,13.274999999999999,3.9433333333333422
-14.8875,13.3125,5.85333333333331
-14.8875,13.349999999999998,5.916666666666671
-14.8875,13.3875,6.916666666666657
-14.8875,13.425,6.4066666666666805
-14.8875,13.462499999999999,
-14.8875,13.5,
-14.8875,13.537499999999998,
-14.8875,13.575,
-14.8875,13.6125,
-14.8875,13.649999999999999,
-14.8875,13.6875,
-14.8875,13.724999999999998,
-14.8875,13.7625,
-14.8875,13.8,
-14.8875,13.837499999999999,
-14.8875,13.875,
-14.8875,13.912499999999998,
-14.8875,13.95,
-14.8875,13.9875,
-14.8875,14.024999999999999,
-14.8875,14.0625,
-14.8875,14.099999999999998,
-14.8875,14.1375,
-14.8875,14.175,
-14.8875,14.212499999999999,
-14.8875,14.25,
-14.8875,14.287499999999998,
-14.8875,14.325,
-14.8875,14.3625,
-14.8875,14.399999999999999,
-14.8875,14.4375,
-14.8875,14.474999999999998,
-14.8875,14.5125,
-14.8875,14.55,
-14.8875,14.587499999999999,
-14.8875,14.625,
-14.8875,14.662499999999998,
-14.8875,14.7,
-14.8875,14.7375,
-14.8875,14.774999999999999,
-14.8875,14.8125,
-14.8875,14.849999999999998,
-14.8875,14.8875,
-14.8875,14.925,
-14.8875,14.962499999999999,
-14.8875,15.0,
-14.8875,15.037499999999998,
-14.8875,15.075,
-14.85,12.45,
-14.85,12.4875,
-14.85,12.524999999999999,
-14.85,12.5625,
-14.85,12.599999999999998,
-14.85,12.6375,
-14.85,12.675,
-14.85,12.712499999999999,3.6266666666666367
-14.85,12.75,4.306666666666658
-14.85,12.787499999999998,3.930000000000021
-14.85,12.825,4.88666666666667
-14.85,12.8625,5.540000000000006
-14.85,12.899999999999999,2.8066666666666436
-14.85,12.9375,4.336666666666659
-14.85,12.974999999999998,5.3433333333333195
-14.85,13.0125,6.2533333333333445
-14.85,13.05,4.706666666666678
-14.85,13.087499999999999,3.220000000000013
-14.85,13.125,4.123333333333349
-14.85,13.162499999999998,3.1433333333333024
-14.85,13.2,3.5766666666666396
-14.85,13.2375,2.730000000000018
-14.85,13.274999999999999,2.923333333333346
-14.85,13.3125,5.263333333333321
-14.85,13.349999999999998,7.159999999999997
-14.85,13.3875,6.076666666666654
-14.85,13.425,5.8333333333333
-14.85,13.462499999999999,
-14.85,13.5,
-14.85,13.537499999999998,
-14.85,13.575,
-14.85,13.6125,
-14.85,13.649999999999999,
-14.85,13.6875,
-14.85,13.724999999999998,
-14.85,13.7625,
-14.85,13.8,
-14.85,13.837499999999999,
-14.85,13.875,
-14.85,13.912499999999998,
-14.85,13.95,
-14.85,13.9875,
-14.85,14.024999999999999,
-14.85,14.0625,
-14.85,14.099999999999998,
-14.85,14.1375,
-14.85,14.175,
-14.85,14.212499999999999,
-14.85,14.25,
-14.85,14.287499999999998,
-14.85,14.325,
-14.85,14.3625,
-14.85,14.399999999999999,
-14.85,14.4375,
-14.85,14.474999999999998,
-14.85,14.5125,
-14.85,14.55,
-14.85,14.587499999999999,
-14.85,14.625,
-14.85,14.662499999999998,
-14.85,14.7,
-14.85,14.7375,
-14.85,14.774999999999999,
-14.85,14.8125,
-14.85,14.849999999999998,
-14.85,14.8875,
-14.85,14.925,
-14.85,14.962499999999999,
-14.85,15.0,
-14.85,15.037499999999998,
-14.85,15.075,
-14.8125,12.45,
-14.8125,12.4875,
-14.8125,12.524999999999999,
-14.8125,12.5625,
-14.8125,12.599999999999998,
-14.8125,12.6375,
-14.8125,12.675,
-14.8125,12.712499999999999,4.156666666666624
-14.8125,12.75,4.806666666666629
-14.8125,12.787499999999998,3.4566666666666634
-14.8125,12.825,3.4633333333333383
-14.8125,12.8625,4.109999999999985
-14.8125,12.899999999999999,3.239999999999995
-14.8125,12.9375,6.059999999999988
-14.8125,12.974999999999998,5.98333333333332
-14.8125,13.0125,6.926666666666662
-14.8125,13.05,4.870000000000019
-14.8125,13.087499999999999,3.826666666666682
-14.8125,13.125,3.969999999999999
-14.8125,13.162499999999998,3.530000000000001
-14.8125,13.2,3.8733333333333633
-14.8125,13.2375,3.666666666666643
-14.8125,13.274999999999999,3.4166666666666714
-14.8125,13.3125,3.8333333333333
-14.8125,13.349999999999998,5.003333333333316
-14.8125,13.3875,7.98666666666665
-14.8125,13.425,
-14.8125,13.462499999999999,
-14.8125,13.5,
-14.8125,13.537499999999998,
-14.8125,13.575,
-14.8125,13.6125,
-14.8125,13.649999999999999,
-14.8125,13.6875,
-14.8125,13.724999999999998,
-14.8125,13.7625,2.5266666666666566
-14.8125,13.8,
-14.8125,13.837499999999999,
-14.8125,13.875,
-14.8125,13.912499999999998,
-14.8125,13.95,
-14.8125,13.9875,
-14.8125,14.024999999999999,
-14.8125,14.0625,
-14.8125,14.099999999999998,
-14.8125,14.1375,
-14.8125,14.175,
-14.8125,14.212499999999999,
-14.8125,14.25,
-14.8125,14.287499999999998,
-14.8125,14.325,
-14.8125,14.3625,
-14.8125,14.399999999999999,
-14.8125,14.4375,
-14.8125,14.474999999999998,
-14.8125,14.5125,
-14.8125,14.55,
-14.8125,14.587499999999999,
-14.8125,14.625,
-14.8125,14.662499999999998,
-14.8125,14.7,
-14.8125,14.7375,
-14.8125,14.774999999999999,
-14.8125,14.8125,
-14.8125,14.849999999999998,
-14.8125,14.8875,
-14.8125,14.925,
-14.8125,14.962499999999999,
-14.8125,15.0,
-14.8125,15.037499999999998,
-14.8125,15.075,
-14.774999999999999,12.45,
-14.774999999999999,12.4875,
-14.774999999999999,12.524999999999999,
-14.774999999999999,12.5625,
-14.774999999999999,12.599999999999998,
-14.774999999999999,12.6375,
-14.774999999999999,12.675,
-14.774999999999999,12.712499999999999,3.403333333333336
-14.774999999999999,12.75,2.2866666666666617
-14.774999999999999,12.787499999999998,2.1233333333333064
-14.774999999999999,12.825,3.3633333333333297
-14.774999999999999,12.8625,3.3999999999999915
-14.774999999999999,12.899999999999999,4.183333333333323
-14.774999999999999,12.9375,7.193333333333328
-14.774999999999999,12.974999999999998,6.836666666666673
-14.774999999999999,13.0125,5.843333333333305
-14.774999999999999,13.05,5.6566666666666805
-14.774999999999999,13.087499999999999,3.219999999999999
-14.774999999999999,13.125,3.299999999999983
-14.774999999999999,13.162499999999998,3.7700000000000102
-14.774999999999999,13.2,4.1966666666666725
-14.774999999999999,13.2375,4.236666666666665
-14.774999999999999,13.274999999999999,2.7166666666666828
-14.774999999999999,13.3125,3.63333333333334
-14.774999999999999,13.349999999999998,5.0233333333333405
-14.774999999999999,13.3875,5.569999999999979
-14.774999999999999,13.425,
-14.774999999999999,13.462499999999999,
-14.774999999999999,13.5,
-14.774999999999999,13.537499999999998,
-14.774999999999999,13.575,
-14.774999999999999,13.6125,
-14.774999999999999,13.649999999999999,5.8433333333333195
-14.774999999999999,13.6875,3.629999999999967
-14.774999999999999,13.724999999999998,4.423333333333346
-14.774999999999999,13.7625,4.109999999999999
-14.774999999999999,13.8,3.7066666666666492
-14.774999999999999,13.837499999999999,
-14.774999999999999,13.875,
-14.774999999999999,13.912499999999998,
-14.774999999999999,13.95,
-14.774999999999999,13.9875,
-14.774999999999999,14.024999999999999,
-14.774999999999999,14.0625,
-14.774999999999999,14.099999999999998,
-14.774999999999999,14.1375,
-14.774999999999999,14.175,
-14.774999999999999,14.212499999999999,
-14.774999999999999,14.25,
-14.774999999999999,14.287499999999998,
-14.774999999999999,14.325,
-14.774999999999999,14.3625,
-14.774999999999999,14.399999999999999,
-14.774999999999999,14.4375,
-14.774999999999999,14.474999999999998,
-14.774999999999999,14.5125,
-14.774999999999999,14.55,
-14.774999999999999,14.587499999999999,
-14.774999999999999,14.625,
-14.774999999999999,14.662499999999998,
-14.774999999999999,14.7,
-14.774999999999999,14.7375,
-14.774999999999999,14.774999999999999,
-14.774999999999999,14.8125,
-14.774999999999999,14.849999999999998,
-14.774999999999999,14.8875,
-14.774999999999999,14.925,
-14.774999999999999,14.962499999999999,
-14.774999999999999,15.0,
-14.774999999999999,15.037499999999998,
-14.774999999999999,15.075,
-14.7375,12.45,
-14.7375,12.4875,
-14.7375,12.524999999999999,
-14.7375,12.5625,
-14.7375,12.599999999999998,
-14.7375,12.6375,
-14.7375,12.675,
-14.7375,12.712499999999999,2.6033333333333104
-14.7375,12.75,3.1333333333333115
-14.7375,12.787499999999998,0.9466666666666725
-14.7375,12.825,2.326666666666654
-14.7375,12.8625,4.146666666666675
-14.7375,12.899999999999999,4.153333333333336
-14.7375,12.9375,4.903333333333364
-14.7375,12.974999999999998,5.27000000000001
-14.7375,13.0125,5.3300000000000125
-14.7375,13.05,1.6933333333333422
-14.7375,13.087499999999999,2.9299999999999926
-14.7375,13.125,1.7933333333333366
-14.7375,13.162499999999998,3.3033333333333275
-14.7375,13.2,2.629999999999967
-14.7375,13.2375,3.493333333333311
-14.7375,13.274999999999999,3.9166666666666714
-14.7375,13.3125,4.4566666666666634
-14.7375,13.349999999999998,3.489999999999995
-14.7375,13.3875,
-14.7375,13.425,
-14.7375,13.462499999999999,
-14.7375,13.5,
-14.7375,13.537499999999998,
-14.7375,13.575,
-14.7375,13.6125,
-14.7375,13.649999999999999,6.846666666666664
-14.7375,13.6875,4.5
-14.7375,13.724999999999998,4.0566666666666436
-14.7375,13.7625,4.269999999999982
-14.7375,13.8,3.1700000000000017
-14.7375,13.837499999999999,
-14.7375,13.875,
-14.7375,13.912499999999998,
-14.7375,13.95,
-14.7375,13.9875,
-14.7375,14.024999999999999,
-14.7375,14.0625,
-14.7375,14.099999999999998,
-14.7375,14.1375,
-14.7375,14.175,
-14.7375,14.212499999999999,
-14.7375,14.25,
-14.7375,14.287499999999998,
-14.7375,14.325,
-14.7375,14.3625,
-14.7375,14.399999999999999,
-14.7375,14.4375,
-14.7375,14.474999999999998,
-14.7375,14.5125,
-14.7375,14.55,
-14.7375,14.587499999999999,
-14.7375,14.625,
-14.7375,14.662499999999998,
-14.7375,14.7,
-14.7375,14.7375,
-14.7375,14.774999999999999,
-14.7375,14.8125,
-14.7375,14.849999999999998,
-14.7375,14.8875,
-14.7375,14.925,
-14.7375,14.962499999999999,
-14.7375,15.0,
-14.7375,15.037499999999998,
-14.7375,15.075,
-14.7,12.45,
-14.7,12.4875,
-14.7,12.524999999999999,
-14.7,12.5625,
-14.7,12.599999999999998,
-14.7,12.6375,
-14.7,12.675,
-14.7,12.712499999999999,1.3066666666666293
-14.7,12.75,1.0166666666666657
-14.7,12.787499999999998,0.22333333333332916
-14.7,12.825,2.609999999999985
-14.7,12.8625,2.073333333333352
-14.7,12.899999999999999,4.413333333333341
-14.7,12.9375,3.993333333333325
-14.7,12.974999999999998,4.603333333333339
-14.7,13.0125,2.8633333333333013
-14.7,13.05,1.0033333333333303
-14.7,13.087499999999999,-0.45333333333334735
-14.7,13.125,-0.2533333333333303
-14.7,13.162499999999998,0.8699999999999903
-14.7,13.2,0.07333333333330927
-14.7,13.2375,2.723333333333315
-14.7,13.274999999999999,3.940000000000012
-14.7,13.3125,2.9566666666666634
-14.7,13.349999999999998,2.683333333333337
-14.7,13.3875,
-14.7,13.425,
-14.7,13.462499999999999,
-14.7,13.5,
-14.7,13.537499999999998,
-14.7,13.575,
-14.7,13.6125,
-14.7,13.649999999999999,8.009999999999991
-14.7,13.6875,5.686666666666667
-14.7,13.724999999999998,2.6766666666666623
-14.7,13.7625,2.319999999999993
-14.7,13.8,4.2266666666666595
-14.7,13.837499999999999,4.780000000000001
-14.7,13.875,
-14.7,13.912499999999998,
-14.7,13.95,
-14.7,13.9875,
-14.7,14.024999999999999,
-14.7,14.0625,
-14.7,14.099999999999998,
-14.7,14.1375,
-14.7,14.175,
-14.7,14.212499999999999,
-14.7,14.25,
-14.7,14.287499999999998,
-14.7,14.325,
-14.7,14.3625,
-14.7,14.399999999999999,
-14.7,14.4375,
-14.7,14.474999999999998,
-14.7,14.5125,
-14.7,14.55,
-14.7,14.587499999999999,
-14.7,14.625,
-14.7,14.662499999999998,
-14.7,14.7,
-14.7,14.7375,
-14.7,14.774999999999999,
-14.7,14.8125,
-14.7,14.849999999999998,
-14.7,14.8875,
-14.7,14.925,
-14.7,14.962499999999999,
-14.7,15.0,
-14.7,15.037499999999998,
-14.7,15.075,
-14.6625,12.45,
-14.6625,12.4875,
-14.6625,12.524999999999999,
-14.6625,12.5625,
-14.6625,12.599999999999998,
-14.6625,12.6375,
-14.6625,12.675,
-14.6625,12.712499999999999,2.4466666666666583
-14.6625,12.75,1.8333333333333002
-14.6625,12.787499999999998,2.2966666666666242
-14.6625,12.825,3.180000000000007
-14.6625,12.8625,2.359999999999985
-14.6625,12.899999999999999,3.5166666666666515
-14.6625,12.9375,3.1333333333332973
-14.6625,12.974999999999998,3.4666666666666686
-14.6625,13.0125,4.226666666666674
-14.6625,13.05,1.0666666666666629
-14.6625,13.087499999999999,0.5199999999999676
-14.6625,13.125,-0.3200000000000216
-14.6625,13.162499999999998,-0.680000000000021
-14.6625,13.2,0.8166666666666487
-14.6625,13.2375,3.6400000000000006
-14.6625,13.274999999999999,1.4966666666666981
-14.6625,13.3125,1.5466666666666526
-14.6625,13.349999999999998,
-14.6625,13.3875,
-14.6625,13.425,
-14.6625,13.462499999999999,
-14.6625,13.5,
-14.6625,13.537499999999998,
-14.6625,13.575,
-14.6625,13.6125,
-14.6625,13.649999999999999,5.2466666666666555
-14.6625,13.6875,4.60333333333331
-14.6625,13.724999999999998,3.8733333333333206
-14.6625,13.7625,2.8733333333333064
-14.6625,13.8,4.466666666666626
-14.6625,13.837499999999999,4.186666666666667
-14.6625,13.875,3.6366666666666987
-14.6625,13.912499999999998,
-14.6625,13.95,
-14.6625,13.9875,
-14.6625,14.024999999999999,
-14.6625,14.0625,
-14.6625,14.099999999999998,
-14.6625,14.1375,
-14.6625,14.175,
-14.6625,14.212499999999999,
-14.6625,14.25,
-14.6625,14.287499999999998,
-14.6625,14.325,
-14.6625,14.3625,
-14.6625,14.399999999999999,
-14.6625,14.4375,
-14.6625,14.474999999999998,
-14.6625,14.5125,
-14.6625,14.55,
-14.6625,14.587499999999999,
-14.6625,14.625,
-14.6625,14.662499999999998,
-14.6625,14.7,
-14.6625,14.7375,
-14.6625,14.774999999999999,
-14.6625,14.8125,
-14.6625,14.849999999999998,
-14.6625,14.8875,
-14.6625,14.925,
-14.6625,14.962499999999999,
-14.6625,15.0,
-14.6625,15.037499999999998,
-14.6625,15.075,
-14.625,12.45,
-14.625,12.4875,
-14.625,12.524999999999999,
-14.625,12.5625,
-14.625,12.599999999999998,
-14.625,12.6375,
-14.625,12.675,
-14.625,12.712499999999999,3.0233333333333263
-14.625,12.75,1.1600000000000108
-14.625,12.787499999999998,0.9500000000000028
-14.625,12.825,1.1066666666666407
-14.625,12.8625,2.7299999999999756
-14.625,12.899999999999999,2.640000000000015
-14.625,12.9375,3.530000000000001
-14.625,12.974999999999998,4.046666666666653
-14.625,13.0125,3.2166666666666686
-14.625,13.05,-0.8299999999999841
-14.625,13.087499999999999,-1.8966666666666896
-14.625,13.125,-1.5533333333333417
-14.625,13.162499999999998,-0.7633333333333496
-14.625,13.2,-0.36666666666666003
-14.625,13.2375,1.7733333333333121
-14.625,13.274999999999999,2.13333333333334
-14.625,13.3125,2.5533333333333132
-14.625,13.349999999999998,
-14.625,13.3875,
-14.625,13.425,
-14.625,13.462499999999999,
-14.625,13.5,
-14.625,13.537499999999998,
-14.625,13.575,
-14.625,13.6125,
-14.625,13.649999999999999,
-14.625,13.6875,4.436666666666667
-14.625,13.724999999999998,4.269999999999996
-14.625,13.7625,2.88333333333334
-14.625,13.8,2.2533333333333445
-14.625,13.837499999999999,4.419999999999973
-14.625,13.875,5.373333333333321
-14.625,13.912499999999998,6.176666666666662
-14.625,13.95,
-14.625,13.9875,
-14.625,14.024999999999999,
-14.625,14.0625,
-14.625,14.099999999999998,
-14.625,14.1375,
-14.625,14.175,
-14.625,14.212499999999999,
-14.625,14.25,
-14.625,14.287499999999998,2.6266666666666794
-14.625,14.325,2.186666666666639
-14.625,14.3625,1.7633333333332928
-14.625,14.399999999999999,1.3799999999999955
-14.625,14.4375,1.0999999999999943
-14.625,14.474999999999998,2.013333333333293
-14.625,14.5125,3.2933333333333366
-14.625,14.55,5.160000000000025
-14.625,14.587499999999999,
-14.625,14.625,
-14.625,14.662499999999998,
-14.625,14.7,
-14.625,14.7375,
-14.625,14.774999999999999,
-14.625,14.8125,
-14.625,14.849999999999998,
-14.625,14.8875,
-14.625,14.925,
-14.625,14.962499999999999,
-14.625,15.0,
-14.625,15.037499999999998,
-14.625,15.075,
-14.587499999999999,12.45,
-14.587499999999999,12.4875,
-14.587499999999999,12.524999999999999,
-14.587499999999999,12.5625,
-14.587499999999999,12.599999999999998,
-14.587499999999999,12.6375,
-14.587499999999999,12.675,
-14.587499999999999,12.712499999999999,-0.11333333333335815
-14.587499999999999,12.75,2.1799999999999926
-14.587499999999999,12.787499999999998,-0.326666666666668
-14.587499999999999,12.825,1.6666666666666572
-14.587499999999999,12.8625,2.5666666666666345
-14.587499999999999,12.899999999999999,2.2166666666666686
-14.587499999999999,12.9375,2.456666666666692
-14.587499999999999,12.974999999999998,2.0266666666666566
-14.587499999999999,13.0125,1.4566666666666777
-14.587499999999999,13.05,-1.1133333333333297
-14.587499999999999,13.087499999999999,-0.8100000000000165
-14.587499999999999,13.125,-1.7366666666666646
-14.587499999999999,13.162499999999998,-1.15000000000002
-14.587499999999999,13.2,-0.8133333333333326
-14.587499999999999,13.2375,-0.3166666666666629
-14.587499999999999,13.274999999999999,0.3399999999999608
-14.587499999999999,13.3125,1.7933333333333366
-14.587499999999999,13.349999999999998,
-14.587499999999999,13.3875,
-14.587499999999999,13.425,
-14.587499999999999,13.462499999999999,
-14.587499999999999,13.5,
-14.587499999999999,13.537499999999998,
-14.587499999999999,13.575,
-14.587499999999999,13.6125,
-14.587499999999999,13.649999999999999,
-14.587499999999999,13.6875,4.533333333333317
-14.587499999999999,13.724999999999998,5.293333333333308
-14.587499999999999,13.7625,1.963333333333324
-14.587499999999999,13.8,2.4133333333333553
-14.587499999999999,13.837499999999999,3.0866666666666305
-14.587499999999999,13.875,5.49666666666667
-14.587499999999999,13.912499999999998,6.5733333333333235
-14.587499999999999,13.95,7.709999999999994
-14.587499999999999,13.9875,5.699999999999989
-14.587499999999999,14.024999999999999,
-14.587499999999999,14.0625,3.369999999999976
-14.587499999999999,14.099999999999998,3.390000000000015
-14.587499999999999,14.1375,
-14.587499999999999,14.175,1.9199999999999875
-14.587499999999999,14.212499999999999,3.2366666666666646
-14.587499999999999,14.25,4.340000000000003
-14.587499999999999,14.287499999999998,1.826666666666668
-14.587499999999999,14.325,2.9766666666666595
-14.587499999999999,14.3625,3.143333333333345
-14.587499999999999,14.399999999999999,0.20333333333331893
-14.587499999999999,14.4375,1.6733333333333178
-14.587499999999999,14.474999999999998,2.9566666666666492
-14.587499999999999,14.5125,3.2366666666666646
-14.587499999999999,14.55,4.473333333333343
-14.587499999999999,14.587499999999999,
-14.587499999999999,14.625,
-14.587499999999999,14.662499999999998,
-14.587499999999999,14.7,
-14.587499999999999,14.7375,
-14.587499999999999,14.774999999999999,
-14.587499999999999,14.8125,
-14.587499999999999,14.849999999999998,
-14.587499999999999,14.8875,
-14.587499999999999,14.925,
-14.587499999999999,14.962499999999999,
-14.587499999999999,15.0,
-14.587499999999999,15.037499999999998,
-14.587499999999999,15.075,
-14.55,12.45,
-14.55,12.4875,
-14.55,12.524999999999999,
-14.55,12.5625,
-14.55,12.599999999999998,
-14.55,12.6375,
-14.55,12.675,
-14.55,12.712499999999999,-1.0633333333333042
-14.55,12.75,0.3199999999999932
-14.55,12.787499999999998,0.29999999999999716
-14.55,12.825,0.5499999999999972
-14.55,12.8625,1.4266666666666765
-14.55,12.899999999999999,1.789999999999992
-14.55,12.9375,2.4733333333333434
-14.55,12.974999999999998,2.5900000000000176
-14.55,13.0125,0.05333333333334167
-14.55,13.05,2.4333333333333087
-14.55,13.087499999999999,-0.9500000000000028
-14.55,13.125,-2.0433333333333508
-14.55,13.162499999999998,-1.7233333333333292
-14.55,13.2,-1.036666666666676
-14.55,13.2375,-0.6966666666666868
-14.55,13.274999999999999,-0.4666666666666828
-14.55,13.3125,1.569999999999979
-14.55,13.349999999999998,
-14.55,13.3875,
-14.55,13.425,
-14.55,13.462499999999999,
-14.55,13.5,
-14.55,13.537499999999998,
-14.55,13.575,
-14.55,13.6125,
-14.55,13.649999999999999,3.8333333333333144
-14.55,13.6875,4.40000000000002
-14.55,13.724999999999998,5.743333333333325
-14.55,13.7625,4.563333333333304
-14.55,13.8,4.4466666666666725
-14.55,13.837499999999999,4.339999999999975
-14.55,13.875,6.843333333333305
-14.55,13.912499999999998,6.833333333333314
-14.55,13.95,8.486666666666636
-14.55,13.9875,7.783333333333346
-14.55,14.024999999999999,5.699999999999989
-14.55,14.0625,5.056666666666658
-14.55,14.099999999999998,3.936666666666653
-14.55,14.1375,4.260000000000005
-14.55,14.175,3.019999999999996
-14.55,14.212499999999999,3.1699999999999875
-14.55,14.25,3.6033333333333104
-14.55,14.287499999999998,4.019999999999953
-14.55,14.325,2.6833333333333087
-14.55,14.3625,3.5033333333332735
-14.55,14.399999999999999,3.78333333333336
-14.55,14.4375,3.0400000000000205
-14.55,14.474999999999998,3.006666666666632
-14.55,14.5125,2.2166666666666828
-14.55,14.55,4.63333333333334
-14.55,14.587499999999999,
-14.55,14.625,
-14.55,14.662499999999998,
-14.55,14.7,
-14.55,14.7375,
-14.55,14.774999999999999,
-14.55,14.8125,
-14.55,14.849999999999998,
-14.55,14.8875,
-14.55,14.925,
-14.55,14.962499999999999,
-14.55,15.0,
-14.55,15.037499999999998,
-14.55,15.075,
-14.5125,12.45,
-14.5125,12.4875,
-14.5125,12.524999999999999,
-14.5125,12.5625,
-14.5125,12.599999999999998,
-14.5125,12.6375,
-14.5125,12.675,
-14.5125,12.712499999999999,-0.4333333333333371
-14.5125,12.75,-0.39666666666666117
-14.5125,12.787499999999998,0.17666666666667652
-14.5125,12.825,1.6666666666666572
-14.5125,12.8625,1.59999999999998
-14.5125,12.899999999999999,1.73333333333332
-14.5125,12.9375,1.4733333333333292
-14.5125,12.974999999999998,1.9666666666666544
-14.5125,13.0125,-1.6000000000000085
-14.5125,13.05,1.0766666666666538
-14.5125,13.087499999999999,-0.2266666666666879
-14.5125,13.125,-1.7533333333333445
-14.5125,13.162499999999998,-0.9966666666666697
-14.5125,13.2,-0.7200000000000131
-14.5125,13.2375,-0.7400000000000091
-14.5125,13.274999999999999,0.01666666666666572
-14.5125,13.3125,
-14.5125,13.349999999999998,
-14.5125,13.3875,
-14.5125,13.425,
-14.5125,13.462499999999999,
-14.5125,13.5,
-14.5125,13.537499999999998,
-14.5125,13.575,
-14.5125,13.6125,
-14.5125,13.649999999999999,4.076666666666654
-14.5125,13.6875,4.576666666666668
-14.5125,13.724999999999998,3.5199999999999676
-14.5125,13.7625,5.799999999999983
-14.5125,13.8,5.283333333333331
-14.5125,13.837499999999999,4.379999999999967
-14.5125,13.875,6.223333333333343
-14.5125,13.912499999999998,7.673333333333332
-14.5125,13.95,7.926666666666662
-14.5125,13.9875,7.443333333333342
-14.5125,14.024999999999999,6.903333333333336
-14.5125,14.0625,5.279999999999973
-14.5125,14.099999999999998,4.266666666666637
-14.5125,14.1375,4.593333333333334
-14.5125,14.175,4.033333333333317
-14.5125,14.212499999999999,2.9766666666666595
-14.5125,14.25,3.5833333333333144
-14.5125,14.287499999999998,3.3966666666666754
-14.5125,14.325,2.4999999999999716
-14.5125,14.3625,3.576666666666682
-14.5125,14.399999999999999,5.013333333333293
-14.5125,14.4375,3.88333333333334
-14.5125,14.474999999999998,4.02000000000001
-14.5125,14.5125,3.5633333333333326
-14.5125,14.55,2.71666666666664
-14.5125,14.587499999999999,
-14.5125,14.625,
-14.5125,14.662499999999998,
-14.5125,14.7,
-14.5125,14.7375,
-14.5125,14.774999999999999,
-14.5125,14.8125,
-14.5125,14.849999999999998,
-14.5125,14.8875,
-14.5125,14.925,
-14.5125,14.962499999999999,
-14.5125,15.0,
-14.5125,15.037499999999998,
-14.5125,15.075,
-14.475,12.45,
-14.475,12.4875,
-14.475,12.524999999999999,
-14.475,12.5625,
-14.475,12.599999999999998,
-14.475,12.6375,
-14.475,12.675,
-14.475,12.712499999999999,-1.720000000000013
-14.475,12.75,-0.5700000000000216
-14.475,12.787499999999998,0.46333333333333826
-14.475,12.825,0.9866666666666646
-14.475,12.8625,1.9233333333333036
-14.475,12.899999999999999,-0.2566666666666606
-14.475,12.9375,1.4566666666666634
-14.475,12.974999999999998,2.106666666666669
-14.475,13.0125,1.2833333333333172
-14.475,13.05,-0.5466666666666526
-14.475,13.087499999999999,-1.6833333333333513
-14.475,13.125,-1.2600000000000193
-14.475,13.162499999999998,-1.3033333333333132
-14.475,13.2,-0.6433333333333451
-14.475,13.2375,-0.8366666666666731
-14.475,13.274999999999999,0.5966666666667066
-14.475,13.3125,
-14.475,13.349999999999998,
-14.475,13.3875,
-14.475,13.425,
-14.475,13.462499999999999,
-14.475,13.5,
-14.475,13.537499999999998,
-14.475,13.575,
-14.475,13.6125,4.409999999999982
-14.475,13.649999999999999,5.4266666666666765
-14.475,13.6875,4.753333333333316
-14.475,13.724999999999998,3.930000000000007
-14.475,13.7625,4.453333333333319
-14.475,13.8,3.869999999999976
-14.475,13.837499999999999,5.36666666666666
-14.475,13.875,4.186666666666667
-14.475,13.912499999999998,7.056666666666672
-14.475,13.95,8.019999999999996
-14.475,13.9875,6.806666666666672
-14.475,14.024999999999999,7.336666666666687
-14.475,14.0625,6.279999999999987
-14.475,14.099999999999998,3.9566666666666492
-14.475,14.1375,4.316666666666663
-14.475,14.175,3.8533333333333104
-14.475,14.212499999999999,4.069999999999993
-14.475,14.25,3.23333333333332
-14.475,14.287499999999998,1.2866666666666617
-14.475,14.325,2.8833333333332973
-14.475,14.3625,3.296666666666681
-14.475,14.399999999999999,5.693333333333328
-14.475,14.4375,3.700000000000003
-14.475,14.474999999999998,4.743333333333325
-14.475,14.5125,4.143333333333345
-14.475,14.55,3.5999999999999943
-14.475,14.587499999999999,4.763333333333321
-14.475,14.625,
-14.475,14.662499999999998,
-14.475,14.7,
-14.475,14.7375,
-14.475,14.774999999999999,
-14.475,14.8125,
-14.475,14.849999999999998,
-14.475,14.8875,
-14.475,14.925,
-14.475,14.962499999999999,
-14.475,15.0,
-14.475,15.037499999999998,
-14.475,15.075,
-14.4375,12.45,
-14.4375,12.4875,
-14.4375,12.524999999999999,
-14.4375,12.5625,
-14.4375,12.599999999999998,
-14.4375,12.6375,
-14.4375,12.675,
-14.4375,12.712499999999999,-1.6666666666666714
-14.4375,12.75,-1.4633333333333383
-14.4375,12.787499999999998,-1.0133333333333638
-14.4375,12.825,0.31333333333331836
-14.4375,12.8625,0.8866666666666418
-14.4375,12.899999999999999,1.0899999999999892
-14.4375,12.9375,1.2066666666666492
-14.4375,12.974999999999998,1.0133333333333354
-14.4375,13.0125,-0.5100000000000051
-14.4375,13.05,-0.18333333333333712
-14.4375,13.087499999999999,-0.9566666666666919
-14.4375,13.125,-0.9533333333333474
-14.4375,13.162499999999998,-1.470000000000013
-14.4375,13.2,-1.0066666666666606
-14.4375,13.2375,-0.38000000000000966
-14.4375,13.274999999999999,
-14.4375,13.3125,
-14.4375,13.349999999999998,
-14.4375,13.3875,
-14.4375,13.425,
-14.4375,13.462499999999999,
-14.4375,13.5,
-14.4375,13.537499999999998,4.929999999999978
-14.4375,13.575,3.6899999999999835
-14.4375,13.6125,4.049999999999997
-14.4375,13.649999999999999,3.90000000000002
-14.4375,13.6875,7.106666666666655
-14.4375,13.724999999999998,3.8533333333333104
-14.4375,13.7625,5.19999999999996
-14.4375,13.8,4.3999999999999915
-14.4375,13.837499999999999,3.996666666666684
-14.4375,13.875,3.436666666666639
-14.4375,13.912499999999998,6.299999999999983
-14.4375,13.95,7.966666666666654
-14.4375,13.9875,7.966666666666654
-14.4375,14.024999999999999,6.240000000000009
-14.4375,14.0625,5.106666666666669
-14.4375,14.099999999999998,5.849999999999952
-14.4375,14.1375,5.446666666666687
-14.4375,14.175,4.876666666666651
-14.4375,14.212499999999999,3.6033333333333246
-14.4375,14.25,3.1599999999999824
-14.4375,14.287499999999998,4.643333333333345
-14.4375,14.325,2.21333333333331
-14.4375,14.3625,3.173333333333318
-14.4375,14.399999999999999,4.206666666666649
-14.4375,14.4375,5.109999999999985
-14.4375,14.474999999999998,5.5733333333333235
-14.4375,14.5125,5.1200000000000045
-14.4375,14.55,5.73666666666665
-14.4375,14.587499999999999,3.8999999999999915
-14.4375,14.625,
-14.4375,14.662499999999998,
-14.4375,14.7,
-14.4375,14.7375,
-14.4375,14.774999999999999,
-14.4375,14.8125,
-14.4375,14.849999999999998,
-14.4375,14.8875,
-14.4375,14.925,
-14.4375,14.962499999999999,
-14.4375,15.0,
-14.4375,15.037499999999998,
-14.4375,15.075,
-14.399999999999999,12.45,
-14.399999999999999,12.4875,
-14.399999999999999,12.524999999999999,
-14.399999999999999,12.5625,
-14.399999999999999,12.599999999999998,
-14.399999999999999,12.6375,
-14.399999999999999,12.675,
-14.399999999999999,12.712499999999999,-1.813333333333361
-14.399999999999999,12.75,-1.6566666666666805
-14.399999999999999,12.787499999999998,-1.6166666666667027
-14.399999999999999,12.825,-0.9100000000000392
-14.399999999999999,12.8625,-0.20000000000001705
-14.399999999999999,12.899999999999999,0.9699999999999847
-14.399999999999999,12.9375,1.5899999999999892
-14.399999999999999,12.974999999999998,1.440000000000012
-14.399999999999999,13.0125,0.3633333333333013
-14.399999999999999,13.05,0.6799999999999926
-14.399999999999999,13.087499999999999,-0.5000000000000142
-14.399999999999999,13.125,-0.7200000000000131
-14.399999999999999,13.162499999999998,-1.683333333333323
-14.399999999999999,13.2,-1.1100000000000279
-14.399999999999999,13.2375,-0.6900000000000261
-14.399999999999999,13.274999999999999,
-14.399999999999999,13.3125,
-14.399999999999999,13.349999999999998,
-14.399999999999999,13.3875,
-14.399999999999999,13.425,
-14.399999999999999,13.462499999999999,
-14.399999999999999,13.5,2.1466666666666328
-14.399999999999999,13.537499999999998,4.75333333333333
-14.399999999999999,13.575,4.753333333333316
-14.399999999999999,13.6125,4.2266666666666595
-14.399999999999999,13.649999999999999,4.506666666666661
-14.399999999999999,13.6875,3.8700000000000188
-14.399999999999999,13.724999999999998,4.313333333333318
-14.399999999999999,13.7625,3.3233333333333093
-14.399999999999999,13.8,4.583333333333314
-14.399999999999999,13.837499999999999,4.34666666666665
-14.399999999999999,13.875,4.719999999999985
-14.399999999999999,13.912499999999998,7.2066666666666634
-14.399999999999999,13.95,8.209999999999994
-14.399999999999999,13.9875,8.043333333333322
-14.399999999999999,14.024999999999999,7.200000000000003
-14.399999999999999,14.0625,4.533333333333331
-14.399999999999999,14.099999999999998,5.663333333333313
-14.399999999999999,14.1375,5.359999999999971
-14.399999999999999,14.175,6.109999999999971
-14.399999999999999,14.212499999999999,4.706666666666649
-14.399999999999999,14.25,2.2933333333333223
-14.399999999999999,14.287499999999998,4.259999999999991
-14.399999999999999,14.325,3.7699999999999534
-14.399999999999999,14.3625,3.6666666666666856
-14.399999999999999,14.399999999999999,4.160000000000025
-14.399999999999999,14.4375,4.609999999999957
-14.399999999999999,14.474999999999998,5.639999999999958
-14.399999999999999,14.5125,5.499999999999972
-14.399999999999999,14.55,4.799999999999983
-14.399999999999999,14.587499999999999,4.389999999999986
-14.399999999999999,14.625,
-14.399999999999999,14.662499999999998,
-14.399999999999999,14.7,
-14.399999999999999,14.7375,
-14.399999999999999,14.774999999999999,
-14.399999999999999,14.8125,
-14.399999999999999,14.849999999999998,
-14.399999999999999,14.8875,
-14.399999999999999,14.925,
-14.399999999999999,14.962499999999999,
-14.399999999999999,15.0,
-14.399999999999999,15.037499999999998,
-14.399999999999999,15.075,
-14.3625,12.45,
-14.3625,12.4875,
-14.3625,12.524999999999999,
-14.3625,12.5625,
-14.3625,12.599999999999998,
-14.3625,12.6375,
-14.3625,12.675,
-14.3625,12.712499999999999,-2.180000000000021
-14.3625,12.75,-2.2800000000000153
-14.3625,12.787499999999998,-1.8966666666666754
-14.3625,12.825,-0.9166666666666572
-14.3625,12.8625,1.0433333333333223
-14.3625,12.899999999999999,0.4900000000000091
-14.3625,12.9375,1.6333333333333115
-14.3625,12.974999999999998,0.31999999999996476
-14.3625,13.0125,-1.8200000000000074
-14.3625,13.05,-1.7900000000000205
-14.3625,13.087499999999999,-1.5766666666666538
-14.3625,13.125,-0.600000000000037
-14.3625,13.162499999999998,-1.7333333333333485
-14.3625,13.2,-1.046666666666681
-14.3625,13.2375,
-14.3625,13.274999999999999,
-14.3625,13.3125,
-14.3625,13.349999999999998,
-14.3625,13.3875,
-14.3625,13.425,
-14.3625,13.462499999999999,
-14.3625,13.5,1.4300000000000068
-14.3625,13.537499999999998,4.256666666666661
-14.3625,13.575,4.189999999999998
-14.3625,13.6125,4.273333333333312
-14.3625,13.649999999999999,5.21666666666664
-14.3625,13.6875,4.216666666666654
-14.3625,13.724999999999998,4.71333333333331
-14.3625,13.7625,5.293333333333308
-14.3625,13.8,4.606666666666655
-14.3625,13.837499999999999,5.216666666666654
-14.3625,13.875,4.799999999999997
-14.3625,13.912499999999998,5.403333333333336
-14.3625,13.95,7.359999999999985
-14.3625,13.9875,8.24333333333334
-14.3625,14.024999999999999,7.033333333333331
-14.3625,14.0625,5.836666666666645
-14.3625,14.099999999999998,5.353333333333268
-14.3625,14.1375,6.876666666666651
-14.3625,14.175,5.5533333333333275
-14.3625,14.212499999999999,2.6766666666666623
-14.3625,14.25,1.6766666666666623
-14.3625,14.287499999999998,3.023333333333298
-14.3625,14.325,1.8099999999999739
-14.3625,14.3625,3.7099999999999795
-14.3625,14.399999999999999,3.170000000000016
-14.3625,14.4375,3.8066666666666436
-14.3625,14.474999999999998,2.8533333333332678
-14.3625,14.5125,4.71666666666664
-14.3625,14.55,4.789999999999992
-14.3625,14.587499999999999,5.2333333333333485
-14.3625,14.625,
-14.3625,14.662499999999998,
-14.3625,14.7,
-14.3625,14.7375,
-14.3625,14.774999999999999,
-14.3625,14.8125,
-14.3625,14.849999999999998,
-14.3625,14.8875,
-14.3625,14.925,
-14.3625,14.962499999999999,
-14.3625,15.0,
-14.3625,15.037499999999998,
-14.3625,15.075,
-14.325,12.45,
-14.325,12.4875,
-14.325,12.524999999999999,
-14.325,12.5625,
-14.325,12.599999999999998,
-14.325,12.6375,
-14.325,12.675,
-14.325,12.712499999999999,-1.480000000000004
-14.325,12.75,-2.470000000000013
-14.325,12.787499999999998,-1.8499999999999943
-14.325,12.825,-0.9533333333333331
-14.325,12.8625,0.7133333333333383
-14.325,12.899999999999999,-1.2533333333333445
-14.325,12.9375,-0.28666666666667595
-14.325,12.974999999999998,-0.27666666666668505
-14.325,13.0125,-0.946666666666701
-14.325,13.05,-1.7166666666666686
-14.325,13.087499999999999,-1.0400000000000205
-14.325,13.125,-1.1866666666666674
-14.325,13.162499999999998,-1.0700000000000074
-14.325,13.2,-1.5499999999999972
-14.325,13.2375,
-14.325,13.274999999999999,
-14.325,13.3125,
-14.325,13.349999999999998,
-14.325,13.3875,
-14.325,13.425,
-14.325,13.462499999999999,2.3966666666666896
-14.325,13.5,0.4300000000000068
-14.325,13.537499999999998,4.529999999999987
-14.325,13.575,5.003333333333302
-14.325,13.6125,4.423333333333332
-14.325,13.649999999999999,5.263333333333321
-14.325,13.6875,6.639999999999972
-14.325,13.724999999999998,6.0866666666666305
-14.325,13.7625,5.589999999999989
-14.325,13.8,6.699999999999989
-14.325,13.837499999999999,5.083333333333329
-14.325,13.875,5.5733333333333235
-14.325,13.912499999999998,5.576666666666654
-14.325,13.95,8.48999999999998
-14.325,13.9875,7.910000000000011
-14.325,14.024999999999999,5.75
-14.325,14.0625,5.896666666666661
-14.325,14.099999999999998,5.219999999999999
-14.325,14.1375,5.756666666666661
-14.325,14.175,6.033333333333331
-14.325,14.212499999999999,2.5433333333333223
-14.325,14.25,1.2033333333333331
-14.325,14.287499999999998,2.3900000000000006
-14.325,14.325,3.306666666666672
-14.325,14.3625,3.4299999999999784
-14.325,14.399999999999999,3.606666666666655
-14.325,14.4375,2.629999999999967
-14.325,14.474999999999998,2.686666666666639
-14.325,14.5125,2.3933333333333167
-14.325,14.55,5.109999999999985
-14.325,14.587499999999999,4.743333333333339
-14.325,14.625,
-14.325,14.662499999999998,
-14.325,14.7,
-14.325,14.7375,
-14.325,14.774999999999999,
-14.325,14.8125,
-14.325,14.849999999999998,
-14.325,14.8875,
-14.325,14.925,
-14.325,14.962499999999999,
-14.325,15.0,
-14.325,15.037499999999998,
-14.325,15.075,
-14.2875,12.45,
-14.2875,12.4875,
-14.2875,12.524999999999999,
-14.2875,12.5625,
-14.2875,12.599999999999998,
-14.2875,12.6375,
-14.2875,12.675,
-14.2875,12.712499999999999,-1.3066666666666578
-14.2875,12.75,-1.3066666666666578
-14.2875,12.787499999999998,0.006666666666660603
-14.2875,12.825,-1.3000000000000256
-14.2875,12.8625,-0.44333333333332803
-14.2875,12.899999999999999,-0.7099999999999937
-14.2875,12.9375,0.903333333333336
-14.2875,12.974999999999998,1.7299999999999898
-14.2875,13.0125,0.20000000000000284
-14.2875,13.05,-1.8366666666666873
-14.2875,13.087499999999999,-1.8199999999999932
-14.2875,13.125,-0.5066666666666748
-14.2875,13.162499999999998,-0.2666666666666657
-14.2875,13.2,-1.170000000000016
-14.2875,13.2375,
-14.2875,13.274999999999999,
-14.2875,13.3125,
-14.2875,13.349999999999998,
-14.2875,13.3875,
-14.2875,13.425,
-14.2875,13.462499999999999,
-14.2875,13.5,1.4466666666666725
-14.2875,13.537499999999998,4.526666666666657
-14.2875,13.575,1.8300000000000125
-14.2875,13.6125,4.793333333333308
-14.2875,13.649999999999999,5.546666666666653
-14.2875,13.6875,6.26333333333335
-14.2875,13.724999999999998,4.72999999999999
-14.2875,13.7625,5.473333333333315
-14.2875,13.8,5.933333333333323
-14.2875,13.837499999999999,5.646666666666661
-14.2875,13.875,5.523333333333312
-14.2875,13.912499999999998,6.34666666666665
-14.2875,13.95,9.466666666666669
-14.2875,13.9875,6.2733333333333405
-14.2875,14.024999999999999,4.810000000000002
-14.2875,14.0625,5.663333333333327
-14.2875,14.099999999999998,4.8066666666666436
-14.2875,14.1375,5.516666666666637
-14.2875,14.175,5.956666666666678
-14.2875,14.212499999999999,2.38333333333334
-14.2875,14.25,2.1066666666666407
-14.2875,14.287499999999998,2.203333333333319
-14.2875,14.325,2.71333333333331
-14.2875,14.3625,2.5099999999999625
-14.2875,14.399999999999999,3.6799999999999784
-14.2875,14.4375,4.280000000000001
-14.2875,14.474999999999998,2.53333333333336
-14.2875,14.5125,3.2499999999999716
-14.2875,14.55,2.5199999999999534
-14.2875,14.587499999999999,
-14.2875,14.625,
-14.2875,14.662499999999998,
-14.2875,14.7,
-14.2875,14.7375,
-14.2875,14.774999999999999,
-14.2875,14.8125,
-14.2875,14.849999999999998,
-14.2875,14.8875,
-14.2875,14.925,
-14.2875,14.962499999999999,
-14.2875,15.0,
-14.2875,15.037499999999998,
-14.2875,15.075,
-14.25,12.45,
-14.25,12.4875,
-14.25,12.524999999999999,
-14.25,12.5625,
-14.25,12.599999999999998,
-14.25,12.6375,
-14.25,12.675,
-14.25,12.712499999999999,-3.8800000000000097
-14.25,12.75,-2.3466666666666782
-14.25,12.787499999999998,-0.28000000000001535
-14.25,12.825,0.4166666666666572
-14.25,12.8625,0.043333333333350765
-14.25,12.899999999999999,-1.913333333333327
-14.25,12.9375,1.3033333333333132
-14.25,12.974999999999998,1.9199999999999449
-14.25,13.0125,0.1666666666666714
-14.25,13.05,-1.269999999999996
-14.25,13.087499999999999,-2.75
-14.25,13.125,-1.576666666666668
-14.25,13.162499999999998,-0.07666666666666799
-14.25,13.2,-0.826666666666668
-14.25,13.2375,
-14.25,13.274999999999999,
-14.25,13.3125,
-14.25,13.349999999999998,
-14.25,13.3875,
-14.25,13.425,
-14.25,13.462499999999999,
-14.25,13.5,1.009999999999991
-14.25,13.537499999999998,0.19333333333332803
-14.25,13.575,2.003333333333316
-14.25,13.6125,3.8066666666666578
-14.25,13.649999999999999,4.769999999999996
-14.25,13.6875,5.950000000000003
-14.25,13.724999999999998,7.146666666666633
-14.25,13.7625,5.013333333333307
-14.25,13.8,6.069999999999979
-14.25,13.837499999999999,6.1499999999999915
-14.25,13.875,4.713333333333324
-14.25,13.912499999999998,5.706666666666678
-14.25,13.95,6.693333333333285
-14.25,13.9875,5.023333333333312
-14.25,14.024999999999999,5.566666666666663
-14.25,14.0625,6.356666666666655
-14.25,14.099999999999998,4.083333333333343
-14.25,14.1375,5.2033333333332905
-14.25,14.175,2.293333333333308
-14.25,14.212499999999999,2.193333333333314
-14.25,14.25,1.670000000000016
-14.25,14.287499999999998,1.713333333333324
-14.25,14.325,1.9866666666666504
-14.25,14.3625,0.9500000000000028
-14.25,14.399999999999999,2.3933333333333167
-14.25,14.4375,4.283333333333331
-14.25,14.474999999999998,4.413333333333327
-14.25,14.5125,4.103333333333353
-14.25,14.55,1.5533333333333132
-14.25,14.587499999999999,
-14.25,14.625,
-14.25,14.662499999999998,
-14.25,14.7,
-14.25,14.7375,
-14.25,14.774999999999999,
-14.25,14.8125,
-14.25,14.849999999999998,
-14.25,14.8875,
-14.25,14.925,
-14.25,14.962499999999999,
-14.25,15.0,
-14.25,15.037499999999998,
-14.25,15.075,
-14.212499999999999,12.45,
-14.212499999999999,12.4875,
-14.212499999999999,12.524999999999999,
-14.212499999999999,12.5625,
-14.212499999999999,12.599999999999998,
-14.212499999999999,12.6375,
-14.212499999999999,12.675,
-14.212499999999999,12.712499999999999,-4.3300000000000125
-14.212499999999999,12.75,-2.7233333333333434
-14.212499999999999,12.787499999999998,-2.90333333333335
-14.212499999999999,12.825,-0.4033333333333644
-14.212499999999999,12.8625,-2.2333333333333343
-14.212499999999999,12.899999999999999,-2.039999999999978
-14.212499999999999,12.9375,-0.18333333333335133
-14.212499999999999,12.974999999999998,0.4933333333333252
-14.212499999999999,13.0125,1.2966666666666669
-14.212499999999999,13.05,0.2666666666666657
-14.212499999999999,13.087499999999999,0.973333333333315
-14.212499999999999,13.125,-1.3866666666666987
-14.212499999999999,13.162499999999998,-1.0933333333333195
-14.212499999999999,13.2,-0.07333333333333769
-14.212499999999999,13.2375,
-14.212499999999999,13.274999999999999,
-14.212499999999999,13.3125,
-14.212499999999999,13.349999999999998,
-14.212499999999999,13.3875,
-14.212499999999999,13.425,
-14.212499999999999,13.462499999999999,
-14.212499999999999,13.5,
-14.212499999999999,13.537499999999998,1.1400000000000006
-14.212499999999999,13.575,4.459999999999994
-14.212499999999999,13.6125,4.996666666666641
-14.212499999999999,13.649999999999999,5.820000000000007
-14.212499999999999,13.6875,5.353333333333325
-14.212499999999999,13.724999999999998,3.0833333333333286
-14.212499999999999,13.7625,4.716666666666683
-14.212499999999999,13.8,4.219999999999999
-14.212499999999999,13.837499999999999,5.976666666666645
-14.212499999999999,13.875,2.8599999999999994
-14.212499999999999,13.912499999999998,3.973333333333329
-14.212499999999999,13.95,4.8833333333333115
-14.212499999999999,13.9875,4.956666666666635
-14.212499999999999,14.024999999999999,3.059999999999988
-14.212499999999999,14.0625,3.9566666666666634
-14.212499999999999,14.099999999999998,4.636666666666699
-14.212499999999999,14.1375,4.36333333333333
-14.212499999999999,14.175,2.893333333333345
-14.212499999999999,14.212499999999999,1.9300000000000068
-14.212499999999999,14.25,1.1366666666666703
-14.212499999999999,14.287499999999998,2.0466666666666384
-14.212499999999999,14.325,2.0800000000000125
-14.212499999999999,14.3625,0.7266666666666453
-14.212499999999999,14.399999999999999,2.0933333333333337
-14.212499999999999,14.4375,2.6599999999999966
-14.212499999999999,14.474999999999998,5.143333333333317
-14.212499999999999,14.5125,3.923333333333346
-14.212499999999999,14.55,
-14.212499999999999,14.587499999999999,
-14.212499999999999,14.625,
-14.212499999999999,14.662499999999998,
-14.212499999999999,14.7,
-14.212499999999999,14.7375,
-14.212499999999999,14.774999999999999,
-14.212499999999999,14.8125,
-14.212499999999999,14.849999999999998,
-14.212499999999999,14.8875,
-14.212499999999999,14.925,
-14.212499999999999,14.962499999999999,
-14.212499999999999,15.0,
-14.212499999999999,15.037499999999998,
-14.212499999999999,15.075,
-14.175,12.45,
-14.175,12.4875,
-14.175,12.524999999999999,
-14.175,12.5625,
-14.175,12.599999999999998,
-14.175,12.6375,
-14.175,12.675,
-14.175,12.712499999999999,-4.156666666666666
-14.175,12.75,-3.136666666666642
-14.175,12.787499999999998,-1.7533333333333303
-14.175,12.825,-2.826666666666668
-14.175,12.8625,-2.9533333333333474
-14.175,12.899999999999999,-1.2466666666666555
-14.175,12.9375,0.1600000000000108
-14.175,12.974999999999998,1.9099999999999966
-14.175,13.0125,0.47333333333332916
-14.175,13.05,1.0366666666666475
-14.175,13.087499999999999,1.8333333333333286
-14.175,13.125,-0.7433333333333252
-14.175,13.162499999999998,-3.006666666666689
-14.175,13.2,-1.4266666666666907
-14.175,13.2375,
-14.175,13.274999999999999,
-14.175,13.3125,
-14.175,13.349999999999998,
-14.175,13.3875,
-14.175,13.425,
-14.175,13.462499999999999,
-14.175,13.5,
-14.175,13.537499999999998,2.1133333333333155
-14.175,13.575,2.839999999999961
-14.175,13.6125,4.656666666666666
-14.175,13.649999999999999,5.153333333333322
-14.175,13.6875,5.813333333333333
-14.175,13.724999999999998,4.730000000000004
-14.175,13.7625,3.1933333333333422
-14.175,13.8,3.2266666666666737
-14.175,13.837499999999999,2.319999999999979
-14.175,13.875,2.9333333333333655
-14.175,13.912499999999998,2.9266666666666765
-14.175,13.95,3.686666666666653
-14.175,13.9875,4.619999999999976
-14.175,14.024999999999999,3.980000000000018
-14.175,14.0625,4.190000000000012
-14.175,14.099999999999998,4.449999999999989
-14.175,14.1375,4.21666666666664
-14.175,14.175,2.4499999999999886
-14.175,14.212499999999999,0.6533333333333502
-14.175,14.25,1.3033333333333132
-14.175,14.287499999999998,1.6466666666666754
-14.175,14.325,1.7633333333333354
-14.175,14.3625,2.670000000000016
-14.175,14.399999999999999,1.7999999999999972
-14.175,14.4375,1.436666666666639
-14.175,14.474999999999998,2.3100000000000023
-14.175,14.5125,3.943333333333328
-14.175,14.55,
-14.175,14.587499999999999,
-14.175,14.625,
-14.175,14.662499999999998,
-14.175,14.7,
-14.175,14.7375,
-14.175,14.774999999999999,
-14.175,14.8125,
-14.175,14.849999999999998,
-14.175,14.8875,
-14.175,14.925,
-14.175,14.962499999999999,
-14.175,15.0,
-14.175,15.037499999999998,
-14.175,15.075,
-14.1375,12.45,
-14.1375,12.4875,
-14.1375,12.524999999999999,
-14.1375,12.5625,
-14.1375,12.599999999999998,
-14.1375,12.6375,
-14.1375,12.675,
-14.1375,12.712499999999999,-8.340000000000003
-14.1375,12.75,-3.2033333333333474
-14.1375,12.787499999999998,-2.769999999999996
-14.1375,12.825,-2.626666666666708
-14.1375,12.8625,-2.8299999999999983
-14.1375,12.899999999999999,-2.119999999999976
-14.1375,12.9375,0.4300000000000068
-14.1375,12.974999999999998,1.0033333333333587
-14.1375,13.0125,-0.27666666666668505
-14.1375,13.05,0.36999999999999034
-14.1375,13.087499999999999,1.176666666666648
-14.1375,13.125,0.5166666666666515
-14.1375,13.162499999999998,-1.6033333333333104
-14.1375,13.2,-2.010000000000005
-14.1375,13.2375,
-14.1375,13.274999999999999,
-14.1375,13.3125,
-14.1375,13.349999999999998,
-14.1375,13.3875,
-14.1375,13.425,
-14.1375,13.462499999999999,
-14.1375,13.5,
-14.1375,13.537499999999998,2.1899999999999835
-14.1375,13.575,2.07999999999997
-14.1375,13.6125,3.326666666666611
-14.1375,13.649999999999999,5.570000000000007
-14.1375,13.6875,5.816666666666677
-14.1375,13.724999999999998,5.1933333333333
-14.1375,13.7625,3.4266666666666765
-14.1375,13.8,4.593333333333291
-14.1375,13.837499999999999,2.2766666666666566
-14.1375,13.875,4.5566666666666436
-14.1375,13.912499999999998,3.5366666666666475
-14.1375,13.95,3.549999999999997
-14.1375,13.9875,4.563333333333318
-14.1375,14.024999999999999,4.1166666666666885
-14.1375,14.0625,3.1366666666666703
-14.1375,14.099999999999998,3.4466666666666583
-14.1375,14.1375,3.686666666666639
-14.1375,14.175,3.5833333333333
-14.1375,14.212499999999999,0.8433333333333337
-14.1375,14.25,2.1199999999999903
-14.1375,14.287499999999998,2.2799999999999727
-14.1375,14.325,2.4033333333333218
-14.1375,14.3625,3.1933333333333422
-14.1375,14.399999999999999,4.176666666666648
-14.1375,14.4375,2.903333333333336
-14.1375,14.474999999999998,1.8366666666666873
-14.1375,14.5125,1.323333333333352
-14.1375,14.55,
-14.1375,14.587499999999999,
-14.1375,14.625,
-14.1375,14.662499999999998,
-14.1375,14.7,
-14.1375,14.7375,
-14.1375,14.774999999999999,
-14.1375,14.8125,
-14.1375,14.849999999999998,
-14.1375,14.8875,
-14.1375,14.925,
-14.1375,14.962499999999999,
-14.1375,15.0,
-14.1375,15.037499999999998,
-14.1375,15.075,
-14.1,12.45,
-14.1,12.4875,
-14.1,12.524999999999999,
-14.1,12.5625,
-14.1,12.599999999999998,
-14.1,12.6375,
-14.1,12.675,
-14.1,12.712499999999999,-7.123333333333321
-14.1,12.75,-5.816666666666649
-14.1,12.787499999999998,-1.7033333333333474
-14.1,12.825,-3.2633333333333496
-14.1,12.8625,-1.3500000000000085
-14.1,12.899999999999999,-2.2700000000000102
-14.1,12.9375,0.9100000000000108
-14.1,12.974999999999998,1.420000000000016
-14.1,13.0125,-0.45666666666666345
-14.1,13.05,0.3366666666666447
-14.1,13.087499999999999,0.8099999999999881
-14.1,13.125,-0.7833333333333314
-14.1,13.162499999999998,-1.5066666666666606
-14.1,13.2,-0.7166666666666686
-14.1,13.2375,-3.036666666666676
-14.1,13.274999999999999,0.963333333333324
-14.1,13.3125,
-14.1,13.349999999999998,
-14.1,13.3875,
-14.1,13.425,
-14.1,13.462499999999999,
-14.1,13.5,
-14.1,13.537499999999998,
-14.1,13.575,2.8333333333333
-14.1,13.6125,2.6700000000000017
-14.1,13.649999999999999,2.7966666666666526
-14.1,13.6875,5.343333333333305
-14.1,13.724999999999998,5.130000000000024
-14.1,13.7625,4.4599999999999795
-14.1,13.8,4.983333333333334
-14.1,13.837499999999999,5.086666666666645
-14.1,13.875,5.449999999999974
-14.1,13.912499999999998,3.8833333333333115
-14.1,13.95,3.763333333333307
-14.1,13.9875,4.473333333333315
-14.1,14.024999999999999,5.106666666666655
-14.1,14.0625,5.033333333333331
-14.1,14.099999999999998,4.170000000000002
-14.1,14.1375,3.683333333333337
-14.1,14.175,6.056666666666658
-14.1,14.212499999999999,2.1599999999999824
-14.1,14.25,3.106666666666655
-14.1,14.287499999999998,2.889999999999958
-14.1,14.325,3.13333333333334
-14.1,14.3625,4.256666666666646
-14.1,14.399999999999999,3.453333333333319
-14.1,14.4375,2.7099999999999937
-14.1,14.474999999999998,1.2966666666666526
-14.1,14.5125,2.2066666666666492
-14.1,14.55,
-14.1,14.587499999999999,
-14.1,14.625,
-14.1,14.662499999999998,
-14.1,14.7,
-14.1,14.7375,
-14.1,14.774999999999999,
-14.1,14.8125,
-14.1,14.849999999999998,
-14.1,14.8875,
-14.1,14.925,
-14.1,14.962499999999999,
-14.1,15.0,
-14.1,15.037499999999998,
-14.1,15.075,
-14.0625,12.45,
-14.0625,12.4875,
-14.0625,12.524999999999999,
-14.0625,12.5625,
-14.0625,12.599999999999998,
-14.0625,12.6375,
-14.0625,12.675,
-14.0625,12.712499999999999,-6.3433333333333195
-14.0625,12.75,-6.819999999999993
-14.0625,12.787499999999998,-3.2933333333333366
-14.0625,12.825,-1.8966666666666612
-14.0625,12.8625,-1.8733333333333206
-14.0625,12.899999999999999,0.029999999999986926
-14.0625,12.9375,-0.7533333333333445
-14.0625,12.974999999999998,1.0833333333333286
-14.0625,13.0125,0.3433333333333053
-14.0625,13.05,0.27666666666668505
-14.0625,13.087499999999999,0.27000000000001023
-14.0625,13.125,-0.3499999999999943
-14.0625,13.162499999999998,0.4966666666666555
-14.0625,13.2,-1.289999999999992
-14.0625,13.2375,-1.8033333333333275
-14.0625,13.274999999999999,-1.4066666666666805
-14.0625,13.3125,
-14.0625,13.349999999999998,
-14.0625,13.3875,
-14.0625,13.425,
-14.0625,13.462499999999999,
-14.0625,13.5,
-14.0625,13.537499999999998,
-14.0625,13.575,2.63333333333334
-14.0625,13.6125,3.2799999999999727
-14.0625,13.649999999999999,2.7599999999999767
-14.0625,13.6875,5.02000000000001
-14.0625,13.724999999999998,4.346666666666664
-14.0625,13.7625,3.5333333333333172
-14.0625,13.8,3.7466666666666555
-14.0625,13.837499999999999,3.666666666666657
-14.0625,13.875,5.32666666666664
-14.0625,13.912499999999998,6.490000000000023
-14.0625,13.95,4.98666666666665
-14.0625,13.9875,4.499999999999986
-14.0625,14.024999999999999,5.743333333333354
-14.0625,14.0625,5.756666666666689
-14.0625,14.099999999999998,5.466666666666654
-14.0625,14.1375,4.703333333333319
-14.0625,14.175,5.779999999999987
-14.0625,14.212499999999999,7.029999999999973
-14.0625,14.25,4.230000000000004
-14.0625,14.287499999999998,4.476666666666645
-14.0625,14.325,4.123333333333306
-14.0625,14.3625,5.189999999999998
-14.0625,14.399999999999999,1.8666666666666458
-14.0625,14.4375,1.859999999999971
-14.0625,14.474999999999998,2.1466666666666328
-14.0625,14.5125,8.236666666666665
-14.0625,14.55,7.893333333333345
-14.0625,14.587499999999999,
-14.0625,14.625,
-14.0625,14.662499999999998,
-14.0625,14.7,
-14.0625,14.7375,
-14.0625,14.774999999999999,
-14.0625,14.8125,
-14.0625,14.849999999999998,
-14.0625,14.8875,
-14.0625,14.925,
-14.0625,14.962499999999999,
-14.0625,15.0,
-14.0625,15.037499999999998,
-14.0625,15.075,
-14.024999999999999,12.45,
-14.024999999999999,12.4875,
-14.024999999999999,12.524999999999999,
-14.024999999999999,12.5625,
-14.024999999999999,12.599999999999998,
-14.024999999999999,12.6375,
-14.024999999999999,12.675,-6.4466666666666725
-14.024999999999999,12.712499999999999,-7.046666666666667
-14.024999999999999,12.75,-6.140000000000015
-14.024999999999999,12.787499999999998,-3.2800000000000153
-14.024999999999999,12.825,-2.3100000000000023
-14.024999999999999,12.8625,-1.4066666666666805
-14.024999999999999,12.899999999999999,-2.340000000000046
-14.024999999999999,12.9375,-1.3666666666666458
-14.024999999999999,12.974999999999998,-1.2033333333333474
-14.024999999999999,13.0125,-0.9700000000000131
-14.024999999999999,13.05,-1.9466666666666868
-14.024999999999999,13.087499999999999,-1.9766666666666737
-14.024999999999999,13.125,-1.1766666666666907
-14.024999999999999,13.162499999999998,-0.5599999999999881
-14.024999999999999,13.2,-0.806666666666672
-14.024999999999999,13.2375,-2.5533333333333417
-14.024999999999999,13.274999999999999,-2.5799999999999983
-14.024999999999999,13.3125,
-14.024999999999999,13.349999999999998,
-14.024999999999999,13.3875,
-14.024999999999999,13.425,
-14.024999999999999,13.462499999999999,
-14.024999999999999,13.5,
-14.024999999999999,13.537499999999998,
-14.024999999999999,13.575,2.1566666666666663
-14.024999999999999,13.6125,3.096666666666664
-14.024999999999999,13.649999999999999,3.5166666666666515
-14.024999999999999,13.6875,4.589999999999989
-14.024999999999999,13.724999999999998,5.050000000000026
-14.024999999999999,13.7625,2.2166666666666686
-14.024999999999999,13.8,4.4199999999999875
-14.024999999999999,13.837499999999999,3.5233333333333263
-14.024999999999999,13.875,3.13333333333334
-14.024999999999999,13.912499999999998,3.903333333333336
-14.024999999999999,13.95,7.043333333333308
-14.024999999999999,13.9875,3.3833333333333115
-14.024999999999999,14.024999999999999,6.126666666666679
-14.024999999999999,14.0625,6.313333333333318
-14.024999999999999,14.099999999999998,7.300000000000011
-14.024999999999999,14.1375,7.470000000000013
-14.024999999999999,14.175,5.616666666666646
-14.024999999999999,14.212499999999999,5.910000000000011
-14.024999999999999,14.25,7.006666666666661
-14.024999999999999,14.287499999999998,5.223333333333343
-14.024999999999999,14.325,7.993333333333297
-14.024999999999999,14.3625,5.99666666666667
-14.024999999999999,14.399999999999999,5.726666666666688
-14.024999999999999,14.4375,7.593333333333348
-14.024999999999999,14.474999999999998,7.763333333333335
-14.024999999999999,14.5125,6.203333333333347
-14.024999999999999,14.55,6.546666666666653
-14.024999999999999,14.587499999999999,
-14.024999999999999,14.625,
-14.024999999999999,14.662499999999998,
-14.024999999999999,14.7,
-14.024999999999999,14.7375,
-14.024999999999999,14.774999999999999,
-14.024999999999999,14.8125,
-14.024999999999999,14.849999999999998,
-14.024999999999999,14.8875,
-14.024999999999999,14.925,
-14.024999999999999,14.962499999999999,
-14.024999999999999,15.0,
-14.024999999999999,15.037499999999998,
-14.024999999999999,15.075,
-13.9875,12.45,
-13.9875,12.4875,
-13.9875,12.524999999999999,
-13.9875,12.5625,
-13.9875,12.599999999999998,
-13.9875,12.6375,
-13.9875,12.675,-9.143333333333345
-13.9875,12.712499999999999,-8.039999999999992
-13.9875,12.75,-7.220000000000027
-13.9875,12.787499999999998,-6.1233333333333775
-13.9875,12.825,-3.456666666666692
-13.9875,12.8625,-2.173333333333346
-13.9875,12.899999999999999,-1.6199999999999903
-13.9875,12.9375,-0.6233333333333064
-13.9875,12.974999999999998,-1.846666666666664
-13.9875,13.0125,-1.9900000000000233
-13.9875,13.05,-3.1366666666666845
-13.9875,13.087499999999999,-2.370000000000033
-13.9875,13.125,-1.953333333333319
-13.9875,13.162499999999998,-0.673333333333332
-13.9875,13.2,-0.5266666666666566
-13.9875,13.2375,-1.9100000000000108
-13.9875,13.274999999999999,-2.4799999999999756
-13.9875,13.3125,
-13.9875,13.349999999999998,
-13.9875,13.3875,
-13.9875,13.425,
-13.9875,13.462499999999999,
-13.9875,13.5,
-13.9875,13.537499999999998,
-13.9875,13.575,
-13.9875,13.6125,3.576666666666654
-13.9875,13.649999999999999,3.5366666666666617
-13.9875,13.6875,4.2666666666666515
-13.9875,13.724999999999998,7.2866666666666475
-13.9875,13.7625,4.71999999999997
-13.9875,13.8,3.1866666666666674
-13.9875,13.837499999999999,3.683333333333337
-13.9875,13.875,3.9933333333333536
-13.9875,13.912499999999998,2.8033333333333275
-13.9875,13.95,5.436666666666667
-13.9875,13.9875,2.903333333333336
-13.9875,14.024999999999999,6.4066666666666805
-13.9875,14.0625,3.6666666666666714
-13.9875,14.099999999999998,6.5433333333333366
-13.9875,14.1375,6.203333333333319
-13.9875,14.175,6.420000000000002
-13.9875,14.212499999999999,7.509999999999991
-13.9875,14.25,8.713333333333324
-13.9875,14.287499999999998,8.669999999999987
-13.9875,14.325,8.459999999999994
-13.9875,14.3625,7.723333333333315
-13.9875,14.399999999999999,7.3066666666666436
-13.9875,14.4375,5.526666666666671
-13.9875,14.474999999999998,5.603333333333296
-13.9875,14.5125,6.063333333333333
-13.9875,14.55,3.4533333333333047
-13.9875,14.587499999999999,
-13.9875,14.625,
-13.9875,14.662499999999998,
-13.9875,14.7,
-13.9875,14.7375,
-13.9875,14.774999999999999,
-13.9875,14.8125,
-13.9875,14.849999999999998,
-13.9875,14.8875,
-13.9875,14.925,
-13.9875,14.962499999999999,
-13.9875,15.0,
-13.9875,15.037499999999998,
-13.9875,15.075,
-13.95,12.45,
-13.95,12.4875,
-13.95,12.524999999999999,
-13.95,12.5625,
-13.95,12.599999999999998,
-13.95,12.6375,
-13.95,12.675,-10.280000000000001
-13.95,12.712499999999999,-8.933333333333337
-13.95,12.75,-8.22333333333333
-13.95,12.787499999999998,-8.696666666666687
-13.95,12.825,-3.9166666666667
-13.95,12.8625,-2.853333333333339
-13.95,12.899999999999999,-3.323333333333352
-13.95,12.9375,-1.203333333333319
-13.95,12.974999999999998,-1.3666666666666458
-13.95,13.0125,-3.326666666666668
-13.95,13.05,-0.4266666666666765
-13.95,13.087499999999999,-1.2833333333333314
-13.95,13.125,-1.2933333333333366
-13.95,13.162499999999998,-0.7033333333333616
-13.95,13.2,0.3433333333332911
-13.95,13.2375,-2.093333333333348
-13.95,13.274999999999999,0.28666666666664753
-13.95,13.3125,3.4633333333333383
-13.95,13.349999999999998,
-13.95,13.3875,
-13.95,13.425,
-13.95,13.462499999999999,
-13.95,13.5,
-13.95,13.537499999999998,
-13.95,13.575,3.793333333333308
-13.95,13.6125,3.733333333333306
-13.95,13.649999999999999,4.92333333333336
-13.95,13.6875,3.5799999999999983
-13.95,13.724999999999998,6.006666666666661
-13.95,13.7625,4.119999999999976
-13.95,13.8,6.523333333333312
-13.95,13.837499999999999,3.6466666666666896
-13.95,13.875,3.4666666666666686
-13.95,13.912499999999998,3.0133333333333354
-13.95,13.95,3.749999999999986
-13.95,13.9875,2.4199999999999875
-13.95,14.024999999999999,3.0999999999999943
-13.95,14.0625,1.8699999999999903
-13.95,14.099999999999998,3.3733333333333206
-13.95,14.1375,4.910000000000011
-13.95,14.175,6.623333333333321
-13.95,14.212499999999999,7.5233333333333405
-13.95,14.25,7.36333333333333
-13.95,14.287499999999998,8.013333333333321
-13.95,14.325,8.746666666666655
-13.95,14.3625,5.776666666666657
-13.95,14.399999999999999,4.5600000000000165
-13.95,14.4375,4.403333333333322
-13.95,14.474999999999998,4.509999999999977
-13.95,14.5125,3.0600000000000023
-13.95,14.55,2.1766666666666907
-13.95,14.587499999999999,
-13.95,14.625,
-13.95,14.662499999999998,
-13.95,14.7,
-13.95,14.7375,
-13.95,14.774999999999999,
-13.95,14.8125,
-13.95,14.849999999999998,
-13.95,14.8875,
-13.95,14.925,
-13.95,14.962499999999999,
-13.95,15.0,
-13.95,15.037499999999998,
-13.95,15.075,
-13.9125,12.45,
-13.9125,12.4875,
-13.9125,12.524999999999999,
-13.9125,12.5625,
-13.9125,12.599999999999998,
-13.9125,12.6375,
-13.9125,12.675,-10.686666666666682
-13.9125,12.712499999999999,-10.70666666666665
-13.9125,12.75,-9.253333333333345
-13.9125,12.787499999999998,-8.430000000000007
-13.9125,12.825,-7.670000000000002
-13.9125,12.8625,-4.176666666666691
-13.9125,12.899999999999999,-3.3100000000000023
-13.9125,12.9375,-1.9966666666666697
-13.9125,12.974999999999998,-1.4166666666666714
-13.9125,13.0125,-0.2599999999999909
-13.9125,13.05,0.06333333333331836
-13.9125,13.087499999999999,-0.8833333333333542
-13.9125,13.125,-0.7033333333333616
-13.9125,13.162499999999998,-0.9600000000000364
-13.9125,13.2,0.7733333333333121
-13.9125,13.2375,0.45333333333334735
-13.9125,13.274999999999999,1.336666666666673
-13.9125,13.3125,0.4766666666666737
-13.9125,13.349999999999998,
-13.9125,13.3875,
-13.9125,13.425,
-13.9125,13.462499999999999,
-13.9125,13.5,
-13.9125,13.537499999999998,
-13.9125,13.575,6.943333333333342
-13.9125,13.6125,3.3233333333333093
-13.9125,13.649999999999999,4.266666666666637
-13.9125,13.6875,4.519999999999996
-13.9125,13.724999999999998,4.7933333333333366
-13.9125,13.7625,3.029999999999987
-13.9125,13.8,8.409999999999982
-13.9125,13.837499999999999,3.7466666666666697
-13.9125,13.875,4.146666666666661
-13.9125,13.912499999999998,3.819999999999993
-13.9125,13.95,3.0166666666666657
-13.9125,13.9875,2.5633333333333326
-13.9125,14.024999999999999,3.8433333333333337
-13.9125,14.0625,2.416666666666657
-13.9125,14.099999999999998,2.379999999999953
-13.9125,14.1375,2.90000000000002
-13.9125,14.175,4.896666666666675
-13.9125,14.212499999999999,5.453333333333319
-13.9125,14.25,6.213333333333338
-13.9125,14.287499999999998,6.686666666666667
-13.9125,14.325,6.36666666666666
-13.9125,14.3625,5.529999999999987
-13.9125,14.399999999999999,3.879999999999953
-13.9125,14.4375,3.686666666666653
-13.9125,14.474999999999998,2.9766666666666737
-13.9125,14.5125,2.0466666666666384
-13.9125,14.55,2.2066666666666777
-13.9125,14.587499999999999,
-13.9125,14.625,
-13.9125,14.662499999999998,
-13.9125,14.7,
-13.9125,14.7375,
-13.9125,14.774999999999999,
-13.9125,14.8125,
-13.9125,14.849999999999998,
-13.9125,14.8875,
-13.9125,14.925,
-13.9125,14.962499999999999,
-13.9125,15.0,
-13.9125,15.037499999999998,
-13.9125,15.075,
-13.875,12.45,
-13.875,12.4875,
-13.875,12.524999999999999,
-13.875,12.5625,
-13.875,12.599999999999998,
-13.875,12.6375,
-13.875,12.675,-9.763333333333335
-13.875,12.712499999999999,-10.079999999999984
-13.875,12.75,-10.083333333333314
-13.875,12.787499999999998,-9.369999999999962
-13.875,12.825,-7.380000000000024
-13.875,12.8625,-4.436666666666682
-13.875,12.899999999999999,-3.4966666666666697
-13.875,12.9375,-2.1966666666666868
-13.875,12.974999999999998,-3.490000000000009
-13.875,13.0125,-1.0333333333333599
-13.875,13.05,-0.34333333333337634
-13.875,13.087499999999999,0.47666666666665947
-13.875,13.125,-0.35999999999999943
-13.875,13.162499999999998,-0.6233333333333491
-13.875,13.2,0.6133333333333297
-13.875,13.2375,1.049999999999983
-13.875,13.274999999999999,0.2566666666666322
-13.875,13.3125,1.2399999999999949
-13.875,13.349999999999998,
-13.875,13.3875,
-13.875,13.425,
-13.875,13.462499999999999,
-13.875,13.5,
-13.875,13.537499999999998,5.949999999999989
-13.875,13.575,7.050000000000011
-13.875,13.6125,6.639999999999972
-13.875,13.649999999999999,5.123333333333306
-13.875,13.6875,6.583333333333314
-13.875,13.724999999999998,3.9933333333333394
-13.875,13.7625,7.263333333333335
-13.875,13.8,8.563333333333304
-13.875,13.837499999999999,8.466666666666683
-13.875,13.875,3.913333333333327
-13.875,13.912499999999998,3.9599999999999937
-13.875,13.95,3.9399999999999977
-13.875,13.9875,3.433333333333323
-13.875,14.024999999999999,2.6433333333332882
-13.875,14.0625,1.799999999999983
-13.875,14.099999999999998,0.7333333333333201
-13.875,14.1375,2.493333333333325
-13.875,14.175,3.076666666666668
-13.875,14.212499999999999,4.913333333333355
-13.875,14.25,6.25333333333333
-13.875,14.287499999999998,5.329999999999998
-13.875,14.325,5.276666666666657
-13.875,14.3625,5.166666666666686
-13.875,14.399999999999999,4.906666666666652
-13.875,14.4375,5.0366666666666475
-13.875,14.474999999999998,2.8266666666666254
-13.875,14.5125,2.200000000000017
-13.875,14.55,2.260000000000005
-13.875,14.587499999999999,
-13.875,14.625,
-13.875,14.662499999999998,
-13.875,14.7,
-13.875,14.7375,
-13.875,14.774999999999999,
-13.875,14.8125,
-13.875,14.849999999999998,
-13.875,14.8875,
-13.875,14.925,
-13.875,14.962499999999999,
-13.875,15.0,
-13.875,15.037499999999998,
-13.875,15.075,
-13.837499999999999,12.45,
-13.837499999999999,12.4875,
-13.837499999999999,12.524999999999999,
-13.837499999999999,12.5625,
-13.837499999999999,12.599999999999998,
-13.837499999999999,12.6375,
-13.837499999999999,12.675,-9.976666666666645
-13.837499999999999,12.712499999999999,-10.283333333333317
-13.837499999999999,12.75,-10.559999999999974
-13.837499999999999,12.787499999999998,-10.866666666666646
-13.837499999999999,12.825,-9.926666666666648
-13.837499999999999,12.8625,-6.8866666666666845
-13.837499999999999,12.899999999999999,-4.076666666666625
-13.837499999999999,12.9375,-3.6633333333333553
-13.837499999999999,12.974999999999998,-2.8200000000000074
-13.837499999999999,13.0125,-4.166666666666686
-13.837499999999999,13.05,-0.3933333333333593
-13.837499999999999,13.087499999999999,0.2533333333333161
-13.837499999999999,13.125,0.10666666666664071
-13.837499999999999,13.162499999999998,-0.3800000000000239
-13.837499999999999,13.2,0.6266666666666794
-13.837499999999999,13.2375,1.4299999999999784
-13.837499999999999,13.274999999999999,2.239999999999995
-13.837499999999999,13.3125,1.9699999999999847
-13.837499999999999,13.349999999999998,
-13.837499999999999,13.3875,
-13.837499999999999,13.425,
-13.837499999999999,13.462499999999999,
-13.837499999999999,13.5,5.8166666666666345
-13.837499999999999,13.537499999999998,7.293333333333308
-13.837499999999999,13.575,5.3999999999999915
-13.837499999999999,13.6125,6.893333333333345
-13.837499999999999,13.649999999999999,6.133333333333283
-13.837499999999999,13.6875,6.043333333333322
-13.837499999999999,13.724999999999998,5.369999999999962
-13.837499999999999,13.7625,5.2866666666666475
-13.837499999999999,13.8,7.89666666666669
-13.837499999999999,13.837499999999999,5.643333333333288
-13.837499999999999,13.875,2.436666666666653
-13.837499999999999,13.912499999999998,2.019999999999996
-13.837499999999999,13.95,1.3133333333333184
-13.837499999999999,13.9875,2.376666666666651
-13.837499999999999,14.024999999999999,2.34999999999998
-13.837499999999999,14.0625,0.7333333333333201
-13.837499999999999,14.099999999999998,1.1099999999999852
-13.837499999999999,14.1375,0.5299999999999727
-13.837499999999999,14.175,1.7199999999999989
-13.837499999999999,14.212499999999999,1.88333333333334
-13.837499999999999,14.25,3.3199999999999648
-13.837499999999999,14.287499999999998,4.296666666666667
-13.837499999999999,14.325,3.84666666666665
-13.837499999999999,14.3625,4.289999999999964
-13.837499999999999,14.399999999999999,3.7766666666666566
-13.837499999999999,14.4375,0.5199999999999818
-13.837499999999999,14.474999999999998,0.8966666666666754
-13.837499999999999,14.5125,
-13.837499999999999,14.55,
-13.837499999999999,14.587499999999999,
-13.837499999999999,14.625,
-13.837499999999999,14.662499999999998,
-13.837499999999999,14.7,
-13.837499999999999,14.7375,
-13.837499999999999,14.774999999999999,
-13.837499999999999,14.8125,
-13.837499999999999,14.849999999999998,
-13.837499999999999,14.8875,
-13.837499999999999,14.925,
-13.837499999999999,14.962499999999999,
-13.837499999999999,15.0,
-13.837499999999999,15.037499999999998,
-13.837499999999999,15.075,
-13.8,12.45,
-13.8,12.4875,
-13.8,12.524999999999999,
-13.8,12.5625,
-13.8,12.599999999999998,
-13.8,12.6375,
-13.8,12.675,-8.436666666666682
-13.8,12.712499999999999,-8.233333333333334
-13.8,12.75,-9.96999999999997
-13.8,12.787499999999998,-10.573333333333323
-13.8,12.825,-6.840000000000003
-13.8,12.8625,-5.170000000000002
-13.8,12.899999999999999,-5.216666666666669
-13.8,12.9375,-4.760000000000019
-13.8,12.974999999999998,-5.0033333333333445
-13.8,13.0125,-3.086666666666673
-13.8,13.05,-1.1866666666666674
-13.8,13.087499999999999,-0.6600000000000108
-13.8,13.125,-1.0000000000000284
-13.8,13.162499999999998,-0.3366666666666589
-13.8,13.2,0.4933333333333252
-13.8,13.2375,1.1433333333333024
-13.8,13.274999999999999,2.220000000000013
-13.8,13.3125,2.6299999999999812
-13.8,13.349999999999998,2.7733333333333263
-13.8,13.3875,
-13.8,13.425,
-13.8,13.462499999999999,5.993333333333311
-13.8,13.5,6.49666666666667
-13.8,13.537499999999998,5.799999999999983
-13.8,13.575,6.4199999999999875
-13.8,13.6125,4.033333333333317
-13.8,13.649999999999999,4.273333333333312
-13.8,13.6875,2.839999999999989
-13.8,13.724999999999998,5.73333333333332
-13.8,13.7625,4.393333333333331
-13.8,13.8,5.663333333333327
-13.8,13.837499999999999,5.109999999999971
-13.8,13.875,4.3633333333333155
-13.8,13.912499999999998,1.973333333333315
-13.8,13.95,2.1366666666666845
-13.8,13.9875,1.936666666666639
-13.8,14.024999999999999,2.003333333333316
-13.8,14.0625,2.2033333333333474
-13.8,14.099999999999998,-0.3433333333333195
-13.8,14.1375,0.31999999999996476
-13.8,14.175,1.5199999999999676
-13.8,14.212499999999999,2.0666666666666487
-13.8,14.25,2.3366666666666873
-13.8,14.287499999999998,2.7733333333333405
-13.8,14.325,4.659999999999997
-13.8,14.3625,1.0400000000000063
-13.8,14.399999999999999,0.1666666666666714
-13.8,14.4375,
-13.8,14.474999999999998,
-13.8,14.5125,
-13.8,14.55,
-13.8,14.587499999999999,
-13.8,14.625,
-13.8,14.662499999999998,
-13.8,14.7,
-13.8,14.7375,
-13.8,14.774999999999999,
-13.8,14.8125,
-13.8,14.849999999999998,
-13.8,14.8875,
-13.8,14.925,
-13.8,14.962499999999999,
-13.8,15.0,
-13.8,15.037499999999998,
-13.8,15.075,
-13.7625,12.45,
-13.7625,12.4875,
-13.7625,12.524999999999999,
-13.7625,12.5625,
-13.7625,12.599999999999998,
-13.7625,12.6375,
-13.7625,12.675,-9.63000000000001
-13.7625,12.712499999999999,-8.35666666666664
-13.7625,12.75,-8.373333333333349
-13.7625,12.787499999999998,-9.713333333333338
-13.7625,12.825,-6.733333333333334
-13.7625,12.8625,-8.903333333333322
-13.7625,12.899999999999999,-6.560000000000002
-13.7625,12.9375,-6.260000000000005
-13.7625,12.974999999999998,-5.123333333333321
-13.7625,13.0125,-4.326666666666668
-13.7625,13.05,-2.3633333333333297
-13.7625,13.087499999999999,-2.1966666666666725
-13.7625,13.125,0.6966666666666725
-13.7625,13.162499999999998,0.10999999999999943
-13.7625,13.2,1.0166666666666515
-13.7625,13.2375,2.0400000000000063
-13.7625,13.274999999999999,2.453333333333333
-13.7625,13.3125,2.8299999999999557
-13.7625,13.349999999999998,0.6233333333333491
-13.7625,13.3875,3.076666666666654
-13.7625,13.425,4.0033333333333445
-13.7625,13.462499999999999,6.186666666666667
-13.7625,13.5,5.373333333333306
-13.7625,13.537499999999998,3.2733333333333263
-13.7625,13.575,4.256666666666661
-13.7625,13.6125,4.21333333333331
-13.7625,13.649999999999999,4.303333333333313
-13.7625,13.6875,3.589999999999975
-13.7625,13.724999999999998,5.659999999999997
-13.7625,13.7625,2.633333333333354
-13.7625,13.8,5.546666666666653
-13.7625,13.837499999999999,5.469999999999999
-13.7625,13.875,6.823333333333338
-13.7625,13.912499999999998,3.3066666666666436
-13.7625,13.95,1.819999999999979
-13.7625,13.9875,2.40000000000002
-13.7625,14.024999999999999,3.036666666666619
-13.7625,14.0625,1.2866666666666617
-13.7625,14.099999999999998,0.3133333333333326
-13.7625,14.1375,0.7033333333333474
-13.7625,14.175,0.799999999999983
-13.7625,14.212499999999999,1.370000000000033
-13.7625,14.25,1.6966666666666868
-13.7625,14.287499999999998,0.8766666666666509
-13.7625,14.325,1.913333333333341
-13.7625,14.3625,0.37666666666667936
-13.7625,14.399999999999999,-0.2566666666666464
-13.7625,14.4375,
-13.7625,14.474999999999998,
-13.7625,14.5125,
-13.7625,14.55,
-13.7625,14.587499999999999,
-13.7625,14.625,
-13.7625,14.662499999999998,
-13.7625,14.7,
-13.7625,14.7375,
-13.7625,14.774999999999999,
-13.7625,14.8125,
-13.7625,14.849999999999998,
-13.7625,14.8875,
-13.7625,14.925,
-13.7625,14.962499999999999,
-13.7625,15.0,
-13.7625,15.037499999999998,
-13.7625,15.075,
-13.725,12.45,
-13.725,12.4875,
-13.725,12.524999999999999,
-13.725,12.5625,
-13.725,12.599999999999998,
-13.725,12.6375,
-13.725,12.675,-10.956666666666692
-13.725,12.712499999999999,-8.65666666666668
-13.725,12.75,-6.506666666666675
-13.725,12.787499999999998,-6.75333333333333
-13.725,12.825,-8.719999999999999
-13.725,12.8625,-8.430000000000007
-13.725,12.899999999999999,-5.65333333333335
-13.725,12.9375,-6.730000000000032
-13.725,12.974999999999998,-6.783333333333346
-13.725,13.0125,-4.4266666666666765
-13.725,13.05,-3.8866666666666703
-13.725,13.087499999999999,-2.0533333333333417
-13.725,13.125,0.5300000000000011
-13.725,13.162499999999998,0.5799999999999983
-13.725,13.2,1.4899999999999949
-13.725,13.2375,2.049999999999983
-13.725,13.274999999999999,2.4933333333332968
-13.725,13.3125,2.646666666666661
-13.725,13.349999999999998,0.2433333333333394
-13.725,13.3875,3.2133333333333383
-13.725,13.425,5.533333333333303
-13.725,13.462499999999999,4.273333333333312
-13.725,13.5,2.436666666666639
-13.725,13.537499999999998,3.329999999999984
-13.725,13.575,3.569999999999993
-13.725,13.6125,4.306666666666658
-13.725,13.649999999999999,4.3933333333333024
-13.725,13.6875,3.7533333333333303
-13.725,13.724999999999998,0.7866666666666617
-13.725,13.7625,3.773333333333312
-13.725,13.8,2.743333333333325
-13.725,13.837499999999999,3.8433333333333195
-13.725,13.875,6.469999999999985
-13.725,13.912499999999998,3.9566666666666634
-13.725,13.95,5.389999999999972
-13.725,13.9875,2.143333333333345
-13.725,14.024999999999999,1.470000000000013
-13.725,14.0625,2.1066666666666976
-13.725,14.099999999999998,1.2466666666666555
-13.725,14.1375,0.9599999999999937
-13.725,14.175,1.433333333333323
-13.725,14.212499999999999,1.6699999999999875
-13.725,14.25,1.723333333333315
-13.725,14.287499999999998,0.45666666666667766
-13.725,14.325,0.029999999999986926
-13.725,14.3625,-1.5766666666666396
-13.725,14.399999999999999,-0.06999999999997897
-13.725,14.4375,
-13.725,14.474999999999998,
-13.725,14.5125,
-13.725,14.55,
-13.725,14.587499999999999,
-13.725,14.625,
-13.725,14.662499999999998,
-13.725,14.7,
-13.725,14.7375,
-13.725,14.774999999999999,
-13.725,14.8125,
-13.725,14.849999999999998,
-13.725,14.8875,
-13.725,14.925,
-13.725,14.962499999999999,
-13.725,15.0,
-13.725,15.037499999999998,
-13.725,15.075,
-13.6875,12.45,
-13.6875,12.4875,
-13.6875,12.524999999999999,
-13.6875,12.5625,
-13.6875,12.599999999999998,
-13.6875,12.6375,
-13.6875,12.675,-10.163333333333355
-13.6875,12.712499999999999,-8.953333333333362
-13.6875,12.75,-8.053333333333342
-13.6875,12.787499999999998,-7.6366666666666845
-13.6875,12.825,-7.143333333333331
-13.6875,12.8625,-7.816666666666663
-13.6875,12.899999999999999,-7.456666666666678
-13.6875,12.9375,-7.370000000000019
-13.6875,12.974999999999998,-5.800000000000026
-13.6875,13.0125,-6.949999999999989
-13.6875,13.05,-3.579999999999984
-13.6875,13.087499999999999,-1.3800000000000097
-13.6875,13.125,-0.7733333333333263
-13.6875,13.162499999999998,0.1766666666666623
-13.6875,13.2,1.876666666666651
-13.6875,13.2375,2.5299999999999727
-13.6875,13.274999999999999,1.3666666666666458
-13.6875,13.3125,1.9833333333333485
-13.6875,13.349999999999998,2.436666666666653
-13.6875,13.3875,1.1366666666666418
-13.6875,13.425,0.36333333333332973
-13.6875,13.462499999999999,1.0699999999999932
-13.6875,13.5,2.626666666666651
-13.6875,13.537499999999998,3.546666666666681
-13.6875,13.575,3.8599999999999994
-13.6875,13.6125,4.309999999999988
-13.6875,13.649999999999999,4.63333333333334
-13.6875,13.6875,2.739999999999995
-13.6875,13.724999999999998,0.8566666666666407
-13.6875,13.7625,3.6466666666666328
-13.6875,13.8,2.799999999999997
-13.6875,13.837499999999999,3.51666666666668
-13.6875,13.875,4.913333333333341
-13.6875,13.912499999999998,5.709999999999994
-13.6875,13.95,3.423333333333332
-13.6875,13.9875,3.2933333333333223
-13.6875,14.024999999999999,3.9766666666666595
-13.6875,14.0625,4.133333333333354
-13.6875,14.099999999999998,2.566666666666663
-13.6875,14.1375,0.7600000000000051
-13.6875,14.175,1.0366666666666475
-13.6875,14.212499999999999,2.2533333333333303
-13.6875,14.25,0.37666666666667936
-13.6875,14.287499999999998,0.8166666666666771
-13.6875,14.325,0.23000000000000398
-13.6875,14.3625,-0.07999999999998408
-13.6875,14.399999999999999,-0.22666666666667368
-13.6875,14.4375,
-13.6875,14.474999999999998,
-13.6875,14.5125,
-13.6875,14.55,
-13.6875,14.587499999999999,
-13.6875,14.625,
-13.6875,14.662499999999998,
-13.6875,14.7,
-13.6875,14.7375,
-13.6875,14.774999999999999,
-13.6875,14.8125,
-13.6875,14.849999999999998,
-13.6875,14.8875,
-13.6875,14.925,
-13.6875,14.962499999999999,
-13.6875,15.0,
-13.6875,15.037499999999998,
-13.6875,15.075,
-13.649999999999999,12.45,
-13.649999999999999,12.4875,
-13.649999999999999,12.524999999999999,
-13.649999999999999,12.5625,
-13.649999999999999,12.599999999999998,
-13.649999999999999,12.6375,
-13.649999999999999,12.675,-8.92666666666669
-13.649999999999999,12.712499999999999,-9.566666666666677
-13.649999999999999,12.75,-8.706666666666663
-13.649999999999999,12.787499999999998,-7.730000000000018
-13.649999999999999,12.825,-6.680000000000035
-13.649999999999999,12.8625,-7.166666666666671
-13.649999999999999,12.899999999999999,-6.379999999999981
-13.649999999999999,12.9375,-8.073333333333338
-13.649999999999999,12.974999999999998,-5.773333333333355
-13.649999999999999,13.0125,-4.206666666666678
-13.649999999999999,13.05,-2.1233333333333775
-13.649999999999999,13.087499999999999,-2.7866666666666617
-13.649999999999999,13.125,-1.4566666666666777
-13.649999999999999,13.162499999999998,0.9966666666666697
-13.649999999999999,13.2,2.3999999999999915
-13.649999999999999,13.2375,3.59666666666665
-13.649999999999999,13.274999999999999,1.933333333333323
-13.649999999999999,13.3125,1.9733333333333292
-13.649999999999999,13.349999999999998,0.3233333333333235
-13.649999999999999,13.3875,1.7433333333333394
-13.649999999999999,13.425,0.960000000000008
-13.649999999999999,13.462499999999999,1.1399999999999721
-13.649999999999999,13.5,1.0699999999999932
-13.649999999999999,13.537499999999998,2.0133333333333354
-13.649999999999999,13.575,2.6666666666666714
-13.649999999999999,13.6125,2.846666666666664
-13.649999999999999,13.649999999999999,4.506666666666661
-13.649999999999999,13.6875,2.6133333333333013
-13.649999999999999,13.724999999999998,1.003333333333316
-13.649999999999999,13.7625,2.2666666666666657
-13.649999999999999,13.8,1.6899999999999835
-13.649999999999999,13.837499999999999,3.606666666666655
-13.649999999999999,13.875,6.499999999999986
-13.649999999999999,13.912499999999998,3.450000000000003
-13.649999999999999,13.95,4.216666666666669
-13.649999999999999,13.9875,3.829999999999984
-13.649999999999999,14.024999999999999,3.0399999999999636
-13.649999999999999,14.0625,4.026666666666671
-13.649999999999999,14.099999999999998,4.620000000000033
-13.649999999999999,14.1375,3.619999999999976
-13.649999999999999,14.175,1.1033333333333388
-13.649999999999999,14.212499999999999,1.3066666666666578
-13.649999999999999,14.25,-0.3566666666666549
-13.649999999999999,14.287499999999998,-1.1333333333333115
-13.649999999999999,14.325,-0.7366666666666646
-13.649999999999999,14.3625,-1.0799999999999983
-13.649999999999999,14.399999999999999,-0.6733333333333462
-13.649999999999999,14.4375,
-13.649999999999999,14.474999999999998,
-13.649999999999999,14.5125,
-13.649999999999999,14.55,
-13.649999999999999,14.587499999999999,
-13.649999999999999,14.625,
-13.649999999999999,14.662499999999998,
-13.649999999999999,14.7,
-13.649999999999999,14.7375,
-13.649999999999999,14.774999999999999,
-13.649999999999999,14.8125,
-13.649999999999999,14.849999999999998,
-13.649999999999999,14.8875,
-13.649999999999999,14.925,
-13.649999999999999,14.962499999999999,
-13.649999999999999,15.0,
-13.649999999999999,15.037499999999998,
-13.649999999999999,15.075,
-13.6125,12.45,
-13.6125,12.4875,
-13.6125,12.524999999999999,
-13.6125,12.5625,
-13.6125,12.599999999999998,
-13.6125,12.6375,
-13.6125,12.675,-8.576666666666682
-13.6125,12.712499999999999,-8.583333333333314
-13.6125,12.75,-7.923333333333346
-13.6125,12.787499999999998,-8.54000000000002
-13.6125,12.825,-7.856666666666669
-13.6125,12.8625,-5.586666666666687
-13.6125,12.899999999999999,-7.486666666666665
-13.6125,12.9375,-7.889999999999972
-13.6125,12.974999999999998,-6.3566666666666265
-13.6125,13.0125,-5.236666666666693
-13.6125,13.05,-2.1400000000000006
-13.6125,13.087499999999999,-3.660000000000025
-13.6125,13.125,-0.6266666666666794
-13.6125,13.162499999999998,0.6433333333333309
-13.6125,13.2,1.0700000000000074
-13.6125,13.2375,1.2966666666666669
-13.6125,13.274999999999999,0.9533333333333189
-13.6125,13.3125,0.7266666666666737
-13.6125,13.349999999999998,0.10999999999997101
-13.6125,13.3875,0.22999999999998977
-13.6125,13.425,0.7333333333333059
-13.6125,13.462499999999999,1.4099999999999966
-13.6125,13.5,2.36666666666666
-13.6125,13.537499999999998,2.200000000000003
-13.6125,13.575,1.089999999999975
-13.6125,13.6125,3.440000000000012
-13.6125,13.649999999999999,1.7733333333333121
-13.6125,13.6875,1.7266666666666595
-13.6125,13.724999999999998,1.2933333333333081
-13.6125,13.7625,1.923333333333332
-13.6125,13.8,3.5499999999999687
-13.6125,13.837499999999999,1.8366666666666447
-13.6125,13.875,5.483333333333306
-13.6125,13.912499999999998,4.420000000000002
-13.6125,13.95,2.0833333333333144
-13.6125,13.9875,1.7633333333333212
-13.6125,14.024999999999999,0.9766666666666595
-13.6125,14.0625,2.336666666666659
-13.6125,14.099999999999998,2.6366666666666845
-13.6125,14.1375,3.509999999999991
-13.6125,14.175,2.2933333333333366
-13.6125,14.212499999999999,-0.06333333333333258
-13.6125,14.25,0.06999999999999318
-13.6125,14.287499999999998,0.5799999999999699
-13.6125,14.325,0.09000000000000341
-13.6125,14.3625,-1.1066666666666691
-13.6125,14.399999999999999,-1.4300000000000068
-13.6125,14.4375,
-13.6125,14.474999999999998,
-13.6125,14.5125,
-13.6125,14.55,
-13.6125,14.587499999999999,
-13.6125,14.625,
-13.6125,14.662499999999998,
-13.6125,14.7,
-13.6125,14.7375,
-13.6125,14.774999999999999,
-13.6125,14.8125,
-13.6125,14.849999999999998,
-13.6125,14.8875,
-13.6125,14.925,
-13.6125,14.962499999999999,
-13.6125,15.0,
-13.6125,15.037499999999998,
-13.6125,15.075,
-13.575,12.45,
-13.575,12.4875,
-13.575,12.524999999999999,
-13.575,12.5625,
-13.575,12.599999999999998,
-13.575,12.6375,
-13.575,12.675,
-13.575,12.712499999999999,-9.560000000000002
-13.575,12.75,-10.193333333333356
-13.575,12.787499999999998,-7.743333333333339
-13.575,12.825,-7.333333333333357
-13.575,12.8625,-6.296666666666681
-13.575,12.899999999999999,-5.179999999999993
-13.575,12.9375,-7.040000000000035
-13.575,12.974999999999998,-6.203333333333362
-13.575,13.0125,-5.083333333333314
-13.575,13.05,-2.723333333333329
-13.575,13.087499999999999,-1.8399999999999892
-13.575,13.125,-2.306666666666672
-13.575,13.162499999999998,0.6766666666666907
-13.575,13.2,2.1833333333333087
-13.575,13.2375,1.173333333333332
-13.575,13.274999999999999,1.5466666666666526
-13.575,13.3125,0.9433333333333564
-13.575,13.349999999999998,-0.6233333333333491
-13.575,13.3875,0.8299999999999841
-13.575,13.425,1.5599999999999739
-13.575,13.462499999999999,1.3866666666666703
-13.575,13.5,2.8566666666666407
-13.575,13.537499999999998,3.0166666666666515
-13.575,13.575,2.2933333333333366
-13.575,13.6125,2.5233333333333263
-13.575,13.649999999999999,1.5733333333333093
-13.575,13.6875,1.7499999999999716
-13.575,13.724999999999998,1.4499999999999886
-13.575,13.7625,2.109999999999957
-13.575,13.8,3.1899999999999977
-13.575,13.837499999999999,2.6833333333333087
-13.575,13.875,4.186666666666682
-13.575,13.912499999999998,1.329999999999984
-13.575,13.95,2.373333333333349
-13.575,13.9875,3.326666666666668
-13.575,14.024999999999999,2.660000000000011
-13.575,14.0625,1.2066666666666919
-13.575,14.099999999999998,1.2933333333333366
-13.575,14.1375,2.493333333333311
-13.575,14.175,2.546666666666667
-13.575,14.212499999999999,0.8133333333333468
-13.575,14.25,2.0600000000000023
-13.575,14.287499999999998,1.553333333333299
-13.575,14.325,1.089999999999975
-13.575,14.3625,-1.2500000000000142
-13.575,14.399999999999999,-2.076666666666682
-13.575,14.4375,
-13.575,14.474999999999998,
-13.575,14.5125,
-13.575,14.55,
-13.575,14.587499999999999,
-13.575,14.625,
-13.575,14.662499999999998,
-13.575,14.7,
-13.575,14.7375,
-13.575,14.774999999999999,
-13.575,14.8125,
-13.575,14.849999999999998,
-13.575,14.8875,
-13.575,14.925,
-13.575,14.962499999999999,
-13.575,15.0,
-13.575,15.037499999999998,
-13.575,15.075,
-13.5375,12.45,
-13.5375,12.4875,
-13.5375,12.524999999999999,
-13.5375,12.5625,
-13.5375,12.599999999999998,
-13.5375,12.6375,
-13.5375,12.675,-8.743333333333311
-13.5375,12.712499999999999,-8.053333333333342
-13.5375,12.75,-9.303333333333313
-13.5375,12.787499999999998,-9.86
-13.5375,12.825,-8.86
-13.5375,12.8625,-7.376666666666679
-13.5375,12.899999999999999,-6.710000000000008
-13.5375,12.9375,-4.529999999999987
-13.5375,12.974999999999998,-5.859999999999999
-13.5375,13.0125,-3.273333333333312
-13.5375,13.05,-2.180000000000021
-13.5375,13.087499999999999,-3.480000000000004
-13.5375,13.125,-2.056666666666686
-13.5375,13.162499999999998,-0.4500000000000455
-13.5375,13.2,0.359999999999971
-13.5375,13.2375,2.776666666666671
-13.5375,13.274999999999999,2.6333333333333115
-13.5375,13.3125,-0.4000000000000199
-13.5375,13.349999999999998,-0.5466666666666811
-13.5375,13.3875,0.2733333333333121
-13.5375,13.425,0.569999999999979
-13.5375,13.462499999999999,0.5333333333333314
-13.5375,13.5,0.8966666666666754
-13.5375,13.537499999999998,1.7466666666666697
-13.5375,13.575,1.1899999999999835
-13.5375,13.6125,2.019999999999996
-13.5375,13.649999999999999,2.3633333333333155
-13.5375,13.6875,1.4499999999999886
-13.5375,13.724999999999998,0.5299999999999727
-13.5375,13.7625,1.5866666666666447
-13.5375,13.8,2.6466666666666896
-13.5375,13.837499999999999,4.099999999999994
-13.5375,13.875,4.369999999999948
-13.5375,13.912499999999998,1.5766666666666538
-13.5375,13.95,1.163333333333327
-13.5375,13.9875,1.536666666666676
-13.5375,14.024999999999999,2.943333333333328
-13.5375,14.0625,4.013333333333321
-13.5375,14.099999999999998,2.370000000000033
-13.5375,14.1375,1.7866666666666475
-13.5375,14.175,1.970000000000013
-13.5375,14.212499999999999,3.13333333333334
-13.5375,14.25,2.039999999999992
-13.5375,14.287499999999998,0.7933333333333223
-13.5375,14.325,-0.7233333333333576
-13.5375,14.3625,-0.1400000000000432
-13.5375,14.399999999999999,-1.9066666666666663
-13.5375,14.4375,
-13.5375,14.474999999999998,
-13.5375,14.5125,
-13.5375,14.55,
-13.5375,14.587499999999999,
-13.5375,14.625,
-13.5375,14.662499999999998,
-13.5375,14.7,
-13.5375,14.7375,
-13.5375,14.774999999999999,
-13.5375,14.8125,
-13.5375,14.849999999999998,
-13.5375,14.8875,
-13.5375,14.925,
-13.5375,14.962499999999999,
-13.5375,15.0,
-13.5375,15.037499999999998,
-13.5375,15.075,
-13.5,12.45,
-13.5,12.4875,
-13.5,12.524999999999999,
-13.5,12.5625,
-13.5,12.599999999999998,
-13.5,12.6375,
-13.5,12.675,
-13.5,12.712499999999999,-7.963333333333324
-13.5,12.75,-9.39333333333333
-13.5,12.787499999999998,-5.840000000000018
-13.5,12.825,-8.61999999999999
-13.5,12.8625,-7.4266666666666765
-13.5,12.899999999999999,-6.086666666666687
-13.5,12.9375,-5.1133333333333155
-13.5,12.974999999999998,-4.069999999999979
-13.5,13.0125,-3.3699999999999903
-13.5,13.05,-2.0799999999999983
-13.5,13.087499999999999,-1.976666666666702
-13.5,13.125,-2.853333333333339
-13.5,13.162499999999998,-0.3433333333333337
-13.5,13.2,0.8299999999999983
-13.5,13.2375,0.8333333333333428
-13.5,13.274999999999999,2.696666666666644
-13.5,13.3125,0.6033333333333246
-13.5,13.349999999999998,-0.4100000000000108
-13.5,13.3875,-0.21666666666668277
-13.5,13.425,0.9299999999999926
-13.5,13.462499999999999,1.1366666666666987
-13.5,13.5,1.40000000000002
-13.5,13.537499999999998,0.75
-13.5,13.575,1.4500000000000028
-13.5,13.6125,0.8466666666666782
-13.5,13.649999999999999,1.0699999999999932
-13.5,13.6875,0.943333333333328
-13.5,13.724999999999998,0.48333333333330586
-13.5,13.7625,0.8366666666666447
-13.5,13.8,2.640000000000015
-13.5,13.837499999999999,3.7266666666666453
-13.5,13.875,5.223333333333343
-13.5,13.912499999999998,5.873333333333306
-13.5,13.95,5.213333333333324
-13.5,13.9875,4.496666666666641
-13.5,14.024999999999999,4.63333333333334
-13.5,14.0625,4.343333333333334
-13.5,14.099999999999998,3.576666666666668
-13.5,14.1375,2.220000000000013
-13.5,14.175,2.279999999999987
-13.5,14.212499999999999,1.4633333333333098
-13.5,14.25,1.5733333333333093
-13.5,14.287499999999998,0.8933333333333309
-13.5,14.325,0.12999999999998124
-13.5,14.3625,-1.2866666666666617
-13.5,14.399999999999999,-1.8400000000000034
-13.5,14.4375,
-13.5,14.474999999999998,
-13.5,14.5125,
-13.5,14.55,
-13.5,14.587499999999999,
-13.5,14.625,
-13.5,14.662499999999998,
-13.5,14.7,
-13.5,14.7375,
-13.5,14.774999999999999,
-13.5,14.8125,
-13.5,14.849999999999998,
-13.5,14.8875,
-13.5,14.925,
-13.5,14.962499999999999,
-13.5,15.0,
-13.5,15.037499999999998,
-13.5,15.075,
-13.462499999999999,12.45,
-13.462499999999999,12.4875,
-13.462499999999999,12.524999999999999,
-13.462499999999999,12.5625,
-13.462499999999999,12.599999999999998,
-13.462499999999999,12.6375,
-13.462499999999999,12.675,-10.180000000000021
-13.462499999999999,12.712499999999999,-7.009999999999991
-13.462499999999999,12.75,-6.846666666666664
-13.462499999999999,12.787499999999998,-6.746666666666684
-13.462499999999999,12.825,-3.4266666666666907
-13.462499999999999,12.8625,-3.1366666666666703
-13.462499999999999,12.899999999999999,-5.286666666666662
-13.462499999999999,12.9375,-4.843333333333348
-13.462499999999999,12.974999999999998,-6.500000000000014
-13.462499999999999,13.0125,-6.466666666666697
-13.462499999999999,13.05,-2.839999999999989
-13.462499999999999,13.087499999999999,-2.423333333333346
-13.462499999999999,13.125,-1.9333333333333655
-13.462499999999999,13.162499999999998,-0.9966666666666697
-13.462499999999999,13.2,0.9766666666666595
-13.462499999999999,13.2375,0.6399999999999721
-13.462499999999999,13.274999999999999,2.6066666666666265
-13.462499999999999,13.3125,0.08333333333330017
-13.462499999999999,13.349999999999998,0.5833333333333144
-13.462499999999999,13.3875,1.2533333333333019
-13.462499999999999,13.425,0.21666666666665435
-13.462499999999999,13.462499999999999,1.356666666666655
-13.462499999999999,13.5,1.4033333333333502
-13.462499999999999,13.537499999999998,1.2233333333333434
-13.462499999999999,13.575,1.4466666666666725
-13.462499999999999,13.6125,1.2266666666666595
-13.462499999999999,13.649999999999999,1.2800000000000011
-13.462499999999999,13.6875,1.23333333333332
-13.462499999999999,13.724999999999998,0.5366666666666475
-13.462499999999999,13.7625,0.6099999999999994
-13.462499999999999,13.8,0.5666666666666771
-13.462499999999999,13.837499999999999,2.943333333333328
-13.462499999999999,13.875,4.303333333333342
-13.462499999999999,13.912499999999998,3.0366666666666475
-13.462499999999999,13.95,4.036666666666662
-13.462499999999999,13.9875,5.4199999999999875
-13.462499999999999,14.024999999999999,4.02000000000001
-13.462499999999999,14.0625,5.1166666666666885
-13.462499999999999,14.099999999999998,4.276666666666657
-13.462499999999999,14.1375,2.90333333333335
-13.462499999999999,14.175,3.109999999999971
-13.462499999999999,14.212499999999999,2.253333333333316
-13.462499999999999,14.25,3.196666666666644
-13.462499999999999,14.287499999999998,0.8299999999999699
-13.462499999999999,14.325,-0.023333333333340533
-13.462499999999999,14.3625,0.6033333333333104
-13.462499999999999,14.399999999999999,0.06666666666666288
-13.462499999999999,14.4375,-2.626666666666651
-13.462499999999999,14.474999999999998,
-13.462499999999999,14.5125,
-13.462499999999999,14.55,
-13.462499999999999,14.587499999999999,
-13.462499999999999,14.625,
-13.462499999999999,14.662499999999998,
-13.462499999999999,14.7,
-13.462499999999999,14.7375,
-13.462499999999999,14.774999999999999,
-13.462499999999999,14.8125,
-13.462499999999999,14.849999999999998,
-13.462499999999999,14.8875,
-13.462499999999999,14.925,
-13.462499999999999,14.962499999999999,
-13.462499999999999,15.0,
-13.462499999999999,15.037499999999998,
-13.462499999999999,15.075,
-13.425,12.45,
-13.425,12.4875,
-13.425,12.524999999999999,
-13.425,12.5625,
-13.425,12.599999999999998,
-13.425,12.6375,
-13.425,12.675,-6.223333333333343
-13.425,12.712499999999999,-6.336666666666659
-13.425,12.75,-9.283333333333331
-13.425,12.787499999999998,-7.816666666666677
-13.425,12.825,-4.0533333333333275
-13.425,12.8625,-7.216666666666697
-13.425,12.899999999999999,-7.829999999999984
-13.425,12.9375,-5.67333333333336
-13.425,12.974999999999998,-6.700000000000003
-13.425,13.0125,-5.586666666666645
-13.425,13.05,-3.9533333333333474
-13.425,13.087499999999999,-1.6533333333333502
-13.425,13.125,-1.8733333333333633
-13.425,13.162499999999998,-0.8633333333333582
-13.425,13.2,-0.22333333333334338
-13.425,13.2375,0.5133333333333212
-13.425,13.274999999999999,0.5833333333333286
-13.425,13.3125,1.0666666666666345
-13.425,13.349999999999998,0.2633333333333212
-13.425,13.3875,0.4466666666666441
-13.425,13.425,-0.27333333333334053
-13.425,13.462499999999999,1.4999999999999858
-13.425,13.5,0.9766666666666595
-13.425,13.537499999999998,1.3266666666666538
-13.425,13.575,1.1500000000000057
-13.425,13.6125,1.9899999999999949
-13.425,13.649999999999999,1.5499999999999687
-13.425,13.6875,3.3333333333333
-13.425,13.724999999999998,1.4399999999999835
-13.425,13.7625,0.9800000000000182
-13.425,13.8,0.9533333333333616
-13.425,13.837499999999999,2.953333333333333
-13.425,13.875,2.586666666666673
-13.425,13.912499999999998,3.413333333333341
-13.425,13.95,2.1066666666666407
-13.425,13.9875,4.23333333333332
-13.425,14.024999999999999,5.8066666666666436
-13.425,14.0625,4.189999999999998
-13.425,14.099999999999998,3.4799999999999898
-13.425,14.1375,3.96666666666664
-13.425,14.175,3.2466666666666697
-13.425,14.212499999999999,3.423333333333346
-13.425,14.25,4.129999999999967
-13.425,14.287499999999998,1.0033333333333019
-13.425,14.325,-0.36333333333337237
-13.425,14.3625,0.2566666666666464
-13.425,14.399999999999999,0.7166666666666401
-13.425,14.4375,-1.4866666666666788
-13.425,14.474999999999998,
-13.425,14.5125,
-13.425,14.55,
-13.425,14.587499999999999,
-13.425,14.625,
-13.425,14.662499999999998,
-13.425,14.7,
-13.425,14.7375,
-13.425,14.774999999999999,
-13.425,14.8125,
-13.425,14.849999999999998,
-13.425,14.8875,
-13.425,14.925,
-13.425,14.962499999999999,
-13.425,15.0,
-13.425,15.037499999999998,
-13.425,15.075,
-13.3875,12.45,
-13.3875,12.4875,
-13.3875,12.524999999999999,
-13.3875,12.5625,
-13.3875,12.599999999999998,
-13.3875,12.6375,
-13.3875,12.675,-6.936666666666653
-13.3875,12.712499999999999,-8.35666666666667
-13.3875,12.75,-9.240000000000009
-13.3875,12.787499999999998,-10.27333333333334
-13.3875,12.825,-5.480000000000004
-13.3875,12.8625,-7.186666666666682
-13.3875,12.899999999999999,-5.860000000000028
-13.3875,12.9375,-5.26333333333335
-13.3875,12.974999999999998,-4.610000000000028
-13.3875,13.0125,-6.533333333333303
-13.3875,13.05,-3.1066666666666976
-13.3875,13.087499999999999,-2.356666666666669
-13.3875,13.125,-1.3900000000000148
-13.3875,13.162499999999998,-1.6199999999999903
-13.3875,13.2,1.2999999999999687
-13.3875,13.2375,0.4200000000000017
-13.3875,13.274999999999999,0.5500000000000114
-13.3875,13.3125,-0.5366666666666617
-13.3875,13.349999999999998,-0.19000000000002615
-13.3875,13.3875,0.1599999999999966
-13.3875,13.425,0.713333333333324
-13.3875,13.462499999999999,0.6466666666666754
-13.3875,13.5,0.839999999999975
-13.3875,13.537499999999998,1.2133333333332956
-13.3875,13.575,1.4899999999999949
-13.3875,13.6125,1.7899999999999778
-13.3875,13.649999999999999,1.980000000000004
-13.3875,13.6875,1.6666666666666572
-13.3875,13.724999999999998,2.549999999999997
-13.3875,13.7625,0.7266666666666453
-13.3875,13.8,0.6999999999999886
-13.3875,13.837499999999999,1.076666666666668
-13.3875,13.875,0.7066666666666492
-13.3875,13.912499999999998,3.3966666666666328
-13.3875,13.95,0.12000000000003297
-13.3875,13.9875,4.123333333333306
-13.3875,14.024999999999999,5.019999999999982
-13.3875,14.0625,4.536666666666662
-13.3875,14.099999999999998,4.389999999999958
-13.3875,14.1375,4.616666666666646
-13.3875,14.175,4.923333333333332
-13.3875,14.212499999999999,3.359999999999985
-13.3875,14.25,1.816666666666677
-13.3875,14.287499999999998,1.8966666666666754
-13.3875,14.325,1.573333333333295
-13.3875,14.3625,-0.21000000000002217
-13.3875,14.399999999999999,1.5033333333333303
-13.3875,14.4375,1.4366666666666532
-13.3875,14.474999999999998,0.8366666666666447
-13.3875,14.5125,
-13.3875,14.55,
-13.3875,14.587499999999999,
-13.3875,14.625,
-13.3875,14.662499999999998,
-13.3875,14.7,
-13.3875,14.7375,
-13.3875,14.774999999999999,
-13.3875,14.8125,
-13.3875,14.849999999999998,
-13.3875,14.8875,
-13.3875,14.925,
-13.3875,14.962499999999999,
-13.3875,15.0,
-13.3875,15.037499999999998,
-13.3875,15.075,
-13.35,12.45,
-13.35,12.4875,
-13.35,12.524999999999999,
-13.35,12.5625,
-13.35,12.599999999999998,
-13.35,12.6375,
-13.35,12.675,
-13.35,12.712499999999999,-12.553333333333342
-13.35,12.75,-9.713333333333324
-13.35,12.787499999999998,-10.64333333333333
-13.35,12.825,-7.800000000000011
-13.35,12.8625,-7.110000000000042
-13.35,12.899999999999999,-4.586666666666687
-13.35,12.9375,-5.303333333333342
-13.35,12.974999999999998,-7.38000000000001
-13.35,13.0125,-6.670000000000002
-13.35,13.05,-3.9466666666666725
-13.35,13.087499999999999,-1.836666666666659
-13.35,13.125,-1.6700000000000301
-13.35,13.162499999999998,0.0033333333333303017
-13.35,13.2,0.9100000000000108
-13.35,13.2375,1.8333333333333428
-13.35,13.274999999999999,0.22333333333332916
-13.35,13.3125,-1.6199999999999903
-13.35,13.349999999999998,-0.5766666666666538
-13.35,13.3875,-0.9766666666666595
-13.35,13.425,-0.45666666666667766
-13.35,13.462499999999999,-0.18333333333335133
-13.35,13.5,0.7066666666666777
-13.35,13.537499999999998,0.7833333333333456
-13.35,13.575,1.3166666666666629
-13.35,13.6125,2.0566666666666578
-13.35,13.649999999999999,1.923333333333332
-13.35,13.6875,2.1666666666666714
-13.35,13.724999999999998,3.09999999999998
-13.35,13.7625,0.45999999999997954
-13.35,13.8,0.859999999999971
-13.35,13.837499999999999,1.210000000000008
-13.35,13.875,1.420000000000016
-13.35,13.912499999999998,2.3733333333333206
-13.35,13.95,1.0133333333333354
-13.35,13.9875,3.160000000000011
-13.35,14.024999999999999,4.313333333333318
-13.35,14.0625,4.890000000000029
-13.35,14.099999999999998,4.606666666666641
-13.35,14.1375,3.8633333333333013
-13.35,14.175,4.336666666666645
-13.35,14.212499999999999,3.123333333333292
-13.35,14.25,2.5366666666666617
-13.35,14.287499999999998,2.0533333333333132
-13.35,14.325,0.8266666666666396
-13.35,14.3625,1.2933333333332797
-13.35,14.399999999999999,1.1466666666666328
-13.35,14.4375,1.5433333333333081
-13.35,14.474999999999998,0.3533333333332962
-13.35,14.5125,-0.5800000000000551
-13.35,14.55,
-13.35,14.587499999999999,
-13.35,14.625,
-13.35,14.662499999999998,
-13.35,14.7,
-13.35,14.7375,
-13.35,14.774999999999999,
-13.35,14.8125,
-13.35,14.849999999999998,
-13.35,14.8875,
-13.35,14.925,
-13.35,14.962499999999999,
-13.35,15.0,
-13.35,15.037499999999998,
-13.35,15.075,
-13.3125,12.45,
-13.3125,12.4875,
-13.3125,12.524999999999999,
-13.3125,12.5625,
-13.3125,12.599999999999998,
-13.3125,12.6375,
-13.3125,12.675,-11.380000000000024
-13.3125,12.712499999999999,-12.183333333333366
-13.3125,12.75,-12.940000000000012
-13.3125,12.787499999999998,-12.456666666666663
-13.3125,12.825,-7.983333333333334
-13.3125,12.8625,-6.64666666666669
-13.3125,12.899999999999999,-6.433333333333351
-13.3125,12.9375,-4.4833333333333485
-13.3125,12.974999999999998,-6.4066666666666805
-13.3125,13.0125,-1.8900000000000148
-13.3125,13.05,-3.7266666666666737
-13.3125,13.087499999999999,-2.143333333333345
-13.3125,13.125,-1.7900000000000063
-13.3125,13.162499999999998,-1.2933333333333366
-13.3125,13.2,-0.7200000000000273
-13.3125,13.2375,-0.5166666666666941
-13.3125,13.274999999999999,0.23666666666666458
-13.3125,13.3125,0.20999999999997954
-13.3125,13.349999999999998,-1.8633333333333724
-13.3125,13.3875,-0.1633333333333411
-13.3125,13.425,0.799999999999983
-13.3125,13.462499999999999,0.899999999999963
-13.3125,13.5,0.9066666666666663
-13.3125,13.537499999999998,0.9766666666666737
-13.3125,13.575,1.5666666666666487
-13.3125,13.6125,2.280000000000001
-13.3125,13.649999999999999,2.0833333333333144
-13.3125,13.6875,2.4599999999999795
-13.3125,13.724999999999998,3.186666666666653
-13.3125,13.7625,1.13333333333334
-13.3125,13.8,1.8366666666667157
-13.3125,13.837499999999999,1.213333333333324
-13.3125,13.875,1.6433333333333024
-13.3125,13.912499999999998,2.5633333333333326
-13.3125,13.95,2.0033333333333303
-13.3125,13.9875,2.1233333333333206
-13.3125,14.024999999999999,4.973333333333343
-13.3125,14.0625,2.876666666666651
-13.3125,14.099999999999998,4.200000000000003
-13.3125,14.1375,4.679999999999993
-13.3125,14.175,3.923333333333318
-13.3125,14.212499999999999,3.2833333333333172
-13.3125,14.25,2.5699999999999648
-13.3125,14.287499999999998,2.8166666666666913
-13.3125,14.325,3.250000000000014
-13.3125,14.3625,0.8800000000000097
-13.3125,14.399999999999999,0.6799999999999784
-13.3125,14.4375,0.4266666666666623
-13.3125,14.474999999999998,0.6299999999999528
-13.3125,14.5125,0.0899999999999892
-13.3125,14.55,0.7966666666666384
-13.3125,14.587499999999999,
-13.3125,14.625,
-13.3125,14.662499999999998,
-13.3125,14.7,
-13.3125,14.7375,
-13.3125,14.774999999999999,
-13.3125,14.8125,
-13.3125,14.849999999999998,
-13.3125,14.8875,
-13.3125,14.925,
-13.3125,14.962499999999999,
-13.3125,15.0,
-13.3125,15.037499999999998,
-13.3125,15.075,
-13.274999999999999,12.45,
-13.274999999999999,12.4875,
-13.274999999999999,12.524999999999999,
-13.274999999999999,12.5625,
-13.274999999999999,12.599999999999998,
-13.274999999999999,12.6375,
-13.274999999999999,12.675,-10.356666666666698
-13.274999999999999,12.712499999999999,-11.070000000000007
-13.274999999999999,12.75,-10.463333333333352
-13.274999999999999,12.787499999999998,-12.046666666666681
-13.274999999999999,12.825,-9.62666666666668
-13.274999999999999,12.8625,-7.719999999999999
-13.274999999999999,12.899999999999999,-5.18333333333338
-13.274999999999999,12.9375,-4.5433333333333366
-13.274999999999999,12.974999999999998,-3.6933333333333564
-13.274999999999999,13.0125,-1.6566666666666237
-13.274999999999999,13.05,-3.65333333333335
-13.274999999999999,13.087499999999999,-1.8100000000000023
-13.274999999999999,13.125,-2.5066666666666606
-13.274999999999999,13.162499999999998,-0.5466666666666953
-13.274999999999999,13.2,-0.026666666666685046
-13.274999999999999,13.2375,1.0233333333333121
-13.274999999999999,13.274999999999999,-0.10999999999997101
-13.274999999999999,13.3125,-0.4933333333333678
-13.274999999999999,13.349999999999998,-2.0033333333333303
-13.274999999999999,13.3875,-0.5200000000000102
-13.274999999999999,13.425,0.7699999999999818
-13.274999999999999,13.462499999999999,2.009999999999991
-13.274999999999999,13.5,0.4133333333333269
-13.274999999999999,13.537499999999998,1.3100000000000023
-13.274999999999999,13.575,2.923333333333318
-13.274999999999999,13.6125,3.3133333333333184
-13.274999999999999,13.649999999999999,2.3933333333333024
-13.274999999999999,13.6875,3.3666666666666316
-13.274999999999999,13.724999999999998,3.289999999999992
-13.274999999999999,13.7625,1.413333333333327
-13.274999999999999,13.8,1.7399999999999949
-13.274999999999999,13.837499999999999,1.9066666666666805
-13.274999999999999,13.875,2.4499999999999886
-13.274999999999999,13.912499999999998,1.0799999999999983
-13.274999999999999,13.95,3.0433333333333223
-13.274999999999999,13.9875,3.5066666666666606
-13.274999999999999,14.024999999999999,3.5833333333333286
-13.274999999999999,14.0625,2.513333333333307
-13.274999999999999,14.099999999999998,3.769999999999996
-13.274999999999999,14.1375,5.623333333333321
-13.274999999999999,14.175,5.57666666666664
-13.274999999999999,14.212499999999999,4.069999999999993
-13.274999999999999,14.25,3.48333333333332
-13.274999999999999,14.287499999999998,3.8666666666666885
-13.274999999999999,14.325,3.1733333333333604
-13.274999999999999,14.3625,1.2566666666666464
-13.274999999999999,14.399999999999999,2.4499999999999744
-13.274999999999999,14.4375,2.473333333333315
-13.274999999999999,14.474999999999998,1.2633333333333212
-13.274999999999999,14.5125,1.1699999999999733
-13.274999999999999,14.55,-0.18333333333333712
-13.274999999999999,14.587499999999999,-2.526666666666628
-13.274999999999999,14.625,
-13.274999999999999,14.662499999999998,
-13.274999999999999,14.7,
-13.274999999999999,14.7375,
-13.274999999999999,14.774999999999999,
-13.274999999999999,14.8125,
-13.274999999999999,14.849999999999998,
-13.274999999999999,14.8875,
-13.274999999999999,14.925,
-13.274999999999999,14.962499999999999,
-13.274999999999999,15.0,
-13.274999999999999,15.037499999999998,
-13.274999999999999,15.075,
-13.2375,12.45,
-13.2375,12.4875,
-13.2375,12.524999999999999,
-13.2375,12.5625,
-13.2375,12.599999999999998,
-13.2375,12.6375,
-13.2375,12.675,-11.526666666666657
-13.2375,12.712499999999999,-9.720000000000013
-13.2375,12.75,-10.130000000000024
-13.2375,12.787499999999998,-10.736666666666665
-13.2375,12.825,-9.650000000000006
-13.2375,12.8625,-6.720000000000013
-13.2375,12.899999999999999,-5.376666666666694
-13.2375,12.9375,-4.603333333333367
-13.2375,12.974999999999998,-3.576666666666682
-13.2375,13.0125,
-13.2375,13.05,-3.723333333333329
-13.2375,13.087499999999999,-2.3699999999999903
-13.2375,13.125,-2.38333333333334
-13.2375,13.162499999999998,-0.5600000000000165
-13.2375,13.2,-0.9399999999999977
-13.2375,13.2375,0.060000000000002274
-13.2375,13.274999999999999,-0.3533333333333104
-13.2375,13.3125,-0.5999999999999801
-13.2375,13.349999999999998,-1.1566666666666663
-13.2375,13.3875,-0.7833333333333314
-13.2375,13.425,0.9966666666666555
-13.2375,13.462499999999999,2.3800000000000097
-13.2375,13.5,1.1233333333333064
-13.2375,13.537499999999998,2.549999999999983
-13.2375,13.575,3.289999999999978
-13.2375,13.6125,3.519999999999982
-13.2375,13.649999999999999,2.819999999999993
-13.2375,13.6875,3.1300000000000097
-13.2375,13.724999999999998,2.0733333333333235
-13.2375,13.7625,2.359999999999985
-13.2375,13.8,1.8900000000000148
-13.2375,13.837499999999999,2.193333333333314
-13.2375,13.875,2.4666666666666686
-13.2375,13.912499999999998,2.059999999999974
-13.2375,13.95,3.293333333333308
-13.2375,13.9875,2.7799999999999585
-13.2375,14.024999999999999,3.5333333333333314
-13.2375,14.0625,2.5566666666666578
-13.2375,14.099999999999998,3.4666666666666544
-13.2375,14.1375,4.099999999999994
-13.2375,14.175,5.033333333333317
-13.2375,14.212499999999999,4.109999999999999
-13.2375,14.25,6.150000000000006
-13.2375,14.287499999999998,5.88333333333334
-13.2375,14.325,4.259999999999977
-13.2375,14.3625,2.619999999999976
-13.2375,14.399999999999999,2.359999999999971
-13.2375,14.4375,3.390000000000015
-13.2375,14.474999999999998,1.480000000000004
-13.2375,14.5125,1.9966666666666555
-13.2375,14.55,0.8766666666666509
-13.2375,14.587499999999999,-1.5399999999999778
-13.2375,14.625,
-13.2375,14.662499999999998,
-13.2375,14.7,
-13.2375,14.7375,
-13.2375,14.774999999999999,
-13.2375,14.8125,
-13.2375,14.849999999999998,
-13.2375,14.8875,
-13.2375,14.925,
-13.2375,14.962499999999999,
-13.2375,15.0,
-13.2375,15.037499999999998,
-13.2375,15.075,
-13.2,12.45,
-13.2,12.4875,
-13.2,12.524999999999999,
-13.2,12.5625,
-13.2,12.599999999999998,
-13.2,12.6375,
-13.2,12.675,-7.126666666666694
-13.2,12.712499999999999,-13.313333333333333
-13.2,12.75,-11.006666666666675
-13.2,12.787499999999998,-9.653333333333336
-13.2,12.825,-10.24666666666667
-13.2,12.8625,-7.340000000000003
-13.2,12.899999999999999,-5.883333333333368
-13.2,12.9375,-5.609999999999999
-13.2,12.974999999999998,-2.9433333333333707
-13.2,13.0125,
-13.2,13.05,
-13.2,13.087499999999999,-2.0633333333333184
-13.2,13.125,-2.6866666666666816
-13.2,13.162499999999998,-1.0000000000000142
-13.2,13.2,-3.010000000000005
-13.2,13.2375,-1.2566666666666748
-13.2,13.274999999999999,-1.496666666666684
-13.2,13.3125,-0.3800000000000239
-13.2,13.349999999999998,-1.0599999999999739
-13.2,13.3875,-0.4766666666666879
-13.2,13.425,0.4899999999999949
-13.2,13.462499999999999,1.3433333333333337
-13.2,13.5,1.8333333333333002
-13.2,13.537499999999998,2.2866666666666333
-13.2,13.575,3.059999999999988
-13.2,13.6125,3.4499999999999886
-13.2,13.649999999999999,3.473333333333329
-13.2,13.6875,3.9333333333333513
-13.2,13.724999999999998,2.3533333333333104
-13.2,13.7625,3.0299999999999727
-13.2,13.8,1.8966666666666754
-13.2,13.837499999999999,2.4466666666666583
-13.2,13.875,2.6033333333333246
-13.2,13.912499999999998,3.0666666666666487
-13.2,13.95,3.6566666666666663
-13.2,13.9875,2.6599999999999966
-13.2,14.024999999999999,2.8999999999999915
-13.2,14.0625,3.243333333333311
-13.2,14.099999999999998,2.749999999999986
-13.2,14.1375,3.549999999999997
-13.2,14.175,3.683333333333323
-13.2,14.212499999999999,4.793333333333308
-13.2,14.25,6.933333333333351
-13.2,14.287499999999998,3.973333333333329
-13.2,14.325,3.993333333333325
-13.2,14.3625,3.7666666666666515
-13.2,14.399999999999999,1.8599999999999568
-13.2,14.4375,3.0366666666666617
-13.2,14.474999999999998,3.2399999999999807
-13.2,14.5125,2.173333333333346
-13.2,14.55,0.9999999999999574
-13.2,14.587499999999999,-0.023333333333312112
-13.2,14.625,
-13.2,14.662499999999998,
-13.2,14.7,
-13.2,14.7375,
-13.2,14.774999999999999,
-13.2,14.8125,
-13.2,14.849999999999998,
-13.2,14.8875,
-13.2,14.925,
-13.2,14.962499999999999,
-13.2,15.0,
-13.2,15.037499999999998,
-13.2,15.075,
-13.1625,12.45,
-13.1625,12.4875,
-13.1625,12.524999999999999,
-13.1625,12.5625,
-13.1625,12.599999999999998,
-13.1625,12.6375,-5.77000000000001
-13.1625,12.675,-10.253333333333345
-13.1625,12.712499999999999,-11.756666666666646
-13.1625,12.75,-10.536666666666633
-13.1625,12.787499999999998,-8.886666666666699
-13.1625,12.825,-7.206666666666678
-13.1625,12.8625,-7.266666666666666
-13.1625,12.899999999999999,-6.503333333333359
-13.1625,12.9375,-4.246666666666684
-13.1625,12.974999999999998,
-13.1625,13.0125,
-13.1625,13.05,
-13.1625,13.087499999999999,-2.6833333333333513
-13.1625,13.125,-3.2866666666666617
-13.1625,13.162499999999998,-3.0233333333333405
-13.1625,13.2,-3.0033333333333303
-13.1625,13.2375,-0.8233333333333377
-13.1625,13.274999999999999,-1.0766666666666822
-13.1625,13.3125,-0.5300000000000011
-13.1625,13.349999999999998,-2.833333333333343
-13.1625,13.3875,-1.440000000000012
-13.1625,13.425,-1.2400000000000233
-13.1625,13.462499999999999,2.219999999999999
-13.1625,13.5,2.73333333333332
-13.1625,13.537499999999998,2.0733333333333235
-13.1625,13.575,3.65333333333335
-13.1625,13.6125,3.0633333333333184
-13.1625,13.649999999999999,4.199999999999989
-13.1625,13.6875,3.96333333333331
-13.1625,13.724999999999998,2.2199999999999704
-13.1625,13.7625,0.86666666666666
-13.1625,13.8,2.6233333333333206
-13.1625,13.837499999999999,3.7633333333333354
-13.1625,13.875,2.5966666666666214
-13.1625,13.912499999999998,2.4833333333332916
-13.1625,13.95,4.670000000000002
-13.1625,13.9875,2.906666666666652
-13.1625,14.024999999999999,2.1933333333332996
-13.1625,14.0625,2.5733333333333093
-13.1625,14.099999999999998,2.826666666666668
-13.1625,14.1375,6.276666666666642
-13.1625,14.175,4.706666666666649
-13.1625,14.212499999999999,4.989999999999981
-13.1625,14.25,6.640000000000001
-13.1625,14.287499999999998,6.743333333333311
-13.1625,14.325,5.490000000000009
-13.1625,14.3625,5.1966666666666725
-13.1625,14.399999999999999,3.469999999999999
-13.1625,14.4375,2.9433333333333422
-13.1625,14.474999999999998,4.4566666666666634
-13.1625,14.5125,2.356666666666669
-13.1625,14.55,1.2666666666666515
-13.1625,14.587499999999999,-1.0200000000000102
-13.1625,14.625,
-13.1625,14.662499999999998,
-13.1625,14.7,
-13.1625,14.7375,
-13.1625,14.774999999999999,
-13.1625,14.8125,
-13.1625,14.849999999999998,
-13.1625,14.8875,
-13.1625,14.925,
-13.1625,14.962499999999999,
-13.1625,15.0,
-13.1625,15.037499999999998,
-13.1625,15.075,
-13.125,12.45,
-13.125,12.4875,
-13.125,12.524999999999999,
-13.125,12.5625,
-13.125,12.599999999999998,
-13.125,12.6375,
-13.125,12.675,
-13.125,12.712499999999999,-12.773333333333355
-13.125,12.75,-10.930000000000007
-13.125,12.787499999999998,-5.936666666666667
-13.125,12.825,-6.450000000000003
-13.125,12.8625,
-13.125,12.899999999999999,
-13.125,12.9375,
-13.125,12.974999999999998,
-13.125,13.0125,
-13.125,13.05,
-13.125,13.087499999999999,-3.173333333333332
-13.125,13.125,-2.373333333333349
-13.125,13.162499999999998,-3.9066666666666805
-13.125,13.2,-1.6899999999999835
-13.125,13.2375,-0.4233333333333462
-13.125,13.274999999999999,-2.7266666666666595
-13.125,13.3125,0.5300000000000296
-13.125,13.349999999999998,-1.3633333333333297
-13.125,13.3875,-1.0033333333333445
-13.125,13.425,-0.36333333333335815
-13.125,13.462499999999999,1.559999999999988
-13.125,13.5,1.960000000000008
-13.125,13.537499999999998,1.503333333333316
-13.125,13.575,1.2333333333332916
-13.125,13.6125,3.0566666666666578
-13.125,13.649999999999999,2.73333333333332
-13.125,13.6875,3.2466666666666413
-13.125,13.724999999999998,2.2833333333333314
-13.125,13.7625,0.6566666666666663
-13.125,13.8,1.6966666666666441
-13.125,13.837499999999999,1.8133333333333184
-13.125,13.875,2.3199999999999648
-13.125,13.912499999999998,3.130000000000024
-13.125,13.95,3.0900000000000034
-13.125,13.9875,3.6566666666666947
-13.125,14.024999999999999,3.369999999999976
-13.125,14.0625,4.726666666666674
-13.125,14.099999999999998,5.023333333333326
-13.125,14.1375,5.38666666666667
-13.125,14.175,5.063333333333318
-13.125,14.212499999999999,5.160000000000011
-13.125,14.25,5.263333333333321
-13.125,14.287499999999998,2.1566666666666237
-13.125,14.325,2.240000000000009
-13.125,14.3625,2.713333333333324
-13.125,14.399999999999999,-0.45666666666669187
-13.125,14.4375,0.8966666666666754
-13.125,14.474999999999998,1.473333333333315
-13.125,14.5125,1.7799999999999585
-13.125,14.55,1.1866666666666816
-13.125,14.587499999999999,-0.7833333333333599
-13.125,14.625,
-13.125,14.662499999999998,
-13.125,14.7,
-13.125,14.7375,
-13.125,14.774999999999999,
-13.125,14.8125,
-13.125,14.849999999999998,
-13.125,14.8875,
-13.125,14.925,
-13.125,14.962499999999999,
-13.125,15.0,
-13.125,15.037499999999998,
-13.125,15.075,
-13.087499999999999,12.45,
-13.087499999999999,12.4875,
-13.087499999999999,12.524999999999999,
-13.087499999999999,12.5625,
-13.087499999999999,12.599999999999998,
-13.087499999999999,12.6375,
-13.087499999999999,12.675,
-13.087499999999999,12.712499999999999,
-13.087499999999999,12.75,
-13.087499999999999,12.787499999999998,
-13.087499999999999,12.825,
-13.087499999999999,12.8625,
-13.087499999999999,12.899999999999999,
-13.087499999999999,12.9375,
-13.087499999999999,12.974999999999998,
-13.087499999999999,13.0125,
-13.087499999999999,13.05,-3.4600000000000364
-13.087499999999999,13.087499999999999,-2.5333333333333314
-13.087499999999999,13.125,-3.1866666666666816
-13.087499999999999,13.162499999999998,-2.6766666666666765
-13.087499999999999,13.2,-2.7033333333333474
-13.087499999999999,13.2375,-0.6666666666666714
-13.087499999999999,13.274999999999999,-0.36333333333335815
-13.087499999999999,13.3125,0.03333333333331723
-13.087499999999999,13.349999999999998,-0.1699999999999875
-13.087499999999999,13.3875,-1.6233333333333633
-13.087499999999999,13.425,1.140000000000029
-13.087499999999999,13.462499999999999,2.480000000000004
-13.087499999999999,13.5,0.32666666666663957
-13.087499999999999,13.537499999999998,1.303333333333299
-13.087499999999999,13.575,0.7466666666666555
-13.087499999999999,13.6125,2.2866666666666617
-13.087499999999999,13.649999999999999,2.4699999999999704
-13.087499999999999,13.6875,2.2099999999999795
-13.087499999999999,13.724999999999998,2.756666666666689
-13.087499999999999,13.7625,3.0299999999999727
-13.087499999999999,13.8,0.8099999999999881
-13.087499999999999,13.837499999999999,3.2199999999999847
-13.087499999999999,13.875,2.8733333333333206
-13.087499999999999,13.912499999999998,2.849999999999966
-13.087499999999999,13.95,4.1766666666666765
-13.087499999999999,13.9875,4.296666666666653
-13.087499999999999,14.024999999999999,5.293333333333308
-13.087499999999999,14.0625,4.876666666666651
-13.087499999999999,14.099999999999998,5.163333333333313
-13.087499999999999,14.1375,5.583333333333329
-13.087499999999999,14.175,4.269999999999996
-13.087499999999999,14.212499999999999,4.206666666666649
-13.087499999999999,14.25,1.7433333333333252
-13.087499999999999,14.287499999999998,1.3333333333333286
-13.087499999999999,14.325,0.4999999999999716
-13.087499999999999,14.3625,1.0466666666666526
-13.087499999999999,14.399999999999999,2.289999999999978
-13.087499999999999,14.4375,2.019999999999982
-13.087499999999999,14.474999999999998,1.1033333333333388
-13.087499999999999,14.5125,1.9266666666666765
-13.087499999999999,14.55,-0.4200000000000159
-13.087499999999999,14.587499999999999,-2.606666666666655
-13.087499999999999,14.625,
-13.087499999999999,14.662499999999998,
-13.087499999999999,14.7,
-13.087499999999999,14.7375,
-13.087499999999999,14.774999999999999,
-13.087499999999999,14.8125,
-13.087499999999999,14.849999999999998,
-13.087499999999999,14.8875,
-13.087499999999999,14.925,
-13.087499999999999,14.962499999999999,
-13.087499999999999,15.0,
-13.087499999999999,15.037499999999998,
-13.087499999999999,15.075,
-13.05,12.45,
-13.05,12.4875,
-13.05,12.524999999999999,
-13.05,12.5625,
-13.05,12.599999999999998,
-13.05,12.6375,
-13.05,12.675,
-13.05,12.712499999999999,
-13.05,12.75,
-13.05,12.787499999999998,
-13.05,12.825,
-13.05,12.8625,
-13.05,12.899999999999999,
-13.05,12.9375,
-13.05,12.974999999999998,
-13.05,13.0125,
-13.05,13.05,
-13.05,13.087499999999999,-2.8433333333333337
-13.05,13.125,-2.716666666666711
-13.05,13.162499999999998,-2.3333333333333286
-13.05,13.2,-2.620000000000033
-13.05,13.2375,-1.8199999999999932
-13.05,13.274999999999999,-0.4733333333333434
-13.05,13.3125,-0.4099999999999966
-13.05,13.349999999999998,-1.1166666666666885
-13.05,13.3875,-1.4833333333333485
-13.05,13.425,-0.6600000000000108
-13.05,13.462499999999999,-0.6633333333333553
-13.05,13.5,0.7766666666666424
-13.05,13.537499999999998,1.7533333333333303
-13.05,13.575,-0.1533333333333502
-13.05,13.6125,0.9699999999999989
-13.05,13.649999999999999,2.4466666666666725
-13.05,13.6875,1.7600000000000051
-13.05,13.724999999999998,0.23333333333332007
-13.05,13.7625,3.6033333333333246
-13.05,13.8,1.0433333333333366
-13.05,13.837499999999999,3.1466666666666328
-13.05,13.875,2.5733333333333235
-13.05,13.912499999999998,2.926666666666648
-13.05,13.95,3.36666666666666
-13.05,13.9875,3.396666666666661
-13.05,14.024999999999999,4.936666666666667
-13.05,14.0625,4.679999999999993
-13.05,14.099999999999998,3.433333333333323
-13.05,14.1375,3.7299999999999756
-13.05,14.175,3.389999999999972
-13.05,14.212499999999999,0.980000000000004
-13.05,14.25,2.633333333333354
-13.05,14.287499999999998,3.76666666666668
-13.05,14.325,1.9033333333332934
-13.05,14.3625,1.3766666666666794
-13.05,14.399999999999999,2.299999999999997
-13.05,14.4375,3.0900000000000034
-13.05,14.474999999999998,4.049999999999997
-13.05,14.5125,1.19666666666663
-13.05,14.55,-0.18333333333333712
-13.05,14.587499999999999,
-13.05,14.625,
-13.05,14.662499999999998,
-13.05,14.7,
-13.05,14.7375,
-13.05,14.774999999999999,
-13.05,14.8125,
-13.05,14.849999999999998,
-13.05,14.8875,
-13.05,14.925,
-13.05,14.962499999999999,
-13.05,15.0,
-13.05,15.037499999999998,
-13.05,15.075,
-13.0125,12.45,
-13.0125,12.4875,
-13.0125,12.524999999999999,
-13.0125,12.5625,
-13.0125,12.599999999999998,
-13.0125,12.6375,
-13.0125,12.675,
-13.0125,12.712499999999999,
-13.0125,12.75,
-13.0125,12.787499999999998,
-13.0125,12.825,
-13.0125,12.8625,
-13.0125,12.899999999999999,
-13.0125,12.9375,
-13.0125,12.974999999999998,
-13.0125,13.0125,
-13.0125,13.05,
-13.0125,13.087499999999999,-3.0066666666666464
-13.0125,13.125,-3.7533333333333445
-13.0125,13.162499999999998,-1.6466666666666896
-13.0125,13.2,-2.0533333333333417
-13.0125,13.2375,-0.9100000000000108
-13.0125,13.274999999999999,-1.1333333333333542
-13.0125,13.3125,-0.6833333333333513
-13.0125,13.349999999999998,-1.7700000000000102
-13.0125,13.3875,-1.5200000000000244
-13.0125,13.425,-0.8233333333333235
-13.0125,13.462499999999999,-0.8466666666667209
-13.0125,13.5,-0.7166666666666828
-13.0125,13.537499999999998,0.1766666666666623
-13.0125,13.575,0.5066666666666748
-13.0125,13.6125,0.023333333333326323
-13.0125,13.649999999999999,1.6333333333332973
-13.0125,13.6875,2.0566666666666578
-13.0125,13.724999999999998,0.22666666666664526
-13.0125,13.7625,0.31666666666664867
-13.0125,13.8,1.993333333333311
-13.0125,13.837499999999999,2.589999999999975
-13.0125,13.875,2.1066666666666407
-13.0125,13.912499999999998,2.673333333333346
-13.0125,13.95,2.6433333333332882
-13.0125,13.9875,4.839999999999989
-13.0125,14.024999999999999,5.099999999999994
-13.0125,14.0625,5.166666666666643
-13.0125,14.099999999999998,3.6799999999999784
-13.0125,14.1375,4.410000000000011
-13.0125,14.175,1.3166666666666345
-13.0125,14.212499999999999,2.2033333333333474
-13.0125,14.25,2.8300000000000125
-13.0125,14.287499999999998,1.9699999999999847
-13.0125,14.325,2.233333333333306
-13.0125,14.3625,2.780000000000001
-13.0125,14.399999999999999,2.0933333333333763
-13.0125,14.4375,3.006666666666675
-13.0125,14.474999999999998,3.576666666666654
-13.0125,14.5125,4.606666666666669
-13.0125,14.55,0.4000000000000057
-13.0125,14.587499999999999,
-13.0125,14.625,
-13.0125,14.662499999999998,
-13.0125,14.7,
-13.0125,14.7375,
-13.0125,14.774999999999999,
-13.0125,14.8125,
-13.0125,14.849999999999998,
-13.0125,14.8875,
-13.0125,14.925,
-13.0125,14.962499999999999,
-13.0125,15.0,
-13.0125,15.037499999999998,
-13.0125,15.075,
-12.975,12.45,
-12.975,12.4875,
-12.975,12.524999999999999,
-12.975,12.5625,
-12.975,12.599999999999998,
-12.975,12.6375,
-12.975,12.675,
-12.975,12.712499999999999,
-12.975,12.75,
-12.975,12.787499999999998,
-12.975,12.825,
-12.975,12.8625,
-12.975,12.899999999999999,
-12.975,12.9375,
-12.975,12.974999999999998,
-12.975,13.0125,
-12.975,13.05,
-12.975,13.087499999999999,-3.1266666666666794
-12.975,13.125,-2.6300000000000097
-12.975,13.162499999999998,-1.9633333333333383
-12.975,13.2,-0.930000000000021
-12.975,13.2375,-0.9433333333333564
-12.975,13.274999999999999,-0.5033333333333161
-12.975,13.3125,0.20999999999997954
-12.975,13.349999999999998,0.22333333333331495
-12.975,13.3875,-0.28666666666669016
-12.975,13.425,-1.0799999999999983
-12.975,13.462499999999999,0.046666666666652645
-12.975,13.5,0.38666666666662763
-12.975,13.537499999999998,0.24333333333331097
-12.975,13.575,1.0766666666666538
-12.975,13.6125,-0.1500000000000199
-12.975,13.649999999999999,-0.4766666666666879
-12.975,13.6875,-0.27666666666667084
-12.975,13.724999999999998,1.6266666666666367
-12.975,13.7625,-0.8200000000000074
-12.975,13.8,1.6766666666666765
-12.975,13.837499999999999,2.59999999999998
-12.975,13.875,2.65000000000002
-12.975,13.912499999999998,2.1533333333333218
-12.975,13.95,2.8833333333333115
-12.975,13.9875,5.399999999999963
-12.975,14.024999999999999,5.636666666666642
-12.975,14.0625,4.869999999999976
-12.975,14.099999999999998,5.276666666666671
-12.975,14.1375,3.4500000000000313
-12.975,14.175,2.003333333333316
-12.975,14.212499999999999,3.579999999999984
-12.975,14.25,4.503333333333302
-12.975,14.287499999999998,4.923333333333346
-12.975,14.325,4.209999999999994
-12.975,14.3625,3.0833333333333286
-12.975,14.399999999999999,3.0633333333333184
-12.975,14.4375,2.9633333333333383
-12.975,14.474999999999998,2.796666666666667
-12.975,14.5125,4.603333333333325
-12.975,14.55,2.533333333333303
-12.975,14.587499999999999,
-12.975,14.625,
-12.975,14.662499999999998,
-12.975,14.7,
-12.975,14.7375,
-12.975,14.774999999999999,
-12.975,14.8125,
-12.975,14.849999999999998,
-12.975,14.8875,
-12.975,14.925,
-12.975,14.962499999999999,
-12.975,15.0,
-12.975,15.037499999999998,
-12.975,15.075,
-12.9375,12.45,
-12.9375,12.4875,
-12.9375,12.524999999999999,
-12.9375,12.5625,
-12.9375,12.599999999999998,
-12.9375,12.6375,
-12.9375,12.675,
-12.9375,12.712499999999999,
-12.9375,12.75,
-12.9375,12.787499999999998,
-12.9375,12.825,
-12.9375,12.8625,
-12.9375,12.899999999999999,
-12.9375,12.9375,
-12.9375,12.974999999999998,
-12.9375,13.0125,
-12.9375,13.05,
-12.9375,13.087499999999999,-3.4766666666666595
-12.9375,13.125,-1.3100000000000165
-12.9375,13.162499999999998,-3.2333333333333485
-12.9375,13.2,-0.8833333333333684
-12.9375,13.2375,-0.8733333333333491
-12.9375,13.274999999999999,-0.13000000000000966
-12.9375,13.3125,-0.2200000000000415
-12.9375,13.349999999999998,0.916666666666643
-12.9375,13.3875,1.0866666666666447
-12.9375,13.425,-1.0933333333333337
-12.9375,13.462499999999999,-0.6466666666666754
-12.9375,13.5,-0.8033333333333559
-12.9375,13.537499999999998,0.3666666666666458
-12.9375,13.575,0.47333333333330074
-12.9375,13.6125,0.46999999999999886
-12.9375,13.649999999999999,-0.3933333333333451
-12.9375,13.6875,-0.269999999999996
-12.9375,13.724999999999998,-0.27333333333335474
-12.9375,13.7625,-2.4399999999999835
-12.9375,13.8,-0.5533333333333417
-12.9375,13.837499999999999,0.7666666666666515
-12.9375,13.875,1.9966666666666981
-12.9375,13.912499999999998,2.816666666666677
-12.9375,13.95,4.4766666666666595
-12.9375,13.9875,4.0733333333333235
-12.9375,14.024999999999999,4.923333333333332
-12.9375,14.0625,4.376666666666651
-12.9375,14.099999999999998,5.299999999999997
-12.9375,14.1375,3.75
-12.9375,14.175,2.96333333333331
-12.9375,14.212499999999999,4.7066666666666634
-12.9375,14.25,5.313333333333318
-12.9375,14.287499999999998,4.196666666666658
-12.9375,14.325,5.329999999999998
-12.9375,14.3625,6.213333333333324
-12.9375,14.399999999999999,4.5933333333333195
-12.9375,14.4375,4.2933333333333366
-12.9375,14.474999999999998,3.3033333333333417
-12.9375,14.5125,4.026666666666671
-12.9375,14.55,4.5566666666666436
-12.9375,14.587499999999999,
-12.9375,14.625,
-12.9375,14.662499999999998,
-12.9375,14.7,
-12.9375,14.7375,
-12.9375,14.774999999999999,
-12.9375,14.8125,
-12.9375,14.849999999999998,
-12.9375,14.8875,
-12.9375,14.925,
-12.9375,14.962499999999999,
-12.9375,15.0,
-12.9375,15.037499999999998,
-12.9375,15.075,
-12.899999999999999,12.45,
-12.899999999999999,12.4875,
-12.899999999999999,12.524999999999999,
-12.899999999999999,12.5625,
-12.899999999999999,12.599999999999998,
-12.899999999999999,12.6375,
-12.899999999999999,12.675,
-12.899999999999999,12.712499999999999,
-12.899999999999999,12.75,
-12.899999999999999,12.787499999999998,
-12.899999999999999,12.825,
-12.899999999999999,12.8625,
-12.899999999999999,12.899999999999999,
-12.899999999999999,12.9375,
-12.899999999999999,12.974999999999998,
-12.899999999999999,13.0125,
-12.899999999999999,13.05,
-12.899999999999999,13.087499999999999,-2.823333333333352
-12.899999999999999,13.125,-2.410000000000011
-12.899999999999999,13.162499999999998,-3.4166666666666856
-12.899999999999999,13.2,-2.63333333333334
-12.899999999999999,13.2375,-1.370000000000033
-12.899999999999999,13.274999999999999,-1.0600000000000023
-12.899999999999999,13.3125,-0.7500000000000142
-12.899999999999999,13.349999999999998,0.8899999999999721
-12.899999999999999,13.3875,0.009999999999990905
-12.899999999999999,13.425,0.2833333333333172
-12.899999999999999,13.462499999999999,-1.4300000000000068
-12.899999999999999,13.5,-1.2800000000000011
-12.899999999999999,13.537499999999998,-0.5000000000000142
-12.899999999999999,13.575,0.13666666666662763
-12.899999999999999,13.6125,0.263333333333307
-12.899999999999999,13.649999999999999,-0.6033333333333672
-12.899999999999999,13.6875,-0.6233333333333491
-12.899999999999999,13.724999999999998,-0.9299999999999926
-12.899999999999999,13.7625,-2.7800000000000153
-12.899999999999999,13.8,0.18333333333333712
-12.899999999999999,13.837499999999999,2.4466666666666725
-12.899999999999999,13.875,2.319999999999993
-12.899999999999999,13.912499999999998,2.25
-12.899999999999999,13.95,3.1833333333333087
-12.899999999999999,13.9875,2.976666666666631
-12.899999999999999,14.024999999999999,3.5566666666666293
-12.899999999999999,14.0625,3.049999999999997
-12.899999999999999,14.099999999999998,5.656666666666666
-12.899999999999999,14.1375,3.9766666666666737
-12.899999999999999,14.175,4.9066666666666805
-12.899999999999999,14.212499999999999,4.436666666666682
-12.899999999999999,14.25,4.243333333333339
-12.899999999999999,14.287499999999998,4.026666666666685
-12.899999999999999,14.325,4.829999999999984
-12.899999999999999,14.3625,5.026666666666671
-12.899999999999999,14.399999999999999,5.309999999999974
-12.899999999999999,14.4375,4.160000000000011
-12.899999999999999,14.474999999999998,2.0966666666666782
-12.899999999999999,14.5125,2.763333333333321
-12.899999999999999,14.55,4.663333333333341
-12.899999999999999,14.587499999999999,
-12.899999999999999,14.625,
-12.899999999999999,14.662499999999998,
-12.899999999999999,14.7,
-12.899999999999999,14.7375,
-12.899999999999999,14.774999999999999,
-12.899999999999999,14.8125,
-12.899999999999999,14.849999999999998,
-12.899999999999999,14.8875,
-12.899999999999999,14.925,
-12.899999999999999,14.962499999999999,
-12.899999999999999,15.0,
-12.899999999999999,15.037499999999998,
-12.899999999999999,15.075,
-12.8625,12.45,
-12.8625,12.4875,
-12.8625,12.524999999999999,
-12.8625,12.5625,
-12.8625,12.599999999999998,
-12.8625,12.6375,
-12.8625,12.675,
-12.8625,12.712499999999999,
-12.8625,12.75,
-12.8625,12.787499999999998,
-12.8625,12.825,
-12.8625,12.8625,
-12.8625,12.899999999999999,
-12.8625,12.9375,
-12.8625,12.974999999999998,
-12.8625,13.0125,
-12.8625,13.05,-3.4833333333333343
-12.8625,13.087499999999999,-3.2066666666666777
-12.8625,13.125,-2.6966666666666725
-12.8625,13.162499999999998,-4.0800000000000125
-12.8625,13.2,-0.9066666666666947
-12.8625,13.2375,-0.6933333333333422
-12.8625,13.274999999999999,-0.9700000000000273
-12.8625,13.3125,-0.12333333333336327
-12.8625,13.349999999999998,0.03333333333331723
-12.8625,13.3875,0.19666666666664412
-12.8625,13.425,-0.346666666666664
-12.8625,13.462499999999999,-1.0133333333333212
-12.8625,13.5,-0.536666666666676
-12.8625,13.537499999999998,-1.779999999999987
-12.8625,13.575,-0.9800000000000182
-12.8625,13.6125,-0.08000000000002672
-12.8625,13.649999999999999,-0.04666666666668107
-12.8625,13.6875,-1.7533333333333587
-12.8625,13.724999999999998,-1.6466666666666754
-12.8625,13.7625,-1.4533333333333474
-12.8625,13.8,-1.0433333333333366
-12.8625,13.837499999999999,1.9133333333333127
-12.8625,13.875,1.98333333333332
-12.8625,13.912499999999998,2.7866666666666617
-12.8625,13.95,2.0800000000000125
-12.8625,13.9875,3.8033333333333275
-12.8625,14.024999999999999,2.94666666666663
-12.8625,14.0625,2.7833333333333314
-12.8625,14.099999999999998,4.456666666666635
-12.8625,14.1375,2.819999999999993
-12.8625,14.175,4.250000000000014
-12.8625,14.212499999999999,4.980000000000004
-12.8625,14.25,4.533333333333317
-12.8625,14.287499999999998,5.1000000000000085
-12.8625,14.325,5.15000000000002
-12.8625,14.3625,4.320000000000022
-12.8625,14.399999999999999,4.340000000000003
-12.8625,14.4375,2.373333333333349
-12.8625,14.474999999999998,2.7733333333333405
-12.8625,14.5125,3.3066666666666578
-12.8625,14.55,3.976666666666688
-12.8625,14.587499999999999,
-12.8625,14.625,
-12.8625,14.662499999999998,
-12.8625,14.7,
-12.8625,14.7375,
-12.8625,14.774999999999999,
-12.8625,14.8125,
-12.8625,14.849999999999998,
-12.8625,14.8875,
-12.8625,14.925,
-12.8625,14.962499999999999,
-12.8625,15.0,
-12.8625,15.037499999999998,
-12.8625,15.075,
-12.825,12.45,
-12.825,12.4875,
-12.825,12.524999999999999,
-12.825,12.5625,
-12.825,12.599999999999998,
-12.825,12.6375,
-12.825,12.675,
-12.825,12.712499999999999,
-12.825,12.75,
-12.825,12.787499999999998,
-12.825,12.825,
-12.825,12.8625,
-12.825,12.899999999999999,
-12.825,12.9375,
-12.825,12.974999999999998,
-12.825,13.0125,-3.890000000000015
-12.825,13.05,-5.280000000000001
-12.825,13.087499999999999,-5.2900000000000205
-12.825,13.125,-1.4866666666666788
-12.825,13.162499999999998,-2.3666666666666885
-12.825,13.2,-3.0200000000000102
-12.825,13.2375,-1.5400000000000205
-12.825,13.274999999999999,-1.2500000000000284
-12.825,13.3125,-1.4166666666666998
-12.825,13.349999999999998,-0.44000000000002615
-12.825,13.3875,-0.4166666666666856
-12.825,13.425,0.1466666666666896
-12.825,13.462499999999999,-0.6966666666666583
-12.825,13.5,-1.1333333333333542
-12.825,13.537499999999998,-1.5433333333333508
-12.825,13.575,-1.6466666666666896
-12.825,13.6125,-0.7766666666666424
-12.825,13.649999999999999,-0.4900000000000091
-12.825,13.6875,-0.8600000000000421
-12.825,13.724999999999998,-1.390000000000029
-12.825,13.7625,-1.9466666666666868
-12.825,13.8,-0.13333333333335418
-12.825,13.837499999999999,0.6799999999999642
-12.825,13.875,2.239999999999995
-12.825,13.912499999999998,1.4433333333333138
-12.825,13.95,2.963333333333324
-12.825,13.9875,3.8833333333333115
-12.825,14.024999999999999,2.756666666666632
-12.825,14.0625,2.5666666666666487
-12.825,14.099999999999998,4.443333333333314
-12.825,14.1375,6.153333333333336
-12.825,14.175,3.7866666666666617
-12.825,14.212499999999999,5.389999999999972
-12.825,14.25,6.706666666666649
-12.825,14.287499999999998,6.019999999999982
-12.825,14.325,5.346666666666664
-12.825,14.3625,7.286666666666662
-12.825,14.399999999999999,7.63666666666667
-12.825,14.4375,2.6499999999999915
-12.825,14.474999999999998,2.5466666666666384
-12.825,14.5125,2.856666666666669
-12.825,14.55,3.133333333333354
-12.825,14.587499999999999,
-12.825,14.625,
-12.825,14.662499999999998,
-12.825,14.7,
-12.825,14.7375,
-12.825,14.774999999999999,
-12.825,14.8125,
-12.825,14.849999999999998,
-12.825,14.8875,
-12.825,14.925,
-12.825,14.962499999999999,
-12.825,15.0,
-12.825,15.037499999999998,
-12.825,15.075,
-12.7875,12.45,
-12.7875,12.4875,
-12.7875,12.524999999999999,
-12.7875,12.5625,
-12.7875,12.599999999999998,
-12.7875,12.6375,
-12.7875,12.675,
-12.7875,12.712499999999999,
-12.7875,12.75,
-12.7875,12.787499999999998,
-12.7875,12.825,
-12.7875,12.8625,
-12.7875,12.899999999999999,
-12.7875,12.9375,
-12.7875,12.974999999999998,
-12.7875,13.0125,
-12.7875,13.05,-5.65333333333335
-12.7875,13.087499999999999,-3.3300000000000125
-12.7875,13.125,-3.03333333333336
-12.7875,13.162499999999998,-2.0600000000000165
-12.7875,13.2,-1.8700000000000188
-12.7875,13.2375,-1.2133333333333667
-12.7875,13.274999999999999,-1.8599999999999994
-12.7875,13.3125,-0.576666666666668
-12.7875,13.349999999999998,-1.1833333333333655
-12.7875,13.3875,-0.756666666666689
-12.7875,13.425,-0.6866666666666674
-12.7875,13.462499999999999,-0.7299999999999898
-12.7875,13.5,-0.12000000000001876
-12.7875,13.537499999999998,-1.8533333333333388
-12.7875,13.575,-2.3666666666666885
-12.7875,13.6125,-1.7366666666666788
-12.7875,13.649999999999999,-0.2600000000000051
-12.7875,13.6875,0.0833333333333286
-12.7875,13.724999999999998,-1.343333333333348
-12.7875,13.7625,-2.1400000000000006
-12.7875,13.8,-0.1333333333333684
-12.7875,13.837499999999999,0.5100000000000051
-12.7875,13.875,2.5833333333333144
-12.7875,13.912499999999998,2.2266666666666595
-12.7875,13.95,2.673333333333318
-12.7875,13.9875,4.140000000000015
-12.7875,14.024999999999999,4.2099999999999795
-12.7875,14.0625,2.4766666666666737
-12.7875,14.099999999999998,3.6999999999999744
-12.7875,14.1375,5.549999999999997
-12.7875,14.175,3.913333333333327
-12.7875,14.212499999999999,5.456666666666649
-12.7875,14.25,5.513333333333321
-12.7875,14.287499999999998,4.00333333333333
-12.7875,14.325,3.9633333333333525
-12.7875,14.3625,3.3033333333333275
-12.7875,14.399999999999999,6.353333333333296
-12.7875,14.4375,7.336666666666659
-12.7875,14.474999999999998,5.210000000000008
-12.7875,14.5125,5.083333333333343
-12.7875,14.55,4.51666666666668
-12.7875,14.587499999999999,
-12.7875,14.625,
-12.7875,14.662499999999998,
-12.7875,14.7,
-12.7875,14.7375,
-12.7875,14.774999999999999,
-12.7875,14.8125,
-12.7875,14.849999999999998,
-12.7875,14.8875,
-12.7875,14.925,
-12.7875,14.962499999999999,
-12.7875,15.0,
-12.7875,15.037499999999998,
-12.7875,15.075,
-12.75,12.45,
-12.75,12.4875,
-12.75,12.524999999999999,
-12.75,12.5625,
-12.75,12.599999999999998,
-12.75,12.6375,
-12.75,12.675,
-12.75,12.712499999999999,
-12.75,12.75,
-12.75,12.787499999999998,
-12.75,12.825,
-12.75,12.8625,
-12.75,12.899999999999999,
-12.75,12.9375,
-12.75,12.974999999999998,
-12.75,13.0125,
-12.75,13.05,
-12.75,13.087499999999999,-3.113333333333358
-12.75,13.125,-1.8233333333333377
-12.75,13.162499999999998,-2.4366666666666816
-12.75,13.2,-1.8666666666666885
-12.75,13.2375,-1.6800000000000352
-12.75,13.274999999999999,-2.049999999999997
-12.75,13.3125,-0.5333333333333456
-12.75,13.349999999999998,-1.1866666666666674
-12.75,13.3875,-0.07000000000000739
-12.75,13.425,-0.786666666666676
-12.75,13.462499999999999,-0.4266666666666765
-12.75,13.5,-0.7433333333333536
-12.75,13.537499999999998,-1.4233333333333604
-12.75,13.575,-1.9100000000000108
-12.75,13.6125,-0.4800000000000182
-12.75,13.649999999999999,-1.2366666666666788
-12.75,13.6875,-0.5366666666666617
-12.75,13.724999999999998,-2.0300000000000153
-12.75,13.7625,-1.1366666666666703
-12.75,13.8,-0.7033333333333758
-12.75,13.837499999999999,-0.11333333333338658
-12.75,13.875,0.11999999999996191
-12.75,13.912499999999998,1.356666666666655
-12.75,13.95,2.94666666666663
-12.75,13.9875,3.703333333333319
-12.75,14.024999999999999,4.2099999999999795
-12.75,14.0625,3.276666666666671
-12.75,14.099999999999998,4.829999999999998
-12.75,14.1375,6.203333333333319
-12.75,14.175,3.696666666666644
-12.75,14.212499999999999,4.633333333333354
-12.75,14.25,5.576666666666668
-12.75,14.287499999999998,5.299999999999983
-12.75,14.325,5.196666666666658
-12.75,14.3625,2.8733333333333206
-12.75,14.399999999999999,5.139999999999972
-12.75,14.4375,5.700000000000003
-12.75,14.474999999999998,2.9066666666666805
-12.75,14.5125,3.719999999999999
-12.75,14.55,4.090000000000003
-12.75,14.587499999999999,4.339999999999989
-12.75,14.625,
-12.75,14.662499999999998,
-12.75,14.7,
-12.75,14.7375,
-12.75,14.774999999999999,
-12.75,14.8125,
-12.75,14.849999999999998,
-12.75,14.8875,
-12.75,14.925,
-12.75,14.962499999999999,
-12.75,15.0,
-12.75,15.037499999999998,
-12.75,15.075,
-12.712499999999999,12.45,
-12.712499999999999,12.4875,
-12.712499999999999,12.524999999999999,
-12.712499999999999,12.5625,
-12.712499999999999,12.599999999999998,
-12.712499999999999,12.6375,
-12.712499999999999,12.675,
-12.712499999999999,12.712499999999999,
-12.712499999999999,12.75,
-12.712499999999999,12.787499999999998,
-12.712499999999999,12.825,
-12.712499999999999,12.8625,
-12.712499999999999,12.899999999999999,
-12.712499999999999,12.9375,
-12.712499999999999,12.974999999999998,
-12.712499999999999,13.0125,
-12.712499999999999,13.05,
-12.712499999999999,13.087499999999999,
-12.712499999999999,13.125,-2.5900000000000034
-12.712499999999999,13.162499999999998,-1.296666666666681
-12.712499999999999,13.2,-1.9866666666666646
-12.712499999999999,13.2375,-1.6733333333333462
-12.712499999999999,13.274999999999999,-1.0999999999999943
-12.712499999999999,13.3125,-1.5266666666667277
-12.712499999999999,13.349999999999998,-0.8866666666667129
-12.712499999999999,13.3875,-0.4666666666666828
-12.712499999999999,13.425,0.3366666666666731
-12.712499999999999,13.462499999999999,-1.1599999999999966
-12.712499999999999,13.5,0.3466666666666498
-12.712499999999999,13.537499999999998,-2.7099999999999937
-12.712499999999999,13.575,-0.8700000000000188
-12.712499999999999,13.6125,-0.9333333333333513
-12.712499999999999,13.649999999999999,0.1799999999999926
-12.712499999999999,13.6875,-0.6300000000000097
-12.712499999999999,13.724999999999998,-2.0533333333333275
-12.712499999999999,13.7625,-1.606666666666655
-12.712499999999999,13.8,-1.6433333333333593
-12.712499999999999,13.837499999999999,0.1033333333332962
-12.712499999999999,13.875,0.013333333333292785
-12.712499999999999,13.912499999999998,1.7866666666666617
-12.712499999999999,13.95,2.673333333333346
-12.712499999999999,13.9875,2.993333333333325
-12.712499999999999,14.024999999999999,4.629999999999981
-12.712499999999999,14.0625,3.8533333333333104
-12.712499999999999,14.099999999999998,5.366666666666646
-12.712499999999999,14.1375,5.6000000000000085
-12.712499999999999,14.175,4.230000000000018
-12.712499999999999,14.212499999999999,4.629999999999981
-12.712499999999999,14.25,5.420000000000002
-12.712499999999999,14.287499999999998,2.75
-12.712499999999999,14.325,5.396666666666675
-12.712499999999999,14.3625,4.993333333333325
-12.712499999999999,14.399999999999999,2.746666666666684
-12.712499999999999,14.4375,3.1599999999999824
-12.712499999999999,14.474999999999998,4.319999999999993
-12.712499999999999,14.5125,2.376666666666651
-12.712499999999999,14.55,3.2099999999999937
-12.712499999999999,14.587499999999999,3.4899999999999807
-12.712499999999999,14.625,
-12.712499999999999,14.662499999999998,
-12.712499999999999,14.7,
-12.712499999999999,14.7375,
-12.712499999999999,14.774999999999999,
-12.712499999999999,14.8125,
-12.712499999999999,14.849999999999998,
-12.712499999999999,14.8875,
-12.712499999999999,14.925,
-12.712499999999999,14.962499999999999,
-12.712499999999999,15.0,
-12.712499999999999,15.037499999999998,
-12.712499999999999,15.075,
-12.675,12.45,
-12.675,12.4875,
-12.675,12.524999999999999,
-12.675,12.5625,
-12.675,12.599999999999998,
-12.675,12.6375,
-12.675,12.675,
-12.675,12.712499999999999,
-12.675,12.75,
-12.675,12.787499999999998,
-12.675,12.825,
-12.675,12.8625,
-12.675,12.899999999999999,
-12.675,12.9375,
-12.675,12.974999999999998,
-12.675,13.0125,
-12.675,13.05,
-12.675,13.087499999999999,
-12.675,13.125,
-12.675,13.162499999999998,-1.7466666666666555
-12.675,13.2,-2.0666666666666913
-12.675,13.2375,-2.43666666666671
-12.675,13.274999999999999,-0.37000000000001876
-12.675,13.3125,-0.9633333333333525
-12.675,13.349999999999998,-0.9333333333333371
-12.675,13.3875,0.24333333333331097
-12.675,13.425,0.03666666666666174
-12.675,13.462499999999999,-0.9933333333333252
-12.675,13.5,-0.7766666666666708
-12.675,13.537499999999998,-0.8166666666666771
-12.675,13.575,-0.693333333333328
-12.675,13.6125,-0.6933333333333422
-12.675,13.649999999999999,0.029999999999986926
-12.675,13.6875,-0.403333333333336
-12.675,13.724999999999998,-0.3333333333333428
-12.675,13.7625,0.029999999999986926
-12.675,13.8,-1.0333333333333314
-12.675,13.837499999999999,0.003333333333316091
-12.675,13.875,0.4200000000000017
-12.675,13.912499999999998,1.8166666666666487
-12.675,13.95,2.336666666666659
-12.675,13.9875,2.6233333333333064
-12.675,14.024999999999999,4.039999999999964
-12.675,14.0625,5.866666666666646
-12.675,14.099999999999998,5.713333333333324
-12.675,14.1375,5.443333333333314
-12.675,14.175,3.75
-12.675,14.212499999999999,3.269999999999996
-12.675,14.25,3.0733333333333093
-12.675,14.287499999999998,4.463333333333296
-12.675,14.325,5.173333333333318
-12.675,14.3625,5.526666666666699
-12.675,14.399999999999999,6.026666666666685
-12.675,14.4375,2.930000000000007
-12.675,14.474999999999998,3.513333333333307
-12.675,14.5125,3.523333333333312
-12.675,14.55,3.660000000000025
-12.675,14.587499999999999,2.969999999999999
-12.675,14.625,3.2833333333333314
-12.675,14.662499999999998,3.8066666666666578
-12.675,14.7,
-12.675,14.7375,
-12.675,14.774999999999999,
-12.675,14.8125,
-12.675,14.849999999999998,
-12.675,14.8875,
-12.675,14.925,
-12.675,14.962499999999999,
-12.675,15.0,
-12.675,15.037499999999998,
-12.675,15.075,5.429999999999964
-12.6375,12.45,
-12.6375,12.4875,
-12.6375,12.524999999999999,
-12.6375,12.5625,
-12.6375,12.599999999999998,
-12.6375,12.6375,
-12.6375,12.675,
-12.6375,12.712499999999999,
-12.6375,12.75,
-12.6375,12.787499999999998,
-12.6375,12.825,
-12.6375,12.8625,
-12.6375,12.899999999999999,
-12.6375,12.9375,
-12.6375,12.974999999999998,
-12.6375,13.0125,
-12.6375,13.05,
-12.6375,13.087499999999999,
-12.6375,13.125,
-12.6375,13.162499999999998,
-12.6375,13.2,-1.2500000000000142
-12.6375,13.2375,-1.0000000000000142
-12.6375,13.274999999999999,-0.9400000000000261
-12.6375,13.3125,-0.8599999999999994
-12.6375,13.349999999999998,-1.4900000000000233
-12.6375,13.3875,-0.7700000000000102
-12.6375,13.425,-1.3533333333333672
-12.6375,13.462499999999999,-1.2800000000000153
-12.6375,13.5,-1.220000000000013
-12.6375,13.537499999999998,-0.7933333333333508
-12.6375,13.575,-0.1566666666666805
-12.6375,13.6125,-0.6500000000000341
-12.6375,13.649999999999999,-1.5533333333333275
-12.6375,13.6875,-0.8166666666666771
-12.6375,13.724999999999998,-0.30000000000001137
-12.6375,13.7625,-0.7966666666666669
-12.6375,13.8,-0.7266666666666737
-12.6375,13.837499999999999,0.026666666666685046
-12.6375,13.875,-0.4266666666666765
-12.6375,13.912499999999998,1.3399999999999608
-12.6375,13.95,0.8733333333333064
-12.6375,13.9875,3.109999999999971
-12.6375,14.024999999999999,2.203333333333319
-12.6375,14.0625,3.136666666666642
-12.6375,14.099999999999998,4.723333333333301
-12.6375,14.1375,4.9599999999999795
-12.6375,14.175,5.356666666666669
-12.6375,14.212499999999999,3.7666666666666657
-12.6375,14.25,3.390000000000015
-12.6375,14.287499999999998,3.359999999999985
-12.6375,14.325,4.003333333333302
-12.6375,14.3625,4.579999999999984
-12.6375,14.399999999999999,4.906666666666624
-12.6375,14.4375,5.339999999999975
-12.6375,14.474999999999998,6.366666666666632
-12.6375,14.5125,4.733333333333306
-12.6375,14.55,5.523333333333326
-12.6375,14.587499999999999,4.243333333333311
-12.6375,14.625,3.426666666666634
-12.6375,14.662499999999998,3.6899999999999693
-12.6375,14.7,4.296666666666624
-12.6375,14.7375,4.5533333333333275
-12.6375,14.774999999999999,
-12.6375,14.8125,
-12.6375,14.849999999999998,
-12.6375,14.8875,
-12.6375,14.925,
-12.6375,14.962499999999999,
-12.6375,15.0,
-12.6375,15.037499999999998,5.393333333333359
-12.6375,15.075,4.659999999999997
-12.6,12.45,
-12.6,12.4875,
-12.6,12.524999999999999,
-12.6,12.5625,
-12.6,12.599999999999998,
-12.6,12.6375,
-12.6,12.675,
-12.6,12.712499999999999,
-12.6,12.75,
-12.6,12.787499999999998,
-12.6,12.825,
-12.6,12.8625,
-12.6,12.899999999999999,
-12.6,12.9375,
-12.6,12.974999999999998,
-12.6,13.0125,
-12.6,13.05,
-12.6,13.087499999999999,
-12.6,13.125,
-12.6,13.162499999999998,
-12.6,13.2,-2.0433333333333223
-12.6,13.2375,-2.1033333333333672
-12.6,13.274999999999999,-1.543333333333365
-12.6,13.3125,-1.5600000000000307
-12.6,13.349999999999998,-1.1700000000000301
-12.6,13.3875,-0.9133333333333695
-12.6,13.425,-1.170000000000016
-12.6,13.462499999999999,-0.9566666666666777
-12.6,13.5,-0.3300000000000125
-12.6,13.537499999999998,-0.21000000000002217
-12.6,13.575,-0.2666666666666657
-12.6,13.6125,-0.3466666666666782
-12.6,13.649999999999999,-1.7200000000000273
-12.6,13.6875,-1.806666666666672
-12.6,13.724999999999998,-1.200000000000017
-12.6,13.7625,-0.7333333333333627
-12.6,13.8,-0.7399999999999949
-12.6,13.837499999999999,0.4733333333333434
-12.6,13.875,0.07999999999996987
-12.6,13.912499999999998,-0.0033333333333587234
-12.6,13.95,0.47666666666665947
-12.6,13.9875,1.156666666666652
-12.6,14.024999999999999,2.4766666666666595
-12.6,14.0625,1.3399999999999892
-12.6,14.099999999999998,5.166666666666643
-12.6,14.1375,3.609999999999985
-12.6,14.175,4.823333333333309
-12.6,14.212499999999999,4.653333333333364
-12.6,14.25,2.7600000000000193
-12.6,14.287499999999998,3.2166666666666686
-12.6,14.325,3.473333333333315
-12.6,14.3625,4.0099999999999625
-12.6,14.399999999999999,4.443333333333328
-12.6,14.4375,4.2266666666666595
-12.6,14.474999999999998,5.216666666666654
-12.6,14.5125,5.653333333333322
-12.6,14.55,5.973333333333301
-12.6,14.587499999999999,4.916666666666643
-12.6,14.625,4.283333333333317
-12.6,14.662499999999998,3.4999999999999716
-12.6,14.7,3.943333333333314
-12.6,14.7375,4.066666666666649
-12.6,14.774999999999999,4.590000000000003
-12.6,14.8125,4.686666666666653
-12.6,14.849999999999998,4.626666666666651
-12.6,14.8875,
-12.6,14.925,4.609999999999985
-12.6,14.962499999999999,4.303333333333342
-12.6,15.0,6.13000000000001
-12.6,15.037499999999998,7.399999999999963
-12.6,15.075,6.730000000000018
-12.5625,12.45,
-12.5625,12.4875,
-12.5625,12.524999999999999,
-12.5625,12.5625,
-12.5625,12.599999999999998,
-12.5625,12.6375,
-12.5625,12.675,
-12.5625,12.712499999999999,
-12.5625,12.75,
-12.5625,12.787499999999998,
-12.5625,12.825,
-12.5625,12.8625,
-12.5625,12.899999999999999,
-12.5625,12.9375,
-12.5625,12.974999999999998,
-12.5625,13.0125,
-12.5625,13.05,
-12.5625,13.087499999999999,
-12.5625,13.125,
-12.5625,13.162499999999998,
-12.5625,13.2,-1.1800000000000068
-12.5625,13.2375,-0.6900000000000404
-12.5625,13.274999999999999,-0.8100000000000165
-12.5625,13.3125,-1.4800000000000182
-12.5625,13.349999999999998,-1.7233333333333434
-12.5625,13.3875,-1.9199999999999875
-12.5625,13.425,-2.026666666666685
-12.5625,13.462499999999999,-1.4933333333333394
-12.5625,13.5,-0.5800000000000125
-12.5625,13.537499999999998,-0.8366666666666731
-12.5625,13.575,-1.1933333333333422
-12.5625,13.6125,-0.5466666666666669
-12.5625,13.649999999999999,-0.05666666666667197
-12.5625,13.6875,-3.0233333333333405
-12.5625,13.724999999999998,-2.2866666666666617
-12.5625,13.7625,-1.9066666666666663
-12.5625,13.8,-1.5433333333333508
-12.5625,13.837499999999999,-1.2800000000000011
-12.5625,13.875,-0.3366666666666731
-12.5625,13.912499999999998,0.24333333333332519
-12.5625,13.95,-0.18000000000000682
-12.5625,13.9875,0.18666666666668164
-12.5625,14.024999999999999,1.7666666666666657
-12.5625,14.0625,4.399999999999963
-12.5625,14.099999999999998,2.366666666666646
-12.5625,14.1375,3.3599999999999994
-12.5625,14.175,4.393333333333331
-12.5625,14.212499999999999,1.9733333333333434
-12.5625,14.25,1.2066666666666634
-12.5625,14.287499999999998,1.6799999999999784
-12.5625,14.325,3.259999999999991
-12.5625,14.3625,3.0166666666666515
-12.5625,14.399999999999999,3.339999999999989
-12.5625,14.4375,3.289999999999978
-12.5625,14.474999999999998,4.199999999999989
-12.5625,14.5125,3.893333333333331
-12.5625,14.55,4.183333333333309
-12.5625,14.587499999999999,4.179999999999978
-12.5625,14.625,4.570000000000007
-12.5625,14.662499999999998,5.2099999999999795
-12.5625,14.7,3.5633333333333184
-12.5625,14.7375,2.616666666666646
-12.5625,14.774999999999999,2.7533333333333303
-12.5625,14.8125,3.489999999999995
-12.5625,14.849999999999998,3.8933333333333024
-12.5625,14.8875,3.7266666666666453
-12.5625,14.925,3.653333333333336
-12.5625,14.962499999999999,7.023333333333312
-12.5625,15.0,7.65333333333335
-12.5625,15.037499999999998,6.443333333333314
-12.5625,15.075,
-12.524999999999999,12.45,
-12.524999999999999,12.4875,
-12.524999999999999,12.524999999999999,
-12.524999999999999,12.5625,
-12.524999999999999,12.599999999999998,
-12.524999999999999,12.6375,
-12.524999999999999,12.675,
-12.524999999999999,12.712499999999999,
-12.524999999999999,12.75,
-12.524999999999999,12.787499999999998,
-12.524999999999999,12.825,
-12.524999999999999,12.8625,
-12.524999999999999,12.899999999999999,
-12.524999999999999,12.9375,
-12.524999999999999,12.974999999999998,
-12.524999999999999,13.0125,
-12.524999999999999,13.05,
-12.524999999999999,13.087499999999999,
-12.524999999999999,13.125,
-12.524999999999999,13.162499999999998,
-12.524999999999999,13.2,-0.5900000000000034
-12.524999999999999,13.2375,-0.8599999999999994
-12.524999999999999,13.274999999999999,0.859999999999971
-12.524999999999999,13.3125,0.436666666666639
-12.524999999999999,13.349999999999998,-1.7433333333333252
-12.524999999999999,13.3875,-1.6199999999999903
-12.524999999999999,13.425,-2.8200000000000216
-12.524999999999999,13.462499999999999,-2.5400000000000205
-12.524999999999999,13.5,-2.3166666666666913
-12.524999999999999,13.537499999999998,-1.7566666666666748
-12.524999999999999,13.575,-1.200000000000017
-12.524999999999999,13.6125,-1.4699999999999989
-12.524999999999999,13.649999999999999,-1.3033333333333559
-12.524999999999999,13.6875,-2.526666666666671
-12.524999999999999,13.724999999999998,-2.5433333333333366
-12.524999999999999,13.7625,-2.2566666666666606
-12.524999999999999,13.8,-2.470000000000013
-12.524999999999999,13.837499999999999,-2.2166666666666828
-12.524999999999999,13.875,-0.6366666666666845
-12.524999999999999,13.912499999999998,-1.0666666666666629
-12.524999999999999,13.95,-0.6900000000000261
-12.524999999999999,13.9875,1.893333333333345
-12.524999999999999,14.024999999999999,3.0933333333333337
-12.524999999999999,14.0625,4.530000000000001
-12.524999999999999,14.099999999999998,3.3866666666666703
-12.524999999999999,14.1375,4.519999999999982
-12.524999999999999,14.175,4.9266666666666765
-12.524999999999999,14.212499999999999,2.61666666666666
-12.524999999999999,14.25,2.703333333333333
-12.524999999999999,14.287499999999998,3.5433333333333223
-12.524999999999999,14.325,2.9466666666666725
-12.524999999999999,14.3625,2.2366666666666504
-12.524999999999999,14.399999999999999,3.2299999999999898
-12.524999999999999,14.4375,3.6333333333332973
-12.524999999999999,14.474999999999998,2.430000000000021
-12.524999999999999,14.5125,4.116666666666632
-12.524999999999999,14.55,4.6266666666666225
-12.524999999999999,14.587499999999999,3.3033333333333132
-12.524999999999999,14.625,4.9766666666666595
-12.524999999999999,14.662499999999998,4.913333333333313
-12.524999999999999,14.7,4.489999999999981
-12.524999999999999,14.7375,3.126666666666651
-12.524999999999999,14.774999999999999,2.0866666666666447
-12.524999999999999,14.8125,2.896666666666661
-12.524999999999999,14.849999999999998,2.549999999999997
-12.524999999999999,14.8875,2.963333333333324
-12.524999999999999,14.925,4.696666666666687
-12.524999999999999,14.962499999999999,8.953333333333333
-12.524999999999999,15.0,9.463333333333338
-12.524999999999999,15.037499999999998,
-12.524999999999999,15.075,
-12.4875,12.45,
-12.4875,12.4875,
-12.4875,12.524999999999999,
-12.4875,12.5625,
-12.4875,12.599999999999998,
-12.4875,12.6375,
-12.4875,12.675,
-12.4875,12.712499999999999,
-12.4875,12.75,
-12.4875,12.787499999999998,
-12.4875,12.825,
-12.4875,12.8625,
-12.4875,12.899999999999999,
-12.4875,12.9375,
-12.4875,12.974999999999998,
-12.4875,13.0125,
-12.4875,13.05,
-12.4875,13.087499999999999,
-12.4875,13.125,
-12.4875,13.162499999999998,
-12.4875,13.2,-1.3366666666666447
-12.4875,13.2375,-0.4000000000000199
-12.4875,13.274999999999999,0.6366666666666418
-12.4875,13.3125,-0.12333333333336327
-12.4875,13.349999999999998,-0.05666666666668618
-12.4875,13.3875,-2.579999999999984
-12.4875,13.425,-1.88333333333334
-12.4875,13.462499999999999,-3.0366666666666475
-12.4875,13.5,-1.7266666666666879
-12.4875,13.537499999999998,-2.3100000000000023
-12.4875,13.575,-2.4466666666666725
-12.4875,13.6125,-1.9833333333333485
-12.4875,13.649999999999999,-1.2066666666666919
-12.4875,13.6875,-2.2700000000000102
-12.4875,13.724999999999998,-0.8366666666666731
-12.4875,13.7625,-2.490000000000009
-12.4875,13.8,-1.9466666666666725
-12.4875,13.837499999999999,-1.8366666666666873
-12.4875,13.875,-0.7800000000000153
-12.4875,13.912499999999998,-1.296666666666681
-12.4875,13.95,-0.05666666666668618
-12.4875,13.9875,2.793333333333308
-12.4875,14.024999999999999,5.2599999999999625
-12.4875,14.0625,5.723333333333329
-12.4875,14.099999999999998,4.756666666666646
-12.4875,14.1375,4.420000000000002
-12.4875,14.175,4.576666666666654
-12.4875,14.212499999999999,3.1166666666666316
-12.4875,14.25,1.6833333333333087
-12.4875,14.287499999999998,2.079999999999984
-12.4875,14.325,2.323333333333295
-12.4875,14.3625,3.56333333333329
-12.4875,14.399999999999999,2.6866666666666674
-12.4875,14.4375,4.066666666666649
-12.4875,14.474999999999998,4.013333333333307
-12.4875,14.5125,4.663333333333313
-12.4875,14.55,3.9399999999999693
-12.4875,14.587499999999999,3.5833333333333286
-12.4875,14.625,3.5466666666666384
-12.4875,14.662499999999998,2.799999999999983
-12.4875,14.7,3.8166666666666345
-12.4875,14.7375,3.299999999999983
-12.4875,14.774999999999999,3.06333333333329
-12.4875,14.8125,4.030000000000001
-12.4875,14.849999999999998,3.4099999999999824
-12.4875,14.8875,4.969999999999985
-12.4875,14.925,7.583333333333343
-12.4875,14.962499999999999,7.923333333333318
-12.4875,15.0,9.329999999999984
-12.4875,15.037499999999998,
-12.4875,15.075,
-12.45,12.45,
-12.45,12.4875,
-12.45,12.524999999999999,
-12.45,12.5625,
-12.45,12.599999999999998,
-12.45,12.6375,
-12.45,12.675,
-12.45,12.712499999999999,
-12.45,12.75,
-12.45,12.787499999999998,
-12.45,12.825,
-12.45,12.8625,
-12.45,12.899999999999999,
-12.45,12.9375,
-12.45,12.974999999999998,
-12.45,13.0125,
-12.45,13.05,
-12.45,13.087499999999999,
-12.45,13.125,
-12.45,13.162499999999998,
-12.45,13.2,
-12.45,13.2375,
-12.45,13.274999999999999,-0.03999999999999204
-12.45,13.3125,-0.7866666666666617
-12.45,13.349999999999998,-0.6966666666666583
-12.45,13.3875,-1.9666666666666544
-12.45,13.425,-2.096666666666664
-12.45,13.462499999999999,-3.13333333333334
-12.45,13.5,-1.560000000000045
-12.45,13.537499999999998,-1.673333333333332
-12.45,13.575,-1.4766666666666737
-12.45,13.6125,-2.0866666666667157
-12.45,13.649999999999999,-2.293333333333379
-12.45,13.6875,-1.1600000000000108
-12.45,13.724999999999998,-1.3800000000000239
-12.45,13.7625,-1.6666666666666856
-12.45,13.8,-1.256666666666689
-12.45,13.837499999999999,-1.1933333333333422
-12.45,13.875,-1.9933333333333394
-12.45,13.912499999999998,-0.4900000000000233
-12.45,13.95,1.4199999999999875
-12.45,13.9875,2.8566666666666407
-12.45,14.024999999999999,3.923333333333318
-12.45,14.0625,5.353333333333325
-12.45,14.099999999999998,3.5700000000000074
-12.45,14.1375,4.123333333333321
-12.45,14.175,4.056666666666658
-12.45,14.212499999999999,4.646666666666661
-12.45,14.25,2.260000000000005
-12.45,14.287499999999998,2.8666666666666316
-12.45,14.325,2.4466666666666583
-12.45,14.3625,1.9033333333332934
-12.45,14.399999999999999,3.21333333333331
-12.45,14.4375,2.5533333333333132
-12.45,14.474999999999998,2.769999999999982
-12.45,14.5125,3.0266666666666424
-12.45,14.55,3.2366666666666646
-12.45,14.587499999999999,4.113333333333301
-12.45,14.625,1.5666666666666345
-12.45,14.662499999999998,1.9066666666666237
-12.45,14.7,4.239999999999981
-12.45,14.7375,2.589999999999975
-12.45,14.774999999999999,2.646666666666661
-12.45,14.8125,4.60333333333331
-12.45,14.849999999999998,5.616666666666646
-12.45,14.8875,8.10666666666664
-12.45,14.925,
-12.45,14.962499999999999,
-12.45,15.0,
-12.45,15.037499999999998,
-12.45,15.075,
-12.4125,12.45,
-12.4125,12.4875,
-12.4125,12.524999999999999,
-12.4125,12.5625,
-12.4125,12.599999999999998,
-12.4125,12.6375,
-12.4125,12.675,
-12.4125,12.712499999999999,
-12.4125,12.75,
-12.4125,12.787499999999998,
-12.4125,12.825,
-12.4125,12.8625,
-12.4125,12.899999999999999,
-12.4125,12.9375,
-12.4125,12.974999999999998,
-12.4125,13.0125,
-12.4125,13.05,
-12.4125,13.087499999999999,
-12.4125,13.125,
-12.4125,13.162499999999998,
-12.4125,13.2,
-12.4125,13.2375,
-12.4125,13.274999999999999,
-12.4125,13.3125,0.2866666666666333
-12.4125,13.349999999999998,-0.680000000000021
-12.4125,13.3875,-0.576666666666668
-12.4125,13.425,-0.6066666666666976
-12.4125,13.462499999999999,-0.14000000000001478
-12.4125,13.5,-1.5833333333333286
-12.4125,13.537499999999998,-2.1633333333333695
-12.4125,13.575,-1.7233333333333292
-12.4125,13.6125,-2.183333333333337
-12.4125,13.649999999999999,-2.1766666666666765
-12.4125,13.6875,-1.8599999999999994
-12.4125,13.724999999999998,-1.7166666666666686
-12.4125,13.7625,-1.0600000000000023
-12.4125,13.8,-1.3866666666666418
-12.4125,13.837499999999999,-2.306666666666672
-12.4125,13.875,-2.1766666666666623
-12.4125,13.912499999999998,-1.170000000000016
-12.4125,13.95,0.9266666666666623
-12.4125,13.9875,2.813333333333304
-12.4125,14.024999999999999,2.4299999999999926
-12.4125,14.0625,3.799999999999983
-12.4125,14.099999999999998,2.3133333333333184
-12.4125,14.1375,2.843333333333291
-12.4125,14.175,3.3466666666666356
-12.4125,14.212499999999999,3.6233333333333064
-12.4125,14.25,0.9666666666666828
-12.4125,14.287499999999998,1.6266666666666367
-12.4125,14.325,1.0033333333333303
-12.4125,14.3625,0.8033333333333132
-12.4125,14.399999999999999,1.4366666666666674
-12.4125,14.4375,1.8966666666666612
-12.4125,14.474999999999998,0.9799999999999898
-12.4125,14.5125,0.88333333333334
-12.4125,14.55,1.6299999999999812
-12.4125,14.587499999999999,1.7599999999999767
-12.4125,14.625,1.193333333333328
-12.4125,14.662499999999998,3.7866666666666333
-12.4125,14.7,3.5333333333333172
-12.4125,14.7375,3.833333333333286
-12.4125,14.774999999999999,3.13333333333334
-12.4125,14.8125,4.896666666666633
-12.4125,14.849999999999998,7.843333333333348
-12.4125,14.8875,
-12.4125,14.925,
-12.4125,14.962499999999999,
-12.4125,15.0,
-12.4125,15.037499999999998,
-12.4125,15.075,
-12.375,12.45,
-12.375,12.4875,
-12.375,12.524999999999999,
-12.375,12.5625,
-12.375,12.599999999999998,
-12.375,12.6375,
-12.375,12.675,
-12.375,12.712499999999999,
-12.375,12.75,
-12.375,12.787499999999998,
-12.375,12.825,
-12.375,12.8625,
-12.375,12.899999999999999,
-12.375,12.9375,
-12.375,12.974999999999998,
-12.375,13.0125,
-12.375,13.05,
-12.375,13.087499999999999,
-12.375,13.125,
-12.375,13.162499999999998,
-12.375,13.2,
-12.375,13.2375,
-12.375,13.274999999999999,
-12.375,13.3125,-0.1566666666666947
-12.375,13.349999999999998,-1.0566666666666862
-12.375,13.3875,-1.170000000000016
-12.375,13.425,-0.7366666666666788
-12.375,13.462499999999999,-0.7633333333333496
-12.375,13.5,-2.596666666666664
-12.375,13.537499999999998,-3.526666666666685
-12.375,13.575,-3.900000000000034
-12.375,13.6125,-3.0600000000000165
-12.375,13.649999999999999,-3.3533333333333246
-12.375,13.6875,-2.4933333333333394
-12.375,13.724999999999998,-2.6366666666666845
-12.375,13.7625,-2.0100000000000193
-12.375,13.8,-1.3599999999999994
-12.375,13.837499999999999,-2.106666666666655
-12.375,13.875,-1.4200000000000017
-12.375,13.912499999999998,0.3499999999999801
-12.375,13.95,1.7899999999999636
-12.375,13.9875,3.4666666666666544
-12.375,14.024999999999999,2.269999999999982
-12.375,14.0625,3.486666666666636
-12.375,14.099999999999998,3.106666666666655
-12.375,14.1375,2.4099999999999966
-12.375,14.175,2.533333333333303
-12.375,14.212499999999999,2.086666666666659
-12.375,14.25,-0.3166666666666629
-12.375,14.287499999999998,1.3666666666666316
-12.375,14.325,0.7533333333333019
-12.375,14.3625,0.6066666666666407
-12.375,14.399999999999999,1.390000000000029
-12.375,14.4375,0.7500000000000142
-12.375,14.474999999999998,1.0066666666666464
-12.375,14.5125,2.0866666666666447
-12.375,14.55,1.059999999999988
-12.375,14.587499999999999,0.3766666666666225
-12.375,14.625,1.6299999999999812
-12.375,14.662499999999998,2.923333333333332
-12.375,14.7,2.5466666666666384
-12.375,14.7375,4.98333333333332
-12.375,14.774999999999999,5.889999999999972
-12.375,14.8125,5.786666666666662
-12.375,14.849999999999998,
-12.375,14.8875,
-12.375,14.925,
-12.375,14.962499999999999,
-12.375,15.0,
-12.375,15.037499999999998,
-12.375,15.075,
-12.337499999999999,12.45,
-12.337499999999999,12.4875,
-12.337499999999999,12.524999999999999,
-12.337499999999999,12.5625,
-12.337499999999999,12.599999999999998,
-12.337499999999999,12.6375,
-12.337499999999999,12.675,
-12.337499999999999,12.712499999999999,
-12.337499999999999,12.75,
-12.337499999999999,12.787499999999998,
-12.337499999999999,12.825,
-12.337499999999999,12.8625,
-12.337499999999999,12.899999999999999,
-12.337499999999999,12.9375,
-12.337499999999999,12.974999999999998,
-12.337499999999999,13.0125,
-12.337499999999999,13.05,
-12.337499999999999,13.087499999999999,
-12.337499999999999,13.125,
-12.337499999999999,13.162499999999998,
-12.337499999999999,13.2,
-12.337499999999999,13.2375,
-12.337499999999999,13.274999999999999,-1.9533333333333474
-12.337499999999999,13.3125,-1.216666666666697
-12.337499999999999,13.349999999999998,-1.2433333333333394
-12.337499999999999,13.3875,-1.8633333333333724
-12.337499999999999,13.425,-3.17000000000003
-12.337499999999999,13.462499999999999,-2.716666666666697
-12.337499999999999,13.5,-2.9333333333333513
-12.337499999999999,13.537499999999998,-3.163333333333341
-12.337499999999999,13.575,-3.100000000000037
-12.337499999999999,13.6125,-1.2566666666666748
-12.337499999999999,13.649999999999999,-1.106666666666655
-12.337499999999999,13.6875,-0.4133333333333269
-12.337499999999999,13.724999999999998,-0.3199999999999932
-12.337499999999999,13.7625,-2.1300000000000097
-12.337499999999999,13.8,-0.640000000000029
-12.337499999999999,13.837499999999999,-0.3166666666666771
-12.337499999999999,13.875,0.9699999999999704
-12.337499999999999,13.912499999999998,1.743333333333311
-12.337499999999999,13.95,1.2699999999999534
-12.337499999999999,13.9875,1.8699999999999761
-12.337499999999999,14.024999999999999,1.6199999999999903
-12.337499999999999,14.0625,2.8233333333333093
-12.337499999999999,14.099999999999998,1.916666666666643
-12.337499999999999,14.1375,2.0533333333333132
-12.337499999999999,14.175,2.8899999999999437
-12.337499999999999,14.212499999999999,4.210000000000008
-12.337499999999999,14.25,2.7799999999999727
-12.337499999999999,14.287499999999998,2.989999999999995
-12.337499999999999,14.325,2.549999999999983
-12.337499999999999,14.3625,3.5066666666666606
-12.337499999999999,14.399999999999999,2.7666666666666515
-12.337499999999999,14.4375,1.5199999999999818
-12.337499999999999,14.474999999999998,1.8900000000000006
-12.337499999999999,14.5125,2.7966666666666384
-12.337499999999999,14.55,0.2533333333333161
-12.337499999999999,14.587499999999999,0.1199999999999477
-12.337499999999999,14.625,0.19333333333332803
-12.337499999999999,14.662499999999998,0.23999999999999488
-12.337499999999999,14.7,2.9466666666666583
-12.337499999999999,14.7375,4.799999999999983
-12.337499999999999,14.774999999999999,5.516666666666637
-12.337499999999999,14.8125,5.739999999999995
-12.337499999999999,14.849999999999998,
-12.337499999999999,14.8875,
-12.337499999999999,14.925,
-12.337499999999999,14.962499999999999,
-12.337499999999999,15.0,
-12.337499999999999,15.037499999999998,
-12.337499999999999,15.075,
-12.3,12.45,
-12.3,12.4875,
-12.3,12.524999999999999,
-12.3,12.5625,
-12.3,12.599999999999998,
-12.3,12.6375,
-12.3,12.675,
-12.3,12.712499999999999,
-12.3,12.75,
-12.3,12.787499999999998,
-12.3,12.825,
-12.3,12.8625,
-12.3,12.899999999999999,
-12.3,12.9375,
-12.3,12.974999999999998,
-12.3,13.0125,
-12.3,13.05,
-12.3,13.087499999999999,
-12.3,13.125,
-12.3,13.162499999999998,
-12.3,13.2,
-12.3,13.2375,
-12.3,13.274999999999999,
-12.3,13.3125,
-12.3,13.349999999999998,-2.530000000000001
-12.3,13.3875,-3.4133333333333553
-12.3,13.425,-4.823333333333352
-12.3,13.462499999999999,-4.336666666666673
-12.3,13.5,-3.026666666666685
-12.3,13.537499999999998,-3.700000000000017
-12.3,13.575,-3.089999999999989
-12.3,13.6125,-3.4666666666666686
-12.3,13.649999999999999,-2.276666666666671
-12.3,13.6875,-1.9166666666666856
-12.3,13.724999999999998,-2.1533333333333786
-12.3,13.7625,-2.8533333333333246
-12.3,13.8,-1.5266666666666566
-12.3,13.837499999999999,-2.7400000000000233
-12.3,13.875,-1.4566666666666919
-12.3,13.912499999999998,0.05333333333329904
-12.3,13.95,0.5966666666666498
-12.3,13.9875,1.273333333333298
-12.3,14.024999999999999,1.473333333333315
-12.3,14.0625,1.6400000000000148
-12.3,14.099999999999998,0.9299999999999926
-12.3,14.1375,0.6433333333333024
-12.3,14.175,2.34666666666665
-12.3,14.212499999999999,2.333333333333343
-12.3,14.25,0.8499999999999659
-12.3,14.287499999999998,1.9299999999999784
-12.3,14.325,2.2233333333333007
-12.3,14.3625,3.3699999999999903
-12.3,14.399999999999999,3.7466666666666555
-12.3,14.4375,-0.30666666666664355
-12.3,14.474999999999998,2.4766666666666453
-12.3,14.5125,0.06666666666666288
-12.3,14.55,1.4799999999999898
-12.3,14.587499999999999,-0.173333333333332
-12.3,14.625,1.5633333333333042
-12.3,14.662499999999998,2.0866666666666305
-12.3,14.7,-0.8966666666666754
-12.3,14.7375,4.196666666666658
-12.3,14.774999999999999,5.8933333333333024
-12.3,14.8125,
-12.3,14.849999999999998,
-12.3,14.8875,
-12.3,14.925,
-12.3,14.962499999999999,
-12.3,15.0,
-12.3,15.037499999999998,
-12.3,15.075,
-12.2625,12.45,
-12.2625,12.4875,
-12.2625,12.524999999999999,
-12.2625,12.5625,
-12.2625,12.599999999999998,
-12.2625,12.6375,
-12.2625,12.675,
-12.2625,12.712499999999999,
-12.2625,12.75,
-12.2625,12.787499999999998,
-12.2625,12.825,
-12.2625,12.8625,
-12.2625,12.899999999999999,
-12.2625,12.9375,
-12.2625,12.974999999999998,
-12.2625,13.0125,
-12.2625,13.05,
-12.2625,13.087499999999999,
-12.2625,13.125,
-12.2625,13.162499999999998,
-12.2625,13.2,
-12.2625,13.2375,
-12.2625,13.274999999999999,
-12.2625,13.3125,
-12.2625,13.349999999999998,-3.066666666666663
-12.2625,13.3875,-3.2966666666666526
-12.2625,13.425,-5.186666666666667
-12.2625,13.462499999999999,-6.099999999999994
-12.2625,13.5,-4.8833333333333115
-12.2625,13.537499999999998,-4.36999999999999
-12.2625,13.575,-4.130000000000024
-12.2625,13.6125,-3.84999999999998
-12.2625,13.649999999999999,-4.039999999999992
-12.2625,13.6875,-3.639999999999972
-12.2625,13.724999999999998,-3.749999999999986
-12.2625,13.7625,-2.3300000000000125
-12.2625,13.8,-3.276666666666671
-12.2625,13.837499999999999,-2.0366666666666475
-12.2625,13.875,-1.8100000000000165
-12.2625,13.912499999999998,-1.720000000000013
-12.2625,13.95,-0.3200000000000074
-12.2625,13.9875,-0.36666666666668846
-12.2625,14.024999999999999,2.0899999999999466
-12.2625,14.0625,3.8133333333333184
-12.2625,14.099999999999998,2.5199999999999676
-12.2625,14.1375,3.1233333333333206
-12.2625,14.175,2.893333333333345
-12.2625,14.212499999999999,2.98333333333332
-12.2625,14.25,2.203333333333319
-12.2625,14.287499999999998,2.3466666666666356
-12.2625,14.325,2.9699999999999847
-12.2625,14.3625,2.639999999999958
-12.2625,14.399999999999999,3.530000000000001
-12.2625,14.4375,3.88333333333334
-12.2625,14.474999999999998,4.226666666666674
-12.2625,14.5125,3.3499999999999943
-12.2625,14.55,2.793333333333308
-12.2625,14.587499999999999,1.163333333333341
-12.2625,14.625,0.769999999999996
-12.2625,14.662499999999998,0.6866666666666532
-12.2625,14.7,3.299999999999997
-12.2625,14.7375,6.0099999999999625
-12.2625,14.774999999999999,
-12.2625,14.8125,
-12.2625,14.849999999999998,
-12.2625,14.8875,
-12.2625,14.925,
-12.2625,14.962499999999999,
-12.2625,15.0,
-12.2625,15.037499999999998,
-12.2625,15.075,
-12.225,12.45,
-12.225,12.4875,
-12.225,12.524999999999999,
-12.225,12.5625,
-12.225,12.599999999999998,
-12.225,12.6375,
-12.225,12.675,
-12.225,12.712499999999999,
-12.225,12.75,
-12.225,12.787499999999998,
-12.225,12.825,
-12.225,12.8625,
-12.225,12.899999999999999,
-12.225,12.9375,
-12.225,12.974999999999998,
-12.225,13.0125,
-12.225,13.05,
-12.225,13.087499999999999,
-12.225,13.125,
-12.225,13.162499999999998,
-12.225,13.2,
-12.225,13.2375,
-12.225,13.274999999999999,
-12.225,13.3125,
-12.225,13.349999999999998,
-12.225,13.3875,
-12.225,13.425,
-12.225,13.462499999999999,-4.813333333333333
-12.225,13.5,-5.489999999999995
-12.225,13.537499999999998,-6.01666666666668
-12.225,13.575,-4.413333333333341
-12.225,13.6125,-5.276666666666671
-12.225,13.649999999999999,-4.666666666666686
-12.225,13.6875,-3.710000000000022
-12.225,13.724999999999998,-4.393333333333359
-12.225,13.7625,-4.2266666666666595
-12.225,13.8,-1.4833333333333627
-12.225,13.837499999999999,-2.9400000000000404
-12.225,13.875,-0.5866666666666731
-12.225,13.912499999999998,4.563333333333333
-12.225,13.95,4.886666666666642
-12.225,13.9875,6.21333333333331
-12.225,14.024999999999999,3.9599999999999937
-12.225,14.0625,4.239999999999995
-12.225,14.099999999999998,4.820000000000007
-12.225,14.1375,4.476666666666645
-12.225,14.175,5.3066666666666436
-12.225,14.212499999999999,5.390000000000029
-12.225,14.25,4.693333333333328
-12.225,14.287499999999998,3.0933333333333195
-12.225,14.325,2.269999999999996
-12.225,14.3625,3.9833333333333343
-12.225,14.399999999999999,3.319999999999979
-12.225,14.4375,3.3499999999999943
-12.225,14.474999999999998,5.226666666666674
-12.225,14.5125,4.929999999999993
-12.225,14.55,4.663333333333313
-12.225,14.587499999999999,4.32999999999997
-12.225,14.625,4.236666666666665
-12.225,14.662499999999998,3.0433333333333223
-12.225,14.7,7.196666666666644
-12.225,14.7375,
-12.225,14.774999999999999,
-12.225,14.8125,
-12.225,14.849999999999998,
-12.225,14.8875,
-12.225,14.925,
-12.225,14.962499999999999,
-12.225,15.0,
-12.225,15.037499999999998,
-12.225,15.075,
-12.1875,12.45,
-12.1875,12.4875,
-12.1875,12.524999999999999,
-12.1875,12.5625,
-12.1875,12.599999999999998,
-12.1875,12.6375,
-12.1875,12.675,
-12.1875,12.712499999999999,
-12.1875,12.75,
-12.1875,12.787499999999998,
-12.1875,12.825,
-12.1875,12.8625,
-12.1875,12.899999999999999,
-12.1875,12.9375,
-12.1875,12.974999999999998,
-12.1875,13.0125,
-12.1875,13.05,
-12.1875,13.087499999999999,
-12.1875,13.125,
-12.1875,13.162499999999998,
-12.1875,13.2,
-12.1875,13.2375,
-12.1875,13.274999999999999,
-12.1875,13.3125,
-12.1875,13.349999999999998,
-12.1875,13.3875,
-12.1875,13.425,
-12.1875,13.462499999999999,-5.36333333333333
-12.1875,13.5,-3.7133333333333525
-12.1875,13.537499999999998,-3.133333333333354
-12.1875,13.575,-4.179999999999993
-12.1875,13.6125,-3.776666666666671
-12.1875,13.649999999999999,-3.1833333333333513
-12.1875,13.6875,-2.9633333333333667
-12.1875,13.724999999999998,-2.9733333333333434
-12.1875,13.7625,-1.9333333333333513
-12.1875,13.8,0.2533333333333303
-12.1875,13.837499999999999,1.259999999999991
-12.1875,13.875,3.173333333333318
-12.1875,13.912499999999998,5.473333333333329
-12.1875,13.95,5.906666666666666
-12.1875,13.9875,6.393333333333331
-12.1875,14.024999999999999,7.416666666666643
-12.1875,14.0625,6.386666666666642
-12.1875,14.099999999999998,5.786666666666662
-12.1875,14.1375,3.9099999999999824
-12.1875,14.175,4.229999999999961
-12.1875,14.212499999999999,4.269999999999982
-12.1875,14.25,1.7999999999999972
-12.1875,14.287499999999998,0.10333333333332462
-12.1875,14.325,-0.1566666666666805
-12.1875,14.3625,2.409999999999954
-12.1875,14.399999999999999,
-12.1875,14.4375,
-12.1875,14.474999999999998,
-12.1875,14.5125,
-12.1875,14.55,
-12.1875,14.587499999999999,5.659999999999982
-12.1875,14.625,3.923333333333332
-12.1875,14.662499999999998,6.5833333333333
-12.1875,14.7,
-12.1875,14.7375,
-12.1875,14.774999999999999,
-12.1875,14.8125,
-12.1875,14.849999999999998,
-12.1875,14.8875,
-12.1875,14.925,
-12.1875,14.962499999999999,
-12.1875,15.0,
-12.1875,15.037499999999998,
-12.1875,15.075,
-12.149999999999999,12.45,
-12.149999999999999,12.4875,
-12.149999999999999,12.524999999999999,
-12.149999999999999,12.5625,
-12.149999999999999,12.599999999999998,
-12.149999999999999,12.6375,
-12.149999999999999,12.675,
-12.149999999999999,12.712499999999999,
-12.149999999999999,12.75,
-12.149999999999999,12.787499999999998,
-12.149999999999999,12.825,
-12.149999999999999,12.8625,
-12.149999999999999,12.899999999999999,
-12.149999999999999,12.9375,
-12.149999999999999,12.974999999999998,
-12.149999999999999,13.0125,
-12.149999999999999,13.05,
-12.149999999999999,13.087499999999999,
-12.149999999999999,13.125,
-12.149999999999999,13.162499999999998,
-12.149999999999999,13.2,
-12.149999999999999,13.2375,
-12.149999999999999,13.274999999999999,
-12.149999999999999,13.3125,
-12.149999999999999,13.349999999999998,
-12.149999999999999,13.3875,
-12.149999999999999,13.425,-3.0400000000000205
-12.149999999999999,13.462499999999999,-3.2000000000000313
-12.149999999999999,13.5,-4.000000000000014
-12.149999999999999,13.537499999999998,-3.836666666666673
-12.149999999999999,13.575,-3.0466666666666526
-12.149999999999999,13.6125,-2.6666666666666856
-12.149999999999999,13.649999999999999,-2.4233333333333604
-12.149999999999999,13.6875,-1.8233333333333235
-12.149999999999999,13.724999999999998,0.5333333333333172
-12.149999999999999,13.7625,0.3366666666666447
-12.149999999999999,13.8,2.369999999999962
-12.149999999999999,13.837499999999999,2.1200000000000188
-12.149999999999999,13.875,3.0333333333333314
-12.149999999999999,13.912499999999998,2.473333333333315
-12.149999999999999,13.95,3.6833333333333513
-12.149999999999999,13.9875,2.1133333333333155
-12.149999999999999,14.024999999999999,4.233333333333334
-12.149999999999999,14.0625,4.526666666666671
-12.149999999999999,14.099999999999998,2.8833333333333115
-12.149999999999999,14.1375,2.666666666666657
-12.149999999999999,14.175,1.1233333333333064
-12.149999999999999,14.212499999999999,1.6333333333333115
-12.149999999999999,14.25,1.0899999999999892
-12.149999999999999,14.287499999999998,-0.7966666666666669
-12.149999999999999,14.325,-0.4066666666666805
-12.149999999999999,14.3625,0.8533333333333104
-12.149999999999999,14.399999999999999,
-12.149999999999999,14.4375,
-12.149999999999999,14.474999999999998,
-12.149999999999999,14.5125,
-12.149999999999999,14.55,
-12.149999999999999,14.587499999999999,
-12.149999999999999,14.625,9.473333333333315
-12.149999999999999,14.662499999999998,
-12.149999999999999,14.7,
-12.149999999999999,14.7375,
-12.149999999999999,14.774999999999999,
-12.149999999999999,14.8125,
-12.149999999999999,14.849999999999998,
-12.149999999999999,14.8875,
-12.149999999999999,14.925,
-12.149999999999999,14.962499999999999,
-12.149999999999999,15.0,
-12.149999999999999,15.037499999999998,
-12.149999999999999,15.075,
-12.1125,12.45,
-12.1125,12.4875,
-12.1125,12.524999999999999,
-12.1125,12.5625,
-12.1125,12.599999999999998,
-12.1125,12.6375,
-12.1125,12.675,
-12.1125,12.712499999999999,
-12.1125,12.75,
-12.1125,12.787499999999998,
-12.1125,12.825,
-12.1125,12.8625,
-12.1125,12.899999999999999,
-12.1125,12.9375,
-12.1125,12.974999999999998,
-12.1125,13.0125,
-12.1125,13.05,
-12.1125,13.087499999999999,
-12.1125,13.125,
-12.1125,13.162499999999998,
-12.1125,13.2,
-12.1125,13.2375,
-12.1125,13.274999999999999,
-12.1125,13.3125,
-12.1125,13.349999999999998,
-12.1125,13.3875,-2.0500000000000114
-12.1125,13.425,-2.3366666666666873
-12.1125,13.462499999999999,-2.5200000000000102
-12.1125,13.5,0.05333333333332746
-12.1125,13.537499999999998,-0.6866666666666816
-12.1125,13.575,-3.930000000000007
-12.1125,13.6125,-1.930000000000021
-12.1125,13.649999999999999,-1.9233333333333462
-12.1125,13.6875,-2.5533333333333275
-12.1125,13.724999999999998,-1.3966666666666896
-12.1125,13.7625,1.7033333333333331
-12.1125,13.8,1.0799999999999699
-12.1125,13.837499999999999,1.9533333333333331
-12.1125,13.875,1.0499999999999972
-12.1125,13.912499999999998,-1.8566666666666691
-12.1125,13.95,-0.1533333333333644
-12.1125,13.9875,-0.6299999999999812
-12.1125,14.024999999999999,-0.44666666666665833
-12.1125,14.0625,0.44999999999998863
-12.1125,14.099999999999998,0.19333333333331382
-12.1125,14.1375,0.6966666666666441
-12.1125,14.175,2.0299999999999727
-12.1125,14.212499999999999,1.656666666666652
-12.1125,14.25,0.44666666666665833
-12.1125,14.287499999999998,-1.5
-12.1125,14.325,-1.1533333333332934
-12.1125,14.3625,1.7133333333333525
-12.1125,14.399999999999999,
-12.1125,14.4375,
-12.1125,14.474999999999998,
-12.1125,14.5125,
-12.1125,14.55,
-12.1125,14.587499999999999,
-12.1125,14.625,
-12.1125,14.662499999999998,
-12.1125,14.7,
-12.1125,14.7375,
-12.1125,14.774999999999999,
-12.1125,14.8125,
-12.1125,14.849999999999998,
-12.1125,14.8875,
-12.1125,14.925,
-12.1125,14.962499999999999,
-12.1125,15.0,
-12.1125,15.037499999999998,
-12.1125,15.075,
-12.075,12.45,
-12.075,12.4875,
-12.075,12.524999999999999,
-12.075,12.5625,
-12.075,12.599999999999998,
-12.075,12.6375,
-12.075,12.675,
-12.075,12.712499999999999,
-12.075,12.75,
-12.075,12.787499999999998,
-12.075,12.825,
-12.075,12.8625,
-12.075,12.899999999999999,
-12.075,12.9375,
-12.075,12.974999999999998,
-12.075,13.0125,
-12.075,13.05,
-12.075,13.087499999999999,
-12.075,13.125,
-12.075,13.162499999999998,
-12.075,13.2,
-12.075,13.2375,
-12.075,13.274999999999999,
-12.075,13.3125,
-12.075,13.349999999999998,
-12.075,13.3875,-2.376666666666708
-12.075,13.425,-1.3066666666666862
-12.075,13.462499999999999,-1.6433333333333593
-12.075,13.5,-1.51666666666668
-12.075,13.537499999999998,-2.0400000000000063
-12.075,13.575,-1.5233333333333263
-12.075,13.6125,-2.3866666666666845
-12.075,13.649999999999999,-3.986666666666679
-12.075,13.6875,-4.056666666666658
-12.075,13.724999999999998,1.3166666666666487
-12.075,13.7625,1.0366666666666617
-12.075,13.8,1.3133333333333184
-12.075,13.837499999999999,1.4466666666666583
-12.075,13.875,2.010000000000005
-12.075,13.912499999999998,-1.51666666666668
-12.075,13.95,-2.7266666666666737
-12.075,13.9875,-3.143333333333331
-12.075,14.024999999999999,-2.359999999999985
-12.075,14.0625,-0.6499999999999915
-12.075,14.099999999999998,0.730000000000004
-12.075,14.1375,-1.0300000000000153
-12.075,14.175,1.3133333333333184
-12.075,14.212499999999999,1.8099999999999739
-12.075,14.25,-0.8933333333333593
-12.075,14.287499999999998,-0.46333333333333826
-12.075,14.325,
-12.075,14.3625,
-12.075,14.399999999999999,
-12.075,14.4375,
-12.075,14.474999999999998,
-12.075,14.5125,
-12.075,14.55,
-12.075,14.587499999999999,
-12.075,14.625,
-12.075,14.662499999999998,
-12.075,14.7,
-12.075,14.7375,
-12.075,14.774999999999999,
-12.075,14.8125,
-12.075,14.849999999999998,
-12.075,14.8875,
-12.075,14.925,
-12.075,14.962499999999999,
-12.075,15.0,
-12.075,15.037499999999998,
-12.075,15.075,
-12.0375,12.45,
-12.0375,12.4875,
-12.0375,12.524999999999999,
-12.0375,12.5625,
-12.0375,12.599999999999998,
-12.0375,12.6375,
-12.0375,12.675,
-12.0375,12.712499999999999,
-12.0375,12.75,
-12.0375,12.787499999999998,
-12.0375,12.825,
-12.0375,12.8625,
-12.0375,12.899999999999999,
-12.0375,12.9375,
-12.0375,12.974999999999998,
-12.0375,13.0125,
-12.0375,13.05,
-12.0375,13.087499999999999,
-12.0375,13.125,
-12.0375,13.162499999999998,
-12.0375,13.2,
-12.0375,13.2375,
-12.0375,13.274999999999999,
-12.0375,13.3125,
-12.0375,13.349999999999998,
-12.0375,13.3875,-1.6866666666666958
-12.0375,13.425,-2.4733333333333434
-12.0375,13.462499999999999,-0.30666666666667197
-12.0375,13.5,-1.4210854715202004e-14
-12.0375,13.537499999999998,-0.6133333333333582
-12.0375,13.575,-4.223333333333315
-12.0375,13.6125,-4.313333333333361
-12.0375,13.649999999999999,-2.9066666666666805
-12.0375,13.6875,
-12.0375,13.724999999999998,
-12.0375,13.7625,-4.036666666666676
-12.0375,13.8,-3.516666666666694
-12.0375,13.837499999999999,-3.530000000000001
-12.0375,13.875,-2.780000000000001
-12.0375,13.912499999999998,-0.769999999999996
-12.0375,13.95,-3.1433333333333593
-12.0375,13.9875,-3.7733333333333405
-12.0375,14.024999999999999,-2.480000000000004
-12.0375,14.0625,-1.5700000000000216
-12.0375,14.099999999999998,-2.2633333333333496
-12.0375,14.1375,-1.3766666666666936
-12.0375,14.175,-0.12000000000004718
-12.0375,14.212499999999999,-1.4166666666666572
-12.0375,14.25,0.29999999999998295
-12.0375,14.287499999999998,0.38666666666664185
-12.0375,14.325,
-12.0375,14.3625,
-12.0375,14.399999999999999,
-12.0375,14.4375,
-12.0375,14.474999999999998,
-12.0375,14.5125,
-12.0375,14.55,
-12.0375,14.587499999999999,
-12.0375,14.625,
-12.0375,14.662499999999998,
-12.0375,14.7,
-12.0375,14.7375,
-12.0375,14.774999999999999,
-12.0375,14.8125,
-12.0375,14.849999999999998,
-12.0375,14.8875,
-12.0375,14.925,
-12.0375,14.962499999999999,
-12.0375,15.0,
-12.0375,15.037499999999998,
-12.0375,15.075,
-12.0,12.45,
-12.0,12.4875,
-12.0,12.524999999999999,
-12.0,12.5625,
-12.0,12.599999999999998,
-12.0,12.6375,
-12.0,12.675,
-12.0,12.712499999999999,
-12.0,12.75,
-12.0,12.787499999999998,
-12.0,12.825,
-12.0,12.8625,
-12.0,12.899999999999999,
-12.0,12.9375,
-12.0,12.974999999999998,
-12.0,13.0125,
-12.0,13.05,
-12.0,13.087499999999999,
-12.0,13.125,
-12.0,13.162499999999998,
-12.0,13.2,
-12.0,13.2375,
-12.0,13.274999999999999,
-12.0,13.3125,
-12.0,13.349999999999998,-0.21666666666669698
-12.0,13.3875,-0.7733333333333405
-12.0,13.425,-1.996666666666684
-12.0,13.462499999999999,-1.6599999999999966
-12.0,13.5,-2.316666666666663
-12.0,13.537499999999998,-2.923333333333346
-12.0,13.575,-2.86666666666666
-12.0,13.6125,
-12.0,13.649999999999999,
-12.0,13.6875,
-12.0,13.724999999999998,
-12.0,13.7625,
-12.0,13.8,-2.643333333333345
-12.0,13.837499999999999,-2.500000000000014
-12.0,13.875,-2.8033333333333275
-12.0,13.912499999999998,-1.460000000000008
-12.0,13.95,-2.6266666666666794
-12.0,13.9875,-2.5233333333333405
-12.0,14.024999999999999,
-12.0,14.0625,-0.736666666666693
-12.0,14.099999999999998,-1.5300000000000011
-12.0,14.1375,-0.960000000000008
-12.0,14.175,-1.8466666666667066
-12.0,14.212499999999999,-1.6300000000000239
-12.0,14.25,
-12.0,14.287499999999998,
-12.0,14.325,
-12.0,14.3625,
-12.0,14.399999999999999,
-12.0,14.4375,
-12.0,14.474999999999998,
-12.0,14.5125,
-12.0,14.55,
-12.0,14.587499999999999,
-12.0,14.625,
-12.0,14.662499999999998,
-12.0,14.7,
-12.0,14.7375,
-12.0,14.774999999999999,
-12.0,14.8125,
-12.0,14.849999999999998,
-12.0,14.8875,
-12.0,14.925,
-12.0,14.962499999999999,
-12.0,15.0,
-12.0,15.037499999999998,
-12.0,15.075,
-11.962499999999999,12.45,
-11.962499999999999,12.4875,
-11.962499999999999,12.524999999999999,
-11.962499999999999,12.5625,
-11.962499999999999,12.599999999999998,
-11.962499999999999,12.6375,
-11.962499999999999,12.675,
-11.962499999999999,12.712499999999999,
-11.962499999999999,12.75,
-11.962499999999999,12.787499999999998,
-11.962499999999999,12.825,
-11.962499999999999,12.8625,
-11.962499999999999,12.899999999999999,
-11.962499999999999,12.9375,
-11.962499999999999,12.974999999999998,
-11.962499999999999,13.0125,
-11.962499999999999,13.05,
-11.962499999999999,13.087499999999999,
-11.962499999999999,13.125,
-11.962499999999999,13.162499999999998,
-11.962499999999999,13.2,
-11.962499999999999,13.2375,
-11.962499999999999,13.274999999999999,
-11.962499999999999,13.3125,
-11.962499999999999,13.349999999999998,
-11.962499999999999,13.3875,-0.8666666666667027
-11.962499999999999,13.425,-1.5100000000000051
-11.962499999999999,13.462499999999999,-1.660000000000025
-11.962499999999999,13.5,-1.950000000000017
-11.962499999999999,13.537499999999998,
-11.962499999999999,13.575,
-11.962499999999999,13.6125,
-11.962499999999999,13.649999999999999,
-11.962499999999999,13.6875,
-11.962499999999999,13.724999999999998,
-11.962499999999999,13.7625,
-11.962499999999999,13.8,-3.3333333333333286
-11.962499999999999,13.837499999999999,-3.933333333333337
-11.962499999999999,13.875,-3.8033333333333132
-11.962499999999999,13.912499999999998,-2.6733333333333604
-11.962499999999999,13.95,-3.3500000000000085
-11.962499999999999,13.9875,-2.6666666666666714
-11.962499999999999,14.024999999999999,
-11.962499999999999,14.0625,
-11.962499999999999,14.099999999999998,
-11.962499999999999,14.1375,
-11.962499999999999,14.175,
-11.962499999999999,14.212499999999999,
-11.962499999999999,14.25,
-11.962499999999999,14.287499999999998,
-11.962499999999999,14.325,
-11.962499999999999,14.3625,
-11.962499999999999,14.399999999999999,
-11.962499999999999,14.4375,
-11.962499999999999,14.474999999999998,
-11.962499999999999,14.5125,
-11.962499999999999,14.55,
-11.962499999999999,14.587499999999999,
-11.962499999999999,14.625,
-11.962499999999999,14.662499999999998,
-11.962499999999999,14.7,
-11.962499999999999,14.7375,
-11.962499999999999,14.774999999999999,
-11.962499999999999,14.8125,
-11.962499999999999,14.849999999999998,
-11.962499999999999,14.8875,
-11.962499999999999,14.925,
-11.962499999999999,14.962499999999999,
-11.962499999999999,15.0,
-11.962499999999999,15.037499999999998,
-11.962499999999999,15.075,
-11.925,12.45,
-11.925,12.4875,
-11.925,12.524999999999999,
-11.925,12.5625,
-11.925,12.599999999999998,
-11.925,12.6375,
-11.925,12.675,
-11.925,12.712499999999999,
-11.925,12.75,
-11.925,12.787499999999998,
-11.925,12.825,
-11.925,12.8625,
-11.925,12.899999999999999,
-11.925,12.9375,
-11.925,12.974999999999998,
-11.925,13.0125,
-11.925,13.05,
-11.925,13.087499999999999,
-11.925,13.125,
-11.925,13.162499999999998,
-11.925,13.2,
-11.925,13.2375,
-11.925,13.274999999999999,
-11.925,13.3125,
-11.925,13.349999999999998,
-11.925,13.3875,-0.10999999999999943
-11.925,13.425,-2.240000000000009
-11.925,13.462499999999999,-2.6666666666666856
-11.925,13.5,-4.190000000000026
-11.925,13.537499999999998,
-11.925,13.575,
-11.925,13.6125,
-11.925,13.649999999999999,
-11.925,13.6875,
-11.925,13.724999999999998,
-11.925,13.7625,
-11.925,13.8,
-11.925,13.837499999999999,
-11.925,13.875,
-11.925,13.912499999999998,
-11.925,13.95,
-11.925,13.9875,
-11.925,14.024999999999999,
-11.925,14.0625,
-11.925,14.099999999999998,
-11.925,14.1375,
-11.925,14.175,
-11.925,14.212499999999999,
-11.925,14.25,
-11.925,14.287499999999998,
-11.925,14.325,
-11.925,14.3625,
-11.925,14.399999999999999,
-11.925,14.4375,
-11.925,14.474999999999998,
-11.925,14.5125,
-11.925,14.55,
-11.925,14.587499999999999,
-11.925,14.625,
-11.925,14.662499999999998,
-11.925,14.7,
-11.925,14.7375,
-11.925,14.774999999999999,
-11.925,14.8125,
-11.925,14.849999999999998,
-11.925,14.8875,
-11.925,14.925,
-11.925,14.962499999999999,
-11.925,15.0,
-11.925,15.037499999999998,
-11.925,15.075,
-11.8875,12.45,
-11.8875,12.4875,
-11.8875,12.524999999999999,
-11.8875,12.5625,
-11.8875,12.599999999999998,
-11.8875,12.6375,
-11.8875,12.675,
-11.8875,12.712499999999999,
-11.8875,12.75,
-11.8875,12.787499999999998,
-11.8875,12.825,
-11.8875,12.8625,
-11.8875,12.899999999999999,
-11.8875,12.9375,
-11.8875,12.974999999999998,
-11.8875,13.0125,
-11.8875,13.05,
-11.8875,13.087499999999999,
-11.8875,13.125,
-11.8875,13.162499999999998,
-11.8875,13.2,
-11.8875,13.2375,
-11.8875,13.274999999999999,
-11.8875,13.3125,
-11.8875,13.349999999999998,
-11.8875,13.3875,
-11.8875,13.425,-1.8833333333333542
-11.8875,13.462499999999999,-2.2766666666666566
-11.8875,13.5,
-11.8875,13.537499999999998,
-11.8875,13.575,
-11.8875,13.6125,
-11.8875,13.649999999999999,
-11.8875,13.6875,
-11.8875,13.724999999999998,
-11.8875,13.7625,
-11.8875,13.8,
-11.8875,13.837499999999999,
-11.8875,13.875,
-11.8875,13.912499999999998,
-11.8875,13.95,
-11.8875,13.9875,
-11.8875,14.024999999999999,
-11.8875,14.0625,
-11.8875,14.099999999999998,
-11.8875,14.1375,
-11.8875,14.175,
-11.8875,14.212499999999999,
-11.8875,14.25,
-11.8875,14.287499999999998,
-11.8875,14.325,
-11.8875,14.3625,
-11.8875,14.399999999999999,
-11.8875,14.4375,
-11.8875,14.474999999999998,
-11.8875,14.5125,
-11.8875,14.55,
-11.8875,14.587499999999999,
-11.8875,14.625,
-11.8875,14.662499999999998,
-11.8875,14.7,
-11.8875,14.7375,
-11.8875,14.774999999999999,
-11.8875,14.8125,
-11.8875,14.849999999999998,
-11.8875,14.8875,
-11.8875,14.925,
-11.8875,14.962499999999999,
-11.8875,15.0,
-11.8875,15.037499999999998,
-11.8875,15.075,
